1.000000 0.000000 0.000000 0.000000 -0.000000 1.000000 0.000000 0.000000 -0.000000 0.000000 1.000000 0.000000
0.999970 -0.001789 -0.007526 0.019732 0.001780 0.999998 -0.001194 -0.003636 0.007528 0.001180 0.999971 0.555510
0.999928 -0.000400 -0.012007 0.066338 0.000371 0.999997 -0.002401 -0.008528 0.012008 0.002397 0.999925 1.048355
0.999881 -0.000303 -0.015424 0.089903 0.000241 0.999992 -0.004072 -0.018150 0.015426 0.004068 0.999873 1.604283
0.999773 -0.000271 -0.021320 0.075885 0.000193 0.999993 -0.003653 -0.021121 0.021320 0.003648 0.999766 2.239219
0.999673 -0.000998 -0.025541 0.077370 0.000899 0.999992 -0.003878 -0.031611 0.025545 0.003853 0.999666 2.848347
0.999553 0.001448 -0.029878 0.059183 -0.001602 0.999986 -0.005130 -0.042741 0.029870 0.005176 0.999540 3.491340
0.999391 0.004740 -0.034573 0.026629 -0.004920 0.999975 -0.005103 -0.054789 0.034548 0.005270 0.999389 4.226786
0.999235 0.003858 -0.038926 -0.023149 -0.003979 0.999987 -0.003036 -0.066446 0.038914 0.003189 0.999237 4.996909
0.999029 0.002774 -0.043966 -0.067250 -0.002741 0.999996 0.000825 -0.070193 0.043968 -0.000704 0.999033 5.789320
0.998872 0.002921 -0.047401 -0.101418 -0.002832 0.999994 0.001947 -0.088688 0.047406 -0.001811 0.998874 6.627388
0.998830 0.004823 -0.048120 -0.133356 -0.004763 0.999988 0.001357 -0.101818 0.048126 -0.001126 0.998841 7.473780
0.998676 0.002047 -0.051403 -0.188115 -0.001999 0.999998 0.000982 -0.113166 0.051404 -0.000878 0.998678 8.318793
0.998602 -0.000223 -0.052857 -0.231875 0.000294 0.999999 0.001330 -0.123418 0.052856 -0.001344 0.998601 9.166951
0.998547 -0.000795 -0.053888 -0.278500 0.000925 0.999997 0.002382 -0.131341 0.053885 -0.002428 0.998544 10.021904
0.998479 -0.001558 -0.055117 -0.331249 0.001641 0.999998 0.001473 -0.142317 0.055115 -0.001561 0.998479 10.888487
0.998357 0.000912 -0.057286 -0.391313 -0.000977 0.999999 -0.001104 -0.155645 0.057285 0.001158 0.998357 11.749852
0.998223 0.001865 -0.059563 -0.446225 -0.002076 0.999992 -0.003484 -0.166268 0.059556 0.003602 0.998218 12.630902
0.998108 0.006574 -0.061125 -0.506624 -0.006854 0.999967 -0.004364 -0.177831 0.061095 0.004774 0.998121 13.519984
0.998104 0.006950 -0.061160 -0.573447 -0.007161 0.999969 -0.003236 -0.190389 0.061136 0.003668 0.998123 14.403502
0.997996 0.005686 -0.063014 -0.634115 -0.005790 0.999982 -0.001473 -0.208888 0.063005 0.001835 0.998012 15.304203
0.997915 0.006256 -0.064243 -0.685517 -0.006309 0.999980 -0.000619 -0.224437 0.064238 0.001023 0.997934 16.191477
0.997910 0.006496 -0.064284 -0.746814 -0.006527 0.999979 -0.000266 -0.238389 0.064281 0.000685 0.997932 17.110861
0.997783 0.004074 -0.066425 -0.820993 -0.004161 0.999991 -0.001165 -0.251032 0.066420 0.001438 0.997791 18.021380
0.997695 0.003368 -0.067770 -0.886962 -0.003440 0.999994 -0.000940 -0.264466 0.067766 0.001171 0.997701 18.948940
0.997671 0.004384 -0.068067 -0.943157 -0.004273 0.999989 0.001779 -0.277276 0.068074 -0.001484 0.997679 19.869932
0.997744 0.005830 -0.066882 -1.013150 -0.005461 0.999969 0.005697 -0.284842 0.066913 -0.005319 0.997745 20.808592
0.997762 0.006889 -0.066504 -1.087474 -0.006309 0.999940 0.008921 -0.291562 0.066562 -0.008481 0.997746 21.748490
0.997944 0.005598 -0.063854 -1.145030 -0.004858 0.999919 0.011731 -0.300388 0.063915 -0.011397 0.997890 22.697526
0.998014 0.004761 -0.062812 -1.214057 -0.004055 0.999927 0.011369 -0.306560 0.062861 -0.011092 0.997961 23.671998
0.998074 0.005486 -0.061787 -1.273507 -0.005017 0.999957 0.007740 -0.314767 0.061827 -0.007415 0.998059 24.625175
0.998167 0.005231 -0.060290 -1.330490 -0.004990 0.999979 0.004138 -0.315433 0.060311 -0.003829 0.998172 25.564528
0.998197 0.004333 -0.059865 -1.398993 -0.004207 0.999989 0.002234 -0.323390 0.059874 -0.001978 0.998204 26.515592
0.998278 0.003140 -0.058582 -1.457331 -0.002865 0.999984 0.004777 -0.332343 0.058596 -0.004601 0.998271 27.494046
0.998250 0.002227 -0.059093 -1.515362 -0.001633 0.999948 0.010085 -0.337893 0.059112 -0.009971 0.998202 28.469122
0.998157 -0.005762 -0.060416 -1.571860 0.006530 0.999900 0.012523 -0.350611 0.060338 -0.012895 0.998095 29.454616
0.998016 -0.012931 -0.061627 -1.622497 0.013581 0.999856 0.010149 -0.358228 0.061486 -0.010966 0.998048 30.431655
0.997948 -0.013973 -0.062480 -1.686790 0.014439 0.999871 0.007015 -0.359070 0.062374 -0.007903 0.998022 31.400563
0.997861 -0.012116 -0.064232 -1.751883 0.012411 0.999914 0.004185 -0.364976 0.064176 -0.004973 0.997926 32.382079
0.997748 -0.010830 -0.066197 -1.830338 0.011098 0.999932 0.003684 -0.372937 0.066153 -0.004410 0.997800 33.377350
0.997668 -0.009603 -0.067571 -1.894068 0.010070 0.999928 0.006564 -0.384719 0.067504 -0.007229 0.997693 34.388768
0.997690 -0.007007 -0.067568 -1.969148 0.007621 0.999932 0.008822 -0.390770 0.067501 -0.009317 0.997676 35.400057
0.997551 -0.006152 -0.069668 -2.050037 0.006897 0.999922 0.010457 -0.400192 0.069598 -0.010912 0.997515 36.408810
0.997521 -0.007929 -0.069922 -2.120247 0.008830 0.999882 0.012585 -0.407609 0.069814 -0.013171 0.997473 37.416674
0.997575 -0.003406 -0.069521 -2.197861 0.004599 0.999845 0.017010 -0.410668 0.069452 -0.017288 0.997435 38.409894
0.997565 0.001186 -0.069728 -2.280343 0.000067 0.999839 0.017962 -0.407624 0.069738 -0.017923 0.997404 39.406225
0.997486 -0.000748 -0.070866 -2.361052 0.001992 0.999845 0.017479 -0.411909 0.070842 -0.017576 0.997333 40.416154
0.997500 -0.000315 -0.070662 -2.441306 0.001413 0.999879 0.015500 -0.415866 0.070648 -0.015561 0.997380 41.410335
0.997547 0.004120 -0.069886 -2.517092 -0.003146 0.999897 0.014037 -0.416870 0.069936 -0.013782 0.997456 42.399053
0.997461 0.000656 -0.071218 -2.585962 0.000425 0.999885 0.015166 -0.420522 0.071220 -0.015158 0.997345 43.411158
0.997381 0.000080 -0.072325 -2.659512 0.001071 0.999874 0.015866 -0.423347 0.072317 -0.015902 0.997255 44.412382
0.997326 0.001664 -0.073057 -2.735368 -0.000448 0.999861 0.016655 -0.426775 0.073075 -0.016578 0.997189 45.404884
0.997335 0.003254 -0.072886 -2.819939 -0.002371 0.999923 0.012200 -0.440382 0.072920 -0.011994 0.997266 46.378124
0.997260 0.001395 -0.073967 -2.892531 -0.000705 0.999956 0.009351 -0.436989 0.073977 -0.009273 0.997217 47.323890
0.997212 0.004122 -0.074511 -2.972178 -0.003442 0.999951 0.009244 -0.444264 0.074545 -0.008961 0.997177 48.298684
0.997226 0.002775 -0.074384 -3.040788 -0.001718 0.999897 0.014278 -0.445515 0.074416 -0.014110 0.997127 49.261799
0.997168 0.000332 -0.075205 -3.122393 0.000871 0.999872 0.015952 -0.458851 0.075201 -0.015972 0.997040 50.241746
0.997207 -0.002190 -0.074656 -3.192279 0.003393 0.999866 0.015994 -0.461827 0.074611 -0.016203 0.997081 51.211357
0.997131 -0.006222 -0.075444 -3.263756 0.007379 0.999859 0.015067 -0.468420 0.075340 -0.015581 0.997036 52.165837
0.997020 -0.009750 -0.076530 -3.333808 0.010909 0.999832 0.014740 -0.476675 0.076373 -0.015531 0.996958 53.121308
0.997050 -0.009168 -0.076204 -3.401348 0.010499 0.999799 0.017078 -0.472166 0.076032 -0.017828 0.996946 54.075792
0.996934 -0.011153 -0.077449 -3.478460 0.012886 0.999677 0.021909 -0.470755 0.077180 -0.022840 0.996756 55.036544
0.996857 -0.011551 -0.078377 -3.555390 0.013625 0.999570 0.025982 -0.477421 0.078043 -0.026968 0.996585 55.992524
0.996784 -0.010755 -0.079406 -3.638859 0.012922 0.999557 0.026820 -0.469886 0.079082 -0.027760 0.996482 56.938961
0.996691 -0.011816 -0.080416 -3.726700 0.013581 0.999678 0.021440 -0.461589 0.080137 -0.022461 0.996531 57.893394
0.996584 -0.008416 -0.082159 -3.809054 0.009633 0.999850 0.014422 -0.457955 0.082026 -0.015164 0.996515 58.825120
0.996543 -0.006912 -0.082794 -3.893347 0.007948 0.999894 0.012185 -0.470783 0.082701 -0.012801 0.996492 59.735508
0.996516 0.000473 -0.083397 -3.981477 0.000645 0.999910 0.013379 -0.467601 0.083396 -0.013386 0.996427 60.658392
0.996392 0.003284 -0.084807 -4.063905 -0.001929 0.999869 0.016053 -0.477539 0.084849 -0.015832 0.996268 61.566315
0.996290 0.001268 -0.086056 -4.154300 0.000212 0.999852 0.017193 -0.488106 0.086065 -0.017148 0.996142 62.435977
0.996223 0.003524 -0.086755 -4.235180 -0.002035 0.999849 0.017246 -0.487286 0.086802 -0.017005 0.996080 63.275803
0.996088 0.005637 -0.088185 -4.310074 -0.004051 0.999827 0.018160 -0.490054 0.088272 -0.017732 0.995939 64.120032
0.995939 0.007197 -0.089739 -4.392558 -0.005532 0.999808 0.018790 -0.496572 0.089857 -0.018218 0.995788 64.964386
0.995820 0.004548 -0.091227 -4.469254 -0.002763 0.999802 0.019684 -0.504406 0.091299 -0.019349 0.995636 65.783797
0.995702 0.007598 -0.092307 -4.547057 -0.005679 0.999763 0.021032 -0.501917 0.092445 -0.020418 0.995508 66.587090
0.995554 0.011651 -0.093473 -4.635867 -0.009405 0.999657 0.024433 -0.499439 0.093726 -0.023445 0.995322 67.380850
0.995408 0.011688 -0.095011 -4.717072 -0.009123 0.999583 0.027384 -0.498167 0.095291 -0.026391 0.995100 68.163845
0.995240 0.014525 -0.096368 -4.801761 -0.011816 0.999520 0.028623 -0.497620 0.096737 -0.027349 0.994934 68.939551
0.995098 0.015304 -0.097700 -4.889362 -0.013043 0.999633 0.023742 -0.494808 0.098027 -0.022352 0.994933 69.688478
0.994916 0.014754 -0.099617 -4.977643 -0.013277 0.999792 0.015477 -0.500906 0.099825 -0.014076 0.994905 70.438631
0.994822 0.014237 -0.100630 -5.047438 -0.013113 0.999844 0.011826 -0.501172 0.100782 -0.010445 0.994854 71.137797
0.994777 0.016833 -0.100671 -5.125929 -0.015653 0.999799 0.012499 -0.499380 0.100861 -0.010858 0.994841 71.831311
0.994614 0.020321 -0.101638 -5.200885 -0.018726 0.999686 0.016627 -0.504401 0.101944 -0.014634 0.994683 72.499433
0.994525 0.017848 -0.102963 -5.267977 -0.016191 0.999726 0.016912 -0.519758 0.103237 -0.015152 0.994541 73.138421
0.994484 0.012615 -0.104123 -5.329680 -0.011362 0.999856 0.012619 -0.529752 0.104267 -0.011367 0.994484 73.760816
0.994673 0.004158 -0.102996 -5.375561 -0.003365 0.999963 0.007873 -0.538261 0.103025 -0.007485 0.994651 74.364653
0.994837 0.001220 -0.101476 -5.444410 -0.000816 0.999992 0.004027 -0.545323 0.101480 -0.003924 0.994830 74.951649
0.995153 0.008070 -0.098010 -5.506438 -0.007577 0.999957 0.005400 -0.546025 0.098050 -0.004631 0.995171 75.526921
0.995585 0.013067 -0.092954 -5.569544 -0.012332 0.999888 0.008482 -0.550895 0.093054 -0.007298 0.995634 76.095494
0.996016 0.007373 -0.088870 -5.617752 -0.006320 0.999906 0.012128 -0.561910 0.088951 -0.011518 0.995969 76.634367
0.996604 0.004934 -0.082191 -5.652786 -0.003558 0.999851 0.016874 -0.561166 0.082262 -0.016524 0.996474 77.158738
0.997362 0.001338 -0.072573 -5.677995 0.000059 0.999815 0.019250 -0.575742 0.072585 -0.019203 0.997177 77.685010
0.998179 0.005899 -0.060032 -5.706321 -0.004807 0.999821 0.018319 -0.581282 0.060130 -0.017997 0.998028 78.199490
0.998997 0.011987 -0.043139 -5.732715 -0.011193 0.999764 0.018615 -0.579777 0.043352 -0.018114 0.998896 78.695230
0.999586 0.015748 -0.024084 -5.749849 -0.015286 0.999698 0.019227 -0.577983 0.024379 -0.018851 0.999525 79.175633
0.999934 0.011500 -0.000607 -5.738861 -0.011486 0.999740 0.019687 -0.581901 0.000833 -0.019679 0.999806 79.654386
0.999598 0.007437 0.027367 -5.696437 -0.008011 0.999749 0.020916 -0.581494 -0.027205 -0.021127 0.999407 80.115052
0.998262 0.008171 0.058357 -5.641126 -0.009509 0.999698 0.022679 -0.585229 -0.058154 -0.023194 0.998038 80.578893
0.995629 0.006533 0.093163 -5.578069 -0.008830 0.999666 0.024271 -0.584008 -0.092973 -0.024988 0.995355 81.014962
0.991032 0.006669 0.133455 -5.496068 -0.010005 0.999654 0.024340 -0.585749 -0.133246 -0.025457 0.990756 81.459321
0.984317 0.005702 0.176316 -5.405913 -0.010232 0.999640 0.024794 -0.582343 -0.176111 -0.026209 0.984021 81.871784
0.974972 0.004605 0.222279 -5.292353 -0.010323 0.999645 0.024573 -0.581146 -0.222087 -0.026253 0.974673 82.285338
0.962041 0.006782 0.272822 -5.152726 -0.013167 0.999680 0.021577 -0.585979 -0.272588 -0.024350 0.961823 82.694317
0.944976 0.007188 0.327061 -4.977157 -0.014183 0.999719 0.019006 -0.590027 -0.326833 -0.022599 0.944812 83.073573
0.923596 0.007105 0.383301 -4.781810 -0.014825 0.999742 0.017192 -0.588681 -0.383080 -0.021561 0.923464 83.449056
0.897622 0.007603 0.440700 -4.571547 -0.015949 0.999757 0.015239 -0.585140 -0.440477 -0.020708 0.897525 83.792637
0.867279 0.005990 0.497786 -4.340112 -0.014182 0.999819 0.012677 -0.582493 -0.497620 -0.018054 0.867207 84.113371
0.832717 0.004098 0.553683 -4.078194 -0.012374 0.999861 0.011210 -0.589864 -0.553560 -0.016186 0.832652 84.402708
0.794979 0.003565 0.606626 -3.809256 -0.012390 0.999870 0.010362 -0.594153 -0.606510 -0.015754 0.794919 84.681783
0.753890 0.002162 0.656997 -3.515546 -0.013136 0.999844 0.011782 -0.600538 -0.656870 -0.017513 0.753801 84.935638
0.710274 0.001507 0.703923 -3.219117 -0.014840 0.999808 0.012834 -0.602346 -0.703769 -0.019562 0.710160 85.171326
0.664760 0.000105 0.747057 -2.912314 -0.013713 0.999833 0.012062 -0.604341 -0.746932 -0.018263 0.664650 85.387539
0.618327 -0.003056 0.785915 -2.587615 -0.008851 0.999902 0.010852 -0.608991 -0.785872 -0.013667 0.618239 85.583332
0.572468 -0.004043 0.819917 -2.255997 -0.006276 0.999937 0.009312 -0.615150 -0.819903 -0.010477 0.572407 85.761793
0.525114 -0.001700 0.851030 -1.918595 -0.010166 0.999914 0.008271 -0.620300 -0.850971 -0.012995 0.525052 85.921598
0.478495 0.000589 0.878090 -1.587039 -0.013554 0.999886 0.006715 -0.626362 -0.877986 -0.015115 0.478448 86.061540
0.434208 0.002180 0.900810 -1.247776 -0.013602 0.999899 0.004136 -0.630458 -0.900710 -0.014049 0.434194 86.203215
0.393478 -0.003195 0.919328 -0.895273 -0.001558 0.999990 0.004142 -0.634844 -0.919333 -0.003062 0.393469 86.318195
0.355704 -0.010604 0.934538 -0.527716 0.011290 0.999911 0.007048 -0.637488 -0.934531 0.008044 0.355792 86.395527
0.320746 -0.011644 0.947093 -0.148084 0.011457 0.999899 0.008413 -0.632025 -0.947096 0.008153 0.320847 86.466221
0.287883 -0.005648 0.957649 0.222490 0.004430 0.999980 0.004566 -0.639978 -0.957655 0.002928 0.287903 86.554138
0.257900 0.000908 0.966171 0.588638 -0.006402 0.999979 0.000769 -0.646774 -0.966151 -0.006384 0.257900 86.649735
0.231109 0.004183 0.972919 0.972714 -0.008017 0.999965 -0.002395 -0.668234 -0.972895 -0.007247 0.231134 86.740262
0.206381 0.005583 0.978456 1.364765 -0.004520 0.999978 -0.004752 -0.679699 -0.978461 -0.003442 0.206402 86.812323
0.184722 0.007897 0.982759 1.761776 0.004323 0.999952 -0.008847 -0.685043 -0.982781 0.005882 0.184679 86.865505
0.164398 0.016116 0.986262 2.186240 0.009645 0.999792 -0.017945 -0.682603 -0.986347 0.012463 0.164208 86.901570
0.144849 0.020033 0.989251 2.614532 0.009893 0.999716 -0.021694 -0.676072 -0.989404 0.012929 0.144610 86.933522
0.128409 0.017908 0.991559 3.051335 0.004379 0.999817 -0.018625 -0.680040 -0.991712 0.006734 0.128307 86.985447
0.113298 0.014444 0.993456 3.516261 0.003460 0.999883 -0.014932 -0.709978 -0.993555 0.005129 0.113235 87.040331
0.099623 0.011291 0.994961 3.999325 0.005900 0.999911 -0.011938 -0.733548 -0.995008 0.007059 0.099548 87.094371
0.086930 0.009088 0.996173 4.484509 0.007907 0.999921 -0.009812 -0.739571 -0.996183 0.008730 0.086851 87.122372
0.076214 0.008256 0.997057 4.979127 0.013326 0.999868 -0.009298 -0.747643 -0.997003 0.013996 0.076094 87.154237
0.067426 0.009319 0.997681 5.493103 0.015595 0.999824 -0.010393 -0.762204 -0.997603 0.016259 0.067269 87.188762
0.060122 0.009525 0.998145 6.029156 0.017306 0.999794 -0.010583 -0.771705 -0.998041 0.017910 0.059945 87.203193
0.054363 0.009627 0.998475 6.590688 0.018659 0.999769 -0.010655 -0.779212 -0.998347 0.019210 0.054171 87.217861
0.048623 0.010978 0.998757 7.171975 0.019627 0.999736 -0.011944 -0.794934 -0.998625 0.020183 0.048395 87.248358
0.043281 0.011049 0.999002 7.757535 0.020385 0.999721 -0.011940 -0.799982 -0.998855 0.020881 0.043044 87.275525
0.039266 0.011240 0.999165 8.369522 0.022810 0.999666 -0.012142 -0.818472 -0.998969 0.023267 0.038996 87.290096
0.036171 0.010492 0.999290 9.003052 0.025432 0.999611 -0.011416 -0.833569 -0.999022 0.025827 0.035890 87.309855
0.033703 0.010111 0.999381 9.642741 0.025571 0.999613 -0.010976 -0.846557 -0.999105 0.025925 0.033431 87.328191
0.031698 0.009486 0.999452 10.297056 0.030126 0.999492 -0.010442 -0.855675 -0.999044 0.030441 0.031396 87.346123
0.031914 0.008535 0.999454 10.998530 0.032669 0.999420 -0.009577 -0.865530 -0.998957 0.032957 0.031617 87.366977
0.033280 0.008694 0.999408 11.692039 0.036996 0.999266 -0.009924 -0.887241 -0.998761 0.037304 0.032934 87.381302
0.036403 0.008128 0.999304 12.406198 0.038482 0.999214 -0.009529 -0.900790 -0.998596 0.038802 0.036061 87.403271
0.040435 0.007890 0.999151 13.141359 0.040523 0.999133 -0.009530 -0.911762 -0.998360 0.040874 0.040080 87.435878
0.045089 0.006815 0.998960 13.883915 0.041815 0.999087 -0.008704 -0.922085 -0.998108 0.042164 0.044763 87.476288
0.049064 0.005372 0.998781 14.646873 0.041591 0.999107 -0.007416 -0.936782 -0.997929 0.041904 0.048797 87.515736
0.053102 0.003126 0.998584 15.422348 0.041677 0.999117 -0.005344 -0.951191 -0.997719 0.041902 0.052924 87.554857
0.056986 0.001725 0.998373 16.232802 0.037445 0.999291 -0.003863 -0.962184 -0.997673 0.037604 0.056881 87.600964
0.061126 0.000330 0.998130 17.047939 0.037499 0.999293 -0.002627 -0.971312 -0.997426 0.037589 0.061070 87.661235
0.065300 0.001585 0.997864 17.869847 0.034996 0.999380 -0.003877 -0.985372 -0.997252 0.035174 0.065204 87.723291
0.067543 0.005853 0.997699 18.676215 0.031517 0.999471 -0.007997 -1.004074 -0.997219 0.031985 0.067323 87.790757
0.067919 0.011249 0.997627 19.497423 0.027653 0.999531 -0.013153 -1.022014 -0.997308 0.028481 0.067576 87.856711
0.067996 0.013387 0.997596 20.319228 0.023621 0.999608 -0.015024 -1.043516 -0.997406 0.024585 0.067653 87.923002
0.067793 0.012245 0.997624 21.149697 0.020889 0.999688 -0.013690 -1.067777 -0.997481 0.021767 0.067516 87.983150
0.068386 0.010483 0.997604 21.977184 0.019927 0.999731 -0.011871 -1.094617 -0.997460 0.020691 0.068158 88.042147
0.067928 0.008386 0.997655 22.806469 0.021483 0.999721 -0.009866 -1.121044 -0.997459 0.022102 0.067729 88.104601
0.068254 0.008360 0.997633 23.628103 0.017955 0.999793 -0.009607 -1.144109 -0.997507 0.018568 0.068090 88.161248
0.068685 0.008449 0.997602 24.448904 0.015500 0.999834 -0.009535 -1.166009 -0.997518 0.016118 0.068543 88.227380
0.068784 0.009191 0.997589 25.254203 0.013824 0.999853 -0.010165 -1.192631 -0.997536 0.014490 0.068646 88.285378
0.066891 0.009680 0.997713 26.064553 0.010965 0.999885 -0.010436 -1.213835 -0.997700 0.011638 0.066777 88.349489
0.063380 0.009127 0.997948 26.887270 0.006522 0.999933 -0.009559 -1.234104 -0.997968 0.007114 0.063316 88.416031
0.059409 0.007768 0.998203 27.701500 0.004101 0.999959 -0.008025 -1.258504 -0.998226 0.004570 0.059374 88.472418
0.053876 0.004434 0.998538 28.519650 0.003385 0.999984 -0.004623 -1.280546 -0.998542 0.003629 0.053860 88.527911
0.046823 0.003429 0.998897 29.325513 0.000455 0.999994 -0.003454 -1.303721 -0.998903 0.000617 0.046821 88.573210
0.039310 0.003541 0.999221 30.132286 0.001535 0.999992 -0.003604 -1.328620 -0.999226 0.001675 0.039304 88.612408
0.029828 0.004608 0.999544 30.946625 0.001372 0.999988 -0.004651 -1.345438 -0.999554 0.001510 0.029822 88.641683
0.019317 0.004632 0.999802 31.744909 0.001051 0.999989 -0.004653 -1.363235 -0.999813 0.001141 0.019312 88.649441
0.008805 0.003442 0.999955 32.555678 0.001113 0.999993 -0.003451 -1.382128 -0.999961 0.001143 0.008801 88.651451
-0.002382 0.002627 0.999994 33.357477 -0.001167 0.999996 -0.002630 -1.399280 -0.999997 -0.001173 -0.002379 88.658540
-0.013022 0.001948 0.999913 34.140516 0.002036 0.999996 -0.001922 -1.423506 -0.999913 0.002011 -0.013026 88.646034
-0.024604 0.002046 0.999695 34.927978 0.002453 0.999995 -0.001986 -1.440836 -0.999694 0.002404 -0.024609 88.624516
-0.034875 0.003064 0.999387 35.718239 0.000692 0.999995 -0.003042 -1.461120 -0.999392 0.000585 -0.034877 88.603530
-0.046529 0.003812 0.998909 36.492388 0.002272 0.999991 -0.003710 -1.476904 -0.998915 0.002097 -0.046537 88.562961
-0.055517 0.004349 0.998448 37.257123 0.003137 0.999986 -0.004181 -1.491183 -0.998453 0.002900 -0.055529 88.525765
-0.064957 0.004961 0.997876 38.006829 0.003977 0.999981 -0.004712 -1.514306 -0.997880 0.003663 -0.064975 88.480129
-0.074855 0.005327 0.997180 38.763332 0.003732 0.999980 -0.005062 -1.532380 -0.997188 0.003343 -0.074874 88.415374
-0.084139 0.005262 0.996440 39.521647 0.003695 0.999981 -0.004968 -1.546094 -0.996447 0.003264 -0.084157 88.341917
-0.092774 0.004786 0.995676 40.244142 0.006465 0.999970 -0.004204 -1.567333 -0.995666 0.006047 -0.092802 88.281710
-0.097932 0.003192 0.995188 40.977938 0.007448 0.999969 -0.002475 -1.587582 -0.995165 0.007170 -0.097953 88.212857
-0.103341 0.001159 0.994645 41.694906 0.012208 0.999925 0.000104 -1.601043 -0.994571 0.012153 -0.103348 88.132556
-0.106317 0.000259 0.994332 42.411633 0.014910 0.999888 0.001334 -1.621173 -0.994221 0.014967 -0.106309 88.050165
-0.108724 -0.000653 0.994072 43.100979 0.017470 0.999844 0.002568 -1.638156 -0.993919 0.017646 -0.108696 87.970576
-0.110093 -0.001995 0.993919 43.783649 0.014107 0.999894 0.003569 -1.647839 -0.993821 0.014414 -0.110053 87.892482
-0.110304 -0.000761 0.993897 44.451208 0.018331 0.999828 0.002799 -1.661994 -0.993729 0.018528 -0.110271 87.820169
-0.108761 0.000156 0.994068 45.108579 0.019605 0.999806 0.001988 -1.673992 -0.993875 0.019705 -0.108743 87.749741
-0.105255 0.001140 0.994444 45.731050 0.019961 0.999800 0.000966 -1.687763 -0.994245 0.019952 -0.105257 87.687317
-0.098240 0.001679 0.995161 46.349922 0.018191 0.999835 0.000109 -1.701336 -0.994997 0.018114 -0.098254 87.624745
-0.089528 0.002844 0.995980 46.959867 0.019255 0.999814 -0.001124 -1.718329 -0.995798 0.019077 -0.089566 87.578915
-0.077023 0.001829 0.997027 47.554409 0.017112 0.999853 -0.000512 -1.729349 -0.996883 0.017022 -0.077043 87.542908
-0.062504 0.002503 0.998041 48.122914 0.016658 0.999860 -0.001465 -1.743507 -0.997906 0.016533 -0.062537 87.512252
-0.043835 0.004574 0.999028 48.669844 0.016044 0.999864 -0.003874 -1.760526 -0.998910 0.015859 -0.043903 87.505480
-0.021883 0.006691 0.999738 49.171569 0.014651 0.999872 -0.006371 -1.772558 -0.999653 0.014508 -0.021979 87.510128
0.004985 0.009219 0.999945 49.682085 0.012410 0.999880 -0.009280 -1.789770 -0.999911 0.012456 0.004870 87.534019
0.035316 0.009405 0.999332 50.198437 0.012265 0.999876 -0.009844 -1.804678 -0.999301 0.012604 0.035196 87.572902
0.070650 0.009359 0.997457 50.717897 0.008852 0.999911 -0.010009 -1.816197 -0.997462 0.009537 0.070561 87.627727
0.110995 0.006384 0.993800 51.242170 0.007980 0.999941 -0.007314 -1.828085 -0.993789 0.008742 0.110937 87.710166
0.154495 0.002775 0.987990 51.754270 0.007131 0.999967 -0.003924 -1.841140 -0.987968 0.007651 0.154470 87.820688
0.200173 -0.001808 0.979759 52.263488 0.002801 0.999995 0.001273 -1.854043 -0.979757 0.002489 0.200177 87.956339
0.249512 -0.003755 0.968364 52.763688 -0.000547 0.999992 0.004019 -1.863507 -0.968372 -0.001532 0.249508 88.119604
0.301552 -0.005414 0.953434 53.221024 -0.002229 0.999977 0.006383 -1.869642 -0.953447 -0.004050 0.301533 88.302623
0.357939 -0.005117 0.933731 53.657386 -0.001793 0.999979 0.006167 -1.869224 -0.933744 -0.003882 0.357922 88.519205
0.416128 -0.004296 0.909296 54.079130 0.002078 0.999991 0.003773 -1.883593 -0.909304 0.000320 0.416133 88.752847
0.475626 -0.000194 0.879647 54.480686 0.003341 0.999993 -0.001585 -1.897696 -0.879641 0.003693 0.475623 89.001485
0.534195 0.002436 0.845357 54.861588 0.005666 0.999963 -0.006462 -1.908961 -0.845342 0.008242 0.534162 89.300344
0.591351 0.008828 0.806366 55.215480 0.000288 0.999938 -0.011158 -1.909359 -0.806415 0.006831 0.591311 89.624306
0.645461 0.010129 0.763726 55.537941 -0.001499 0.999927 -0.011995 -1.914388 -0.763792 0.006597 0.645429 89.964511
0.698106 0.010931 0.715911 55.846607 -0.001354 0.999902 -0.013947 -1.927569 -0.715993 0.008767 0.698052 90.325935
0.744286 0.007200 0.667822 56.131104 0.000056 0.999941 -0.010843 -1.936069 -0.667861 0.008107 0.744242 90.711895
0.788109 0.004574 0.615519 56.388526 -0.002025 0.999986 -0.004839 -1.947492 -0.615533 0.002567 0.788107 91.118466
0.827328 -0.001412 0.561717 56.626024 -0.000074 0.999997 0.002622 -1.955997 -0.561719 -0.002211 0.827325 91.517285
0.860451 -0.002116 0.509529 56.832943 -0.002258 0.999966 0.007964 -1.960898 -0.509528 -0.008003 0.860417 91.942117
0.890026 -0.006195 0.455868 57.001672 -0.001288 0.999870 0.016103 -1.960626 -0.455908 -0.014920 0.889902 92.385849
0.914175 -0.003076 0.405308 57.153094 -0.005432 0.999788 0.019840 -1.962204 -0.405283 -0.020338 0.913965 92.831323
0.931905 -0.000096 0.362703 57.287250 -0.008697 0.999707 0.022610 -1.972578 -0.362599 -0.024225 0.931630 93.294769
0.945607 0.006631 0.325244 57.403668 -0.014655 0.999646 0.022225 -1.970036 -0.324981 -0.025783 0.945369 93.762688
0.956566 0.010532 0.291326 57.507139 -0.018014 0.999573 0.023014 -1.956124 -0.290959 -0.027263 0.956347 94.239212
0.964985 0.007621 0.262193 57.605662 -0.014023 0.999647 0.022554 -1.951946 -0.261929 -0.025441 0.964752 94.713698
0.969682 0.003613 0.244342 57.727074 -0.009482 0.999694 0.022845 -1.950765 -0.244184 -0.024469 0.969420 95.181710
0.973140 0.001363 0.230209 57.837561 -0.006857 0.999710 0.023067 -1.952162 -0.230111 -0.024026 0.972868 95.664455
0.975802 0.007847 0.218514 57.929381 -0.013164 0.999651 0.022891 -1.945309 -0.218258 -0.025213 0.975565 96.170822
0.977402 0.012099 0.211041 58.019272 -0.017402 0.999577 0.023290 -1.935973 -0.210670 -0.026436 0.977200 96.686058
0.978125 0.021744 0.206880 58.105058 -0.026450 0.999450 0.020007 -1.930827 -0.206332 -0.025042 0.978162 97.192208
0.978712 0.025398 0.203662 58.195161 -0.029589 0.999408 0.017558 -1.930979 -0.203096 -0.023211 0.978884 97.715126
0.978513 0.025563 0.204596 58.311195 -0.029324 0.999452 0.015371 -1.929909 -0.204091 -0.021041 0.978726 98.247653
0.977534 0.022265 0.209600 58.419654 -0.025000 0.999633 0.010406 -1.933214 -0.209292 -0.015412 0.977732 98.782502
0.977055 0.021399 0.211907 58.550488 -0.022496 0.999743 0.002768 -1.934720 -0.211794 -0.007472 0.977286 99.328584
0.975825 0.024255 0.217204 58.686631 -0.025177 0.999682 0.001478 -1.926366 -0.217099 -0.006910 0.976125 99.902030
0.974632 0.030097 0.221780 58.811433 -0.031745 0.999489 0.003870 -1.926559 -0.221551 -0.010812 0.975089 100.487156
0.973308 0.031246 0.227364 58.942652 -0.034011 0.999387 0.008252 -1.930808 -0.226967 -0.015765 0.973775 101.085837
0.972302 0.026128 0.232264 59.082966 -0.030054 0.999459 0.013380 -1.932446 -0.231789 -0.019990 0.972561 101.699943
0.971442 0.022457 0.236213 59.240358 -0.027793 0.999428 0.019287 -1.928245 -0.235645 -0.025302 0.971510 102.329872
0.970966 0.020753 0.238314 59.405891 -0.026871 0.999387 0.022452 -1.934599 -0.237702 -0.028204 0.970929 102.962006
0.970145 0.013388 0.242155 59.567544 -0.019230 0.999578 0.021780 -1.933796 -0.241761 -0.025787 0.969993 103.599685
0.970596 0.009489 0.240528 59.731196 -0.014335 0.999728 0.018405 -1.927406 -0.240288 -0.021312 0.970468 104.251983
0.970306 0.011877 0.241590 59.900493 -0.014423 0.999858 0.008771 -1.933020 -0.241451 -0.011995 0.970339 104.906675
0.970582 0.013939 0.240366 60.057918 -0.015436 0.999871 0.004349 -1.926585 -0.240274 -0.007931 0.970673 105.570050
0.971146 0.015788 0.237961 60.203834 -0.017041 0.999850 0.003207 -1.929461 -0.237875 -0.007170 0.971269 106.253113
0.971983 0.013402 0.234669 60.366736 -0.016366 0.999809 0.010687 -1.916550 -0.234481 -0.014228 0.972017 106.959066
0.972313 0.009595 0.233486 60.545954 -0.014343 0.999723 0.018647 -1.917192 -0.233242 -0.021480 0.972181 107.662716
0.972753 0.012810 0.231490 60.708778 -0.018185 0.999612 0.021097 -1.926354 -0.231130 -0.024732 0.972609 108.382261
0.973260 0.014182 0.229269 60.875664 -0.018993 0.999643 0.018791 -1.932185 -0.228920 -0.022643 0.973182 109.124949
0.973941 0.018820 0.226021 61.023317 -0.022456 0.999656 0.013527 -1.928998 -0.225689 -0.018250 0.974028 109.863877
0.974842 0.020089 0.221989 61.192300 -0.022526 0.999711 0.008454 -1.923456 -0.221755 -0.013242 0.975012 110.616842
0.975620 0.017719 0.218749 61.368129 -0.019943 0.999769 0.007965 -1.915949 -0.218558 -0.012133 0.975749 111.376131
0.976466 0.016750 0.215019 61.534937 -0.019443 0.999757 0.010419 -1.912502 -0.214792 -0.014354 0.976554 112.148554
0.977491 0.011070 0.210688 61.702180 -0.013983 0.999826 0.012341 -1.924454 -0.210515 -0.015009 0.977475 112.936084
0.977656 0.011093 0.209919 61.884756 -0.014578 0.999780 0.015064 -1.919208 -0.209706 -0.017787 0.977603 113.734489
0.978081 0.006057 0.208135 62.055056 -0.009758 0.999812 0.016757 -1.919437 -0.207994 -0.018421 0.977957 114.552294
0.977647 0.002004 0.210243 62.233792 -0.006050 0.999809 0.018603 -1.917532 -0.210166 -0.019459 0.977472 115.355541
0.977982 0.005722 0.208612 62.396381 -0.009893 0.999771 0.018952 -1.915953 -0.208456 -0.020598 0.977815 116.159497
0.977640 0.010817 0.210006 62.554491 -0.014517 0.999765 0.016083 -1.919434 -0.209783 -0.018772 0.977568 116.978892
0.977483 0.017945 0.210251 62.712216 -0.021201 0.999688 0.013242 -1.912839 -0.209948 -0.017401 0.977558 117.811849
0.976706 0.027372 0.212829 62.887491 -0.030784 0.999445 0.012733 -1.912295 -0.212363 -0.018988 0.977006 118.647661
0.976000 0.032689 0.215304 63.064714 -0.036806 0.999208 0.015142 -1.905785 -0.214639 -0.022703 0.976430 119.474075
0.975651 0.032177 0.216957 63.237956 -0.036518 0.999204 0.016028 -1.910945 -0.216268 -0.023560 0.976050 120.316665
0.974746 0.033531 0.220783 63.424924 -0.037658 0.999185 0.014510 -1.904484 -0.220117 -0.022458 0.975215 121.164460
0.974645 0.029424 0.221812 63.600302 -0.033317 0.999349 0.013828 -1.904296 -0.221261 -0.020868 0.974991 122.007080
0.974937 0.023728 0.221211 63.801924 -0.027384 0.999534 0.013474 -1.911910 -0.220788 -0.019194 0.975133 122.848870
0.974518 0.016102 0.223729 64.011174 -0.019692 0.999710 0.013825 -1.918259 -0.223442 -0.017879 0.974553 123.686934
0.974491 0.015207 0.223912 64.205040 -0.018818 0.999725 0.014003 -1.922647 -0.223637 -0.017860 0.974509 124.527843
0.973684 0.022068 0.226833 64.394059 -0.026805 0.999482 0.017824 -1.924715 -0.226322 -0.023435 0.973771 125.364872
0.973580 0.023154 0.227170 64.569082 -0.029574 0.999252 0.024897 -1.918536 -0.226424 -0.030958 0.973537 126.194288
0.973407 0.028141 0.227345 64.753205 -0.034779 0.999076 0.025243 -1.917043 -0.226425 -0.032478 0.973487 127.032623
0.972956 0.025480 0.229582 64.937850 -0.029521 0.999464 0.014182 -1.923766 -0.229097 -0.020576 0.973186 127.869032
0.973065 0.019502 0.229703 65.128355 -0.019909 0.999802 -0.000545 -1.925432 -0.229668 -0.004043 0.973261 128.665661
0.973694 0.015844 0.227306 65.323499 -0.016031 0.999871 -0.001024 -1.932126 -0.227293 -0.002647 0.973823 129.457908
0.973838 0.014246 0.226796 65.532869 -0.018036 0.999730 0.014650 -1.932032 -0.226527 -0.018357 0.973832 130.296514
0.974184 0.006629 0.225660 65.726750 -0.015269 0.999215 0.036560 -1.935172 -0.225240 -0.039062 0.973520 131.150793
0.974036 0.005473 0.226325 65.915864 -0.015747 0.998924 0.043614 -1.946516 -0.225843 -0.046045 0.973075 131.994032
0.974567 0.011503 0.223801 66.091073 -0.018701 0.999373 0.030070 -1.936311 -0.223315 -0.033490 0.974171 132.812061
0.974674 0.021121 0.222632 66.266776 -0.025350 0.999548 0.016157 -1.920157 -0.222190 -0.021392 0.974769 133.625426
0.975119 0.017988 0.220951 66.436940 -0.021035 0.999713 0.011449 -1.904386 -0.220681 -0.015812 0.975218 134.424454
0.975624 0.014728 0.218955 66.618468 -0.018137 0.999743 0.013565 -1.912557 -0.218699 -0.017205 0.975641 135.221478
0.976361 0.014005 0.215691 66.790944 -0.017603 0.999736 0.014772 -1.928524 -0.215427 -0.018220 0.976350 136.031252
0.977567 0.011684 0.210298 66.966589 -0.014745 0.999807 0.012994 -1.928719 -0.210106 -0.015803 0.977551 136.844726
0.978081 0.014484 0.207721 67.136127 -0.017404 0.999774 0.012235 -1.924135 -0.207497 -0.015582 0.978112 137.664187
0.978431 0.021472 0.205456 67.288336 -0.024331 0.999639 0.011400 -1.936213 -0.205138 -0.016153 0.978600 138.468151
0.978712 0.026366 0.203536 67.429077 -0.029398 0.999497 0.011889 -1.935374 -0.203120 -0.017620 0.978995 139.266840
0.979141 0.027906 0.201254 67.574460 -0.031848 0.999359 0.016375 -1.938100 -0.200668 -0.022443 0.979402 140.061216
0.979634 0.022880 0.199485 67.735949 -0.027420 0.999423 0.020024 -1.935063 -0.198912 -0.025087 0.979696 140.863860
0.979939 0.021761 0.198105 67.901177 -0.025840 0.999503 0.018030 -1.949842 -0.197614 -0.022788 0.980015 141.660051
0.980641 0.017425 0.195039 68.058005 -0.020779 0.999669 0.015161 -1.956134 -0.194711 -0.018920 0.980678 142.454946
0.981883 0.011855 0.189116 68.211091 -0.014319 0.999829 0.011668 -1.956822 -0.188946 -0.014165 0.981885 143.244928
0.983219 0.012555 0.181998 68.359291 -0.015198 0.999798 0.013138 -1.951682 -0.181796 -0.015683 0.983211 144.042476
0.984118 0.012060 0.177107 68.495595 -0.015904 0.999667 0.020306 -1.939931 -0.176804 -0.022800 0.983982 144.835758
0.985213 0.006596 0.171209 68.627652 -0.012062 0.999450 0.030904 -1.943422 -0.170911 -0.032513 0.984750 145.622908
0.985807 0.007651 0.167710 68.759207 -0.014231 0.999174 0.038073 -1.944336 -0.167280 -0.039920 0.985101 146.422982
0.986376 0.013486 0.163952 68.877209 -0.019884 0.999101 0.037448 -1.933747 -0.163300 -0.040197 0.985757 147.226309
0.987361 0.015575 0.157721 68.988696 -0.020494 0.999351 0.029611 -1.915988 -0.157158 -0.032469 0.987040 148.025483
0.988613 0.014100 0.149818 69.095877 -0.017350 0.999641 0.020402 -1.912388 -0.149477 -0.022769 0.988503 148.797969
0.989520 0.010142 0.144037 69.218989 -0.012853 0.999757 0.017904 -1.898180 -0.143820 -0.019567 0.989410 149.591045
0.990551 0.013007 0.136527 69.327761 -0.015922 0.999668 0.020279 -1.892700 -0.136218 -0.022261 0.990429 150.395093
0.991256 0.020885 0.130286 69.422535 -0.024120 0.999438 0.023297 -1.883672 -0.129726 -0.026236 0.991203 151.206848
0.992288 0.024121 0.121585 69.503160 -0.026680 0.999455 0.019462 -1.888628 -0.121049 -0.022556 0.992390 152.017568
0.993513 0.024715 0.111002 69.568804 -0.026429 0.999553 0.014003 -1.889966 -0.110607 -0.016846 0.993721 152.820451
0.994442 0.024867 0.102308 69.656786 -0.026425 0.999554 0.013901 -1.881906 -0.101916 -0.016527 0.994656 153.636086
0.995069 0.027273 0.095366 69.730207 -0.029108 0.999416 0.017912 -1.873301 -0.094822 -0.020599 0.995281 154.472236
0.995830 0.028418 0.086686 69.783535 -0.030834 0.999169 0.026656 -1.870567 -0.085856 -0.029218 0.995879 155.295797
0.996405 0.031759 0.078537 69.832388 -0.034173 0.998978 0.029592 -1.873872 -0.077517 -0.032169 0.996472 156.122492
0.997018 0.029526 0.071293 69.883072 -0.032010 0.998911 0.033957 -1.854843 -0.070213 -0.036138 0.996877 156.959965
0.997292 0.031905 0.066258 69.933102 -0.034231 0.998826 0.034275 -1.841427 -0.065086 -0.036451 0.997214 157.788010
0.997557 0.031386 0.062417 69.980581 -0.033412 0.998939 0.031692 -1.830313 -0.061356 -0.033700 0.997547 158.624792
0.997617 0.037228 0.058085 70.012675 -0.038777 0.998915 0.025774 -1.824030 -0.057063 -0.027965 0.997979 159.441237
0.997533 0.043911 0.054768 70.036646 -0.045028 0.998799 0.019339 -1.816913 -0.053853 -0.021757 0.998312 160.262319
0.997860 0.040406 0.051401 70.064665 -0.041520 0.998922 0.020777 -1.812011 -0.050506 -0.022867 0.998462 161.081753
0.997704 0.047033 0.048733 70.095807 -0.048469 0.998412 0.028716 -1.796697 -0.047305 -0.031012 0.998399 161.903198
0.997850 0.046064 0.046616 70.124330 -0.047942 0.998048 0.040011 -1.787646 -0.044682 -0.042160 0.998111 162.736113
0.997933 0.048744 0.041883 70.143257 -0.050585 0.997747 0.044076 -1.777838 -0.039640 -0.046104 0.998150 163.570722
0.998513 0.040091 0.036928 70.172862 -0.041412 0.998503 0.035743 -1.768194 -0.035440 -0.037219 0.998678 164.380990
0.999134 0.027884 0.030881 70.208412 -0.028753 0.999193 0.028051 -1.752457 -0.030074 -0.028915 0.999129 165.206701
0.999328 0.026805 0.024986 70.243353 -0.027458 0.999280 0.026201 -1.730329 -0.024266 -0.026869 0.999344 166.031511
0.999232 0.035043 0.017557 70.243334 -0.035570 0.998896 0.030683 -1.715392 -0.016463 -0.031284 0.999375 166.856555
0.999555 0.028531 0.008675 70.232269 -0.028825 0.998939 0.035925 -1.701678 -0.007641 -0.036159 0.999317 167.683964
0.999770 0.021318 0.002237 70.240602 -0.021390 0.998994 0.039407 -1.695767 -0.001394 -0.039446 0.999221 168.512022
0.999905 0.013309 -0.003562 70.242756 -0.013148 0.999032 0.041978 -1.672642 0.004118 -0.041927 0.999112 169.349637
0.999885 0.011943 -0.009327 70.231382 -0.011556 0.999113 0.040495 -1.661575 0.009802 -0.040383 0.999136 170.179092
0.999841 0.007381 -0.016240 70.215557 -0.006873 0.999492 0.031117 -1.655995 0.016461 -0.031001 0.999384 171.010596
0.999685 -0.006368 -0.024269 70.199784 0.006889 0.999746 0.021439 -1.629861 0.024126 -0.021599 0.999476 171.851277
0.999457 -0.012720 -0.030395 70.197106 0.013423 0.999644 0.023040 -1.624001 0.030091 -0.023435 0.999272 172.664397
0.999336 -0.006084 -0.035925 70.172078 0.007324 0.999379 0.034464 -1.610051 0.035693 -0.034705 0.998760 173.517293
0.999124 0.006361 -0.041358 70.113534 -0.004437 0.998911 0.046445 -1.582093 0.041608 -0.046220 0.998064 174.368056
0.998875 0.011427 -0.046013 70.043427 -0.009121 0.998706 0.050026 -1.574190 0.046526 -0.049550 0.997687 175.226955
0.998785 0.005878 -0.048919 69.992328 -0.003818 0.999106 0.042103 -1.557063 0.049123 -0.041865 0.997915 176.071247
0.998634 0.011390 -0.050998 69.938066 -0.009784 0.999451 0.031639 -1.537593 0.051330 -0.031097 0.998197 176.908166
0.998348 0.021277 -0.053376 69.874530 -0.019975 0.999493 0.024796 -1.521108 0.053877 -0.023689 0.998267 177.733647
0.998316 0.016100 -0.055740 69.812440 -0.014696 0.999567 0.025506 -1.508534 0.056126 -0.024643 0.998120 178.572251
0.998237 0.012418 -0.058040 69.768115 -0.010545 0.999417 0.032458 -1.501556 0.058409 -0.031789 0.997786 179.411620
0.998271 0.014453 -0.056968 69.731213 -0.012217 0.999149 0.039401 -1.483905 0.057489 -0.038636 0.997598 180.295311
0.998195 0.016565 -0.057725 69.679370 -0.014059 0.998952 0.043560 -1.459029 0.058386 -0.042670 0.997382 181.178654
0.998109 0.014763 -0.059665 69.607607 -0.012377 0.999117 0.040161 -1.448022 0.060205 -0.039347 0.997410 182.029888
0.998057 0.008759 -0.061682 69.552074 -0.007024 0.999575 0.028285 -1.433937 0.061903 -0.027797 0.997695 182.882892
0.997941 -0.001300 -0.064121 69.507952 0.002577 0.999800 0.019832 -1.415316 0.064083 -0.019956 0.997745 183.722948
0.997797 -0.011157 -0.065397 69.473726 0.012447 0.999735 0.019355 -1.412615 0.065164 -0.020126 0.997672 184.570430
0.997816 -0.002051 -0.066025 69.411619 0.003928 0.999591 0.028310 -1.397807 0.065940 -0.028507 0.997416 185.418295
0.997679 0.002565 -0.068047 69.335823 -0.000099 0.999344 0.036225 -1.394118 0.068095 -0.036134 0.997024 186.279789
0.997601 0.001246 -0.069210 69.267433 0.001314 0.999317 0.036935 -1.390727 0.069209 -0.036938 0.996918 187.128533
0.997571 -0.003841 -0.069546 69.195935 0.006092 0.999464 0.032176 -1.385046 0.069386 -0.032522 0.997060 187.974057
0.997592 -0.000049 -0.069357 69.142993 0.001970 0.999616 0.027633 -1.370320 0.069329 -0.027703 0.997209 188.829824
0.997511 0.009102 -0.069918 69.063383 -0.007104 0.999561 0.028770 -1.348749 0.070149 -0.028202 0.997138 189.680160
0.997448 0.010933 -0.070549 68.991098 -0.008695 0.999452 0.031946 -1.340014 0.070859 -0.031251 0.996997 190.515937
0.997369 0.014271 -0.071077 68.917871 -0.011761 0.999296 0.035612 -1.334388 0.071535 -0.034682 0.996835 191.353348
0.997267 0.018375 -0.071563 68.850328 -0.015728 0.999178 0.037376 -1.323532 0.072191 -0.036148 0.996736 192.185549
0.997282 0.017580 -0.071557 68.786936 -0.014995 0.999221 0.036502 -1.313458 0.072143 -0.035329 0.996768 193.007982
0.997298 0.015505 -0.071812 68.728025 -0.013248 0.999406 0.031803 -1.309738 0.072262 -0.030765 0.996911 193.822755
0.997168 0.016416 -0.073392 68.661289 -0.014431 0.999518 0.027487 -1.298488 0.073808 -0.026350 0.996924 194.631137
0.996916 0.021645 -0.075428 68.587825 -0.019276 0.999302 0.031992 -1.275114 0.076068 -0.030439 0.996638 195.421981
0.996784 0.021645 -0.077152 68.521349 -0.018299 0.998872 0.043814 -1.249636 0.078013 -0.042261 0.996056 196.221840
0.996746 0.019019 -0.078328 68.452756 -0.015084 0.998609 0.050531 -1.241715 0.079180 -0.049185 0.995646 197.003490
0.996771 0.007977 -0.079903 68.396725 -0.004200 0.998870 0.047330 -1.245716 0.080190 -0.046842 0.995678 197.774265
