1.000000 0.000000 0.000000 0.000000 -0.000000 1.000000 0.000000 0.000000 -0.000000 0.000000 1.000000 0.000000
0.998300 0.001160 0.058278 0.175435 -0.000978 0.999995 -0.003159 -0.005774 -0.058281 0.003097 0.998295 0.552504
0.996931 -0.006046 0.078050 0.225342 0.006494 0.999964 -0.005499 -0.020159 -0.078014 0.005989 0.996934 1.189834
0.993596 -0.004152 0.112916 0.323527 0.005176 0.999948 -0.008779 -0.040022 -0.112874 0.009307 0.993566 1.833087
0.989057 -0.003672 0.147491 0.437121 0.005119 0.999942 -0.009428 -0.061556 -0.147448 0.010080 0.989018 2.482081
0.982393 -0.006464 0.186713 0.548885 0.008277 0.999926 -0.008927 -0.081931 -0.186642 0.010315 0.982374 3.166269
0.971882 -0.006648 0.235375 0.714933 0.009317 0.999904 -0.010233 -0.104198 -0.235285 0.012138 0.971851 3.945026
0.960386 -0.011647 0.278429 0.915782 0.015731 0.999799 -0.012438 -0.130724 -0.278228 0.016325 0.960376 4.753216
0.949114 -0.010141 0.314771 1.159946 0.015315 0.999785 -0.013969 -0.162162 -0.314562 0.018079 0.949065 5.614573
0.935447 -0.012395 0.353249 1.431969 0.018199 0.999748 -0.013112 -0.192493 -0.352997 0.018695 0.935438 6.524139
0.917273 -0.012669 0.398057 1.752360 0.019333 0.999732 -0.012731 -0.228317 -0.397790 0.019373 0.917272 7.443720
0.896342 -0.011507 0.443214 2.114080 0.018615 0.999758 -0.011692 -0.268296 -0.442972 0.018731 0.896340 8.367456
0.875268 -0.012811 0.483468 2.524662 0.020973 0.999714 -0.011477 -0.303972 -0.483183 0.020185 0.875287 9.274215
0.851211 -0.014622 0.524620 2.983801 0.023560 0.999669 -0.010363 -0.335433 -0.524295 0.021181 0.851273 10.147294
0.824799 -0.015158 0.565222 3.483627 0.025645 0.999615 -0.010615 -0.367359 -0.564844 0.023251 0.824870 11.002805
0.797577 -0.016931 0.602979 4.028979 0.029030 0.999525 -0.010333 -0.403226 -0.602518 0.025746 0.797690 11.828641
0.770277 -0.019452 0.637412 4.616406 0.033157 0.999404 -0.009570 -0.432643 -0.636847 0.028506 0.770463 12.612912
0.736544 -0.017665 0.676159 5.231232 0.032108 0.999445 -0.008865 -0.463249 -0.675628 0.028239 0.736702 13.377680
0.705739 -0.018277 0.708236 5.865241 0.035703 0.999315 -0.009788 -0.495679 -0.707572 0.032194 0.705907 14.097776
0.672823 -0.020437 0.739521 6.541798 0.040334 0.999145 -0.009084 -0.520671 -0.738703 0.035940 0.673072 14.763643
0.636285 -0.018208 0.771239 7.238921 0.039936 0.999158 -0.009359 -0.549007 -0.770420 0.036755 0.636476 15.401812
0.598247 -0.016563 0.801140 7.985102 0.043200 0.998999 -0.011606 -0.587152 -0.800146 0.041553 0.598364 15.998711
0.561934 -0.017119 0.827005 8.747790 0.048703 0.998736 -0.012419 -0.612793 -0.825747 0.047256 0.562057 16.547327
0.525041 -0.016391 0.850919 9.562684 0.050521 0.998652 -0.011936 -0.634418 -0.849576 0.049256 0.525161 17.051333
0.488978 -0.019815 0.872071 10.420856 0.056460 0.998365 -0.008973 -0.658325 -0.870467 0.053625 0.489297 17.504352
0.451231 -0.018428 0.892217 11.313893 0.058758 0.998231 -0.009098 -0.684001 -0.890471 0.056530 0.451515 17.940600
0.418881 -0.017253 0.907877 12.206962 0.059576 0.998187 -0.008518 -0.702095 -0.906085 0.057655 0.419149 18.332652
0.386916 -0.018638 0.921927 13.102460 0.059979 0.998187 -0.004993 -0.717591 -0.920163 0.057228 0.387332 18.704281
0.355965 -0.020409 0.934276 14.036103 0.062911 0.998017 -0.002168 -0.734949 -0.932380 0.059548 0.356543 19.032442
0.321202 -0.018010 0.946839 14.983606 0.062338 0.998053 -0.002164 -0.758394 -0.944957 0.059719 0.321700 19.355448
0.290327 -0.015102 0.956808 15.945828 0.058427 0.998290 -0.001972 -0.770731 -0.955142 0.056476 0.290712 19.644427
0.261006 -0.014621 0.965226 16.913102 0.060496 0.998168 -0.001239 -0.783403 -0.963440 0.058716 0.261413 19.926146
0.229928 -0.015198 0.973089 17.908009 0.063162 0.998003 0.000663 -0.797693 -0.971156 0.061310 0.230428 20.161908
0.199853 -0.015938 0.979696 18.910148 0.064329 0.997924 0.003111 -0.808588 -0.977712 0.062401 0.200463 20.373518
0.169388 -0.016459 0.985412 19.928603 0.061897 0.998064 0.006030 -0.816955 -0.983604 0.059973 0.170079 20.557916
0.141695 -0.015892 0.989783 20.981094 0.063551 0.997955 0.006926 -0.824362 -0.987869 0.061920 0.142415 20.720834
0.115172 -0.016159 0.993214 22.035096 0.067481 0.997685 0.008407 -0.830898 -0.991051 0.066055 0.115996 20.854720
0.090164 -0.016011 0.995798 23.133372 0.071735 0.997378 0.009541 -0.830746 -0.993340 0.070574 0.091076 20.938164
0.068793 -0.016006 0.997502 24.223557 0.076836 0.996986 0.010698 -0.831877 -0.994668 0.075908 0.069815 21.009553
0.049152 -0.016618 0.998653 25.329591 0.081933 0.996559 0.012551 -0.832946 -0.995425 0.081206 0.050345 21.061843
0.032332 -0.017328 0.999327 26.447797 0.085914 0.996197 0.014494 -0.831061 -0.995778 0.085388 0.033698 21.100208
0.016942 -0.017653 0.999700 27.593812 0.088345 0.995960 0.016090 -0.823834 -0.995946 0.088046 0.018433 21.107373
0.005053 -0.018796 0.999810 28.758547 0.089710 0.995800 0.018268 -0.818629 -0.995955 0.089600 0.006718 21.099931
-0.009529 -0.019981 0.999755 29.923538 0.089764 0.995747 0.020756 -0.809207 -0.995918 0.089939 -0.007695 21.077798
-0.021219 -0.018792 0.999598 31.082945 0.089493 0.995774 0.020620 -0.807690 -0.995762 0.089894 -0.019448 21.072818
-0.032941 -0.015580 0.999336 32.246095 0.090175 0.995754 0.018497 -0.799022 -0.995381 0.090724 -0.031396 21.028935
-0.041254 -0.012501 0.999070 33.420025 0.090897 0.995728 0.016213 -0.784155 -0.995006 0.091482 -0.039941 20.987357
-0.051823 -0.010703 0.998599 34.619330 0.091383 0.995696 0.015415 -0.773255 -0.994467 0.092054 -0.050622 20.934977
-0.057323 -0.009845 0.998307 35.825417 0.090885 0.995748 0.015038 -0.768347 -0.994210 0.091594 -0.056184 20.870320
-0.063359 -0.009044 0.997950 37.067033 0.091031 0.995738 0.014804 -0.759357 -0.993831 0.091782 -0.062266 20.796066
-0.066965 -0.007774 0.997725 38.342092 0.091846 0.995676 0.013923 -0.748473 -0.993519 0.092569 -0.065961 20.702868
-0.071774 -0.006087 0.997402 39.658395 0.091301 0.995743 0.012647 -0.739399 -0.993234 0.091972 -0.070913 20.603082
-0.076679 -0.006271 0.997036 40.988849 0.090841 0.995777 0.013249 -0.727616 -0.992909 0.091588 -0.075785 20.494671
-0.078579 -0.007532 0.996879 42.350421 0.090616 0.995778 0.014667 -0.720174 -0.992781 0.091486 -0.077565 20.389649
-0.080763 -0.010109 0.996682 43.733143 0.091707 0.995632 0.017530 -0.710399 -0.992506 0.092818 -0.079483 20.280912
-0.082147 -0.009611 0.996574 45.115290 0.091916 0.995619 0.017178 -0.696053 -0.992373 0.093012 -0.080904 20.158180
-0.085879 -0.010055 0.996255 46.519949 0.093376 0.995466 0.018096 -0.679836 -0.991920 0.094580 -0.084551 20.045277
-0.087119 -0.009553 0.996152 47.942720 0.094773 0.995339 0.017834 -0.663685 -0.991680 0.095962 -0.085807 19.933590
-0.085683 -0.008804 0.996283 49.392380 0.095212 0.995312 0.016984 -0.649692 -0.991763 0.096313 -0.084443 19.813843
-0.084624 -0.007972 0.996381 50.855383 0.095503 0.995299 0.016075 -0.633982 -0.991826 0.096518 -0.083465 19.684870
-0.083602 -0.007337 0.996472 52.349405 0.094543 0.995404 0.015261 -0.623975 -0.992004 0.095486 -0.082524 19.556825
-0.084848 -0.008142 0.996360 53.860414 0.094596 0.995384 0.016189 -0.609320 -0.991893 0.095626 -0.083687 19.409698
-0.083444 -0.008531 0.996476 55.381377 0.094760 0.995364 0.016457 -0.603878 -0.991997 0.095799 -0.082249 19.288993
-0.080109 -0.008116 0.996753 56.945629 0.095434 0.995311 0.015774 -0.584564 -0.992207 0.096388 -0.078959 19.157117
-0.077906 -0.007522 0.996932 58.524335 0.095030 0.995362 0.014936 -0.564732 -0.992421 0.095902 -0.076830 19.038903
-0.080270 -0.007134 0.996747 60.114801 0.095985 0.995272 0.014853 -0.555567 -0.992141 0.096865 -0.079206 18.917466
-0.078282 -0.007913 0.996900 61.740464 0.095554 0.995305 0.015404 -0.545294 -0.992342 0.096463 -0.077159 18.798639
-0.078137 -0.010121 0.996891 63.372306 0.096896 0.995137 0.017698 -0.536277 -0.992223 0.097978 -0.076776 18.672344
-0.076791 -0.011402 0.996982 65.012656 0.099417 0.994864 0.019035 -0.519495 -0.992079 0.100579 -0.075263 18.542169
-0.076707 -0.010129 0.997002 66.694452 0.101947 0.994628 0.017949 -0.503464 -0.991828 0.103018 -0.075262 18.408518
-0.078021 -0.009475 0.996906 68.389671 0.102362 0.994594 0.017464 -0.492325 -0.991683 0.103408 -0.076630 18.283664
-0.075317 -0.009585 0.997113 70.077485 0.101487 0.994688 0.017228 -0.482634 -0.991982 0.102492 -0.073944 18.175597
-0.075838 -0.010768 0.997062 71.779429 0.100781 0.994738 0.018408 -0.471349 -0.992014 0.101881 -0.074353 18.040574
-0.076242 -0.011328 0.997025 73.510323 0.101504 0.994652 0.019063 -0.449489 -0.991909 0.102655 -0.074685 17.903307
-0.074854 -0.011646 0.997126 75.254200 0.103323 0.994459 0.019371 -0.435036 -0.991827 0.104476 -0.073236 17.762274
-0.076325 -0.011445 0.997017 77.011145 0.103080 0.994486 0.019308 -0.411526 -0.991741 0.104246 -0.074725 17.634886
-0.078091 -0.010903 0.996886 78.790270 0.102618 0.994541 0.018916 -0.393634 -0.991651 0.103775 -0.076545 17.514371
-0.076294 -0.010324 0.997032 80.566556 0.102359 0.994582 0.018132 -0.376456 -0.991818 0.103439 -0.074824 17.370850
-0.080327 -0.010042 0.996718 82.360852 0.100882 0.994733 0.018152 -0.361498 -0.991651 0.102009 -0.078891 17.240226
-0.082048 -0.010154 0.996576 84.171212 0.099960 0.994822 0.018366 -0.348645 -0.991603 0.101125 -0.080608 17.104901
-0.080707 -0.010492 0.996682 86.012062 0.099902 0.994824 0.018562 -0.335017 -0.991719 0.101069 -0.079241 16.969760
-0.083108 -0.012193 0.996466 87.858689 0.097926 0.994986 0.020342 -0.313227 -0.991718 0.099271 -0.081498 16.819393
-0.083009 -0.012387 0.996472 89.710909 0.096664 0.995107 0.020423 -0.294335 -0.991850 0.098018 -0.081405 16.669777
-0.086987 -0.011296 0.996145 91.586804 0.095791 0.995207 0.019650 -0.276104 -0.991594 0.097131 -0.085488 16.521697
-0.088475 -0.010853 0.996019 93.468159 0.094387 0.995350 0.019230 -0.254118 -0.991597 0.095713 -0.087039 16.370045
-0.092678 -0.010466 0.995641 95.358473 0.095429 0.995248 0.019344 -0.241511 -0.991113 0.096806 -0.091239 16.222177
-0.098903 -0.012027 0.995024 97.264167 0.092317 0.995504 0.021209 -0.220084 -0.990806 0.093955 -0.097348 16.062179
-0.103162 -0.012127 0.994590 99.195940 0.090789 0.995637 0.021556 -0.200346 -0.990513 0.092522 -0.101611 15.886875
-0.106134 -0.011123 0.994289 101.136108 0.090246 0.995703 0.020772 -0.183426 -0.990248 0.091936 -0.104674 15.682983
-0.112178 -0.010125 0.993636 103.075689 0.090783 0.995662 0.020395 -0.165180 -0.989533 0.092493 -0.110772 15.474825
-0.116765 -0.008344 0.993124 105.022979 0.089415 0.995815 0.018880 -0.149595 -0.989127 0.091005 -0.115530 15.258891
-0.121684 -0.008799 0.992530 106.984542 0.087374 0.995984 0.019541 -0.131816 -0.988716 0.089099 -0.120427 15.031667
-0.128137 -0.009297 0.991713 108.957643 0.085384 0.996140 0.020371 -0.122095 -0.988074 0.087287 -0.126849 14.789783
-0.132749 -0.010370 0.991095 110.934217 0.084693 0.996169 0.021767 -0.102627 -0.987525 0.086829 -0.131362 14.560255
-0.137432 -0.010988 0.990450 112.918241 0.083224 0.996275 0.022601 -0.084245 -0.987009 0.085536 -0.136005 14.308809
-0.145077 -0.010770 0.989362 114.892335 0.084722 0.996133 0.023267 -0.064352 -0.985787 0.087196 -0.143604 14.036982
-0.149792 -0.009508 0.988672 116.873521 0.084382 0.996182 0.022365 -0.041030 -0.985110 0.086776 -0.148418 13.757232
-0.154858 -0.009440 0.987891 118.862802 0.083857 0.996220 0.022665 -0.019618 -0.984372 0.086352 -0.153481 13.467146
-0.160585 -0.009862 0.986973 120.862511 0.083929 0.996192 0.023610 0.000014 -0.983447 0.086627 -0.159146 13.147211
-0.167055 -0.009632 0.985900 122.887975 0.083328 0.996237 0.023853 0.022715 -0.982420 0.086138 -0.165624 12.813879
-0.172015 -0.009191 0.985051 124.921112 0.082413 0.996317 0.023688 0.048454 -0.981641 0.085255 -0.170624 12.473948
-0.177046 -0.009601 0.984156 126.969451 0.081968 0.996335 0.024466 0.072527 -0.980783 0.085001 -0.175610 12.124805
-0.181967 -0.010291 0.983251 129.031820 0.083635 0.996160 0.025904 0.095369 -0.979741 0.086948 -0.180408 11.754434
-0.185367 -0.010520 0.982613 131.091208 0.085649 0.995964 0.026820 0.123309 -0.978930 0.089131 -0.183718 11.379412
-0.188896 -0.010006 0.981946 133.152997 0.087002 0.995845 0.026884 0.154539 -0.978136 0.090510 -0.187240 10.989922
-0.193689 -0.009993 0.981012 135.239306 0.086415 0.995888 0.027206 0.187426 -0.977250 0.090043 -0.192028 10.594384
-0.196153 -0.010393 0.980518 137.330542 0.085584 0.995946 0.027678 0.222174 -0.976831 0.089345 -0.194469 10.179878
-0.201086 -0.009813 0.979524 139.416861 0.084191 0.996077 0.027263 0.253431 -0.975949 0.087949 -0.199471 9.763534
-0.204134 -0.010067 0.978891 141.508638 0.082531 0.996210 0.027456 0.286701 -0.975458 0.086394 -0.202530 9.356555
-0.209790 -0.010096 0.977694 143.594750 0.082219 0.996223 0.027930 0.319488 -0.974284 0.086244 -0.208168 8.939901
-0.214037 -0.009788 0.976776 145.684141 0.082167 0.996226 0.027988 0.346872 -0.973364 0.086249 -0.212425 8.507243
-0.219621 -0.009322 0.975541 147.785829 0.082406 0.996203 0.028071 0.380011 -0.972099 0.086556 -0.218019 8.053929
-0.224211 -0.010148 0.974488 149.893027 0.081033 0.996289 0.029019 0.418606 -0.971166 0.085472 -0.222557 7.577758
-0.226563 -0.010810 0.973936 151.997401 0.081208 0.996247 0.029948 0.450985 -0.970606 0.085876 -0.224835 7.106192
-0.231808 -0.010613 0.972703 154.134218 0.082064 0.996163 0.030426 0.490064 -0.969294 0.086877 -0.230048 6.607148
-0.236789 -0.010215 0.971507 156.269143 0.082622 0.996111 0.030612 0.525911 -0.968042 0.087516 -0.235024 6.110457
-0.239563 -0.009051 0.970839 158.421158 0.082396 0.996159 0.029619 0.565602 -0.967378 0.087088 -0.237897 5.600849
-0.243657 -0.007646 0.969831 160.560272 0.082429 0.996188 0.028563 0.602422 -0.966353 0.086901 -0.242098 5.075541
-0.246959 -0.007314 0.968998 162.722520 0.082322 0.996198 0.028500 0.640247 -0.965523 0.086808 -0.245418 4.540769
-0.251025 -0.006764 0.967957 164.893175 0.081917 0.996240 0.028206 0.674144 -0.964508 0.086372 -0.249527 3.989084
-0.253363 -0.007059 0.967345 167.074030 0.082120 0.996207 0.028778 0.709656 -0.963880 0.086730 -0.251822 3.451045
-0.257768 -0.006924 0.966182 169.263723 0.081385 0.996265 0.028852 0.745638 -0.962773 0.086069 -0.256242 2.894429
-0.262011 -0.006918 0.965040 171.466136 0.084838 0.995938 0.030173 0.779262 -0.961329 0.089778 -0.260360 2.327311
-0.265163 -0.006829 0.964179 173.633413 0.086457 0.995778 0.030829 0.816647 -0.960320 0.091535 -0.263453 1.758654
-0.266916 -0.007614 0.963690 175.817793 0.086037 0.995788 0.031698 0.860066 -0.959872 0.091373 -0.265136 1.168277
-0.269084 -0.008600 0.963078 178.009659 0.084004 0.995940 0.032364 0.904235 -0.959446 0.089611 -0.267269 0.560314
-0.273112 -0.007592 0.961952 180.217709 0.083680 0.995991 0.031618 0.944137 -0.958336 0.089132 -0.271382 -0.049807
-0.275237 -0.005558 0.961360 182.431711 0.083741 0.996044 0.029733 0.987130 -0.957723 0.088689 -0.273682 -0.680211
-0.278544 -0.005487 0.960407 184.666595 0.080930 0.996293 0.029164 1.031367 -0.957008 0.085849 -0.277068 -1.319096
-0.283138 -0.003708 0.959072 186.904022 0.081682 0.996266 0.027966 1.064803 -0.955595 0.086257 -0.281778 -1.958149
-0.286209 -0.003354 0.958161 189.137565 0.079844 0.996432 0.027338 1.103857 -0.954835 0.084327 -0.284920 -2.607453
-0.290490 -0.003263 0.956872 191.369177 0.080606 0.996356 0.027868 1.133333 -0.953477 0.085225 -0.289168 -3.245973
-0.293202 -0.004653 0.956039 193.611305 0.079459 0.996410 0.029218 1.173623 -0.952743 0.084533 -0.291780 -3.907952
-0.296174 -0.005456 0.955118 195.854910 0.079247 0.996396 0.030265 1.208970 -0.951841 0.084654 -0.294674 -4.598679
-0.300630 -0.005822 0.953723 198.115645 0.078927 0.996399 0.030961 1.251039 -0.950469 0.084582 -0.299088 -5.296558
-0.305331 -0.005047 0.952233 200.374775 0.077816 0.996509 0.030233 1.289725 -0.949062 0.083330 -0.303872 -5.999292
-0.308988 -0.004635 0.951054 202.643513 0.078036 0.996493 0.030209 1.330792 -0.947859 0.083551 -0.307543 -6.708158
-0.311311 -0.005226 0.950294 204.891360 0.077221 0.996539 0.030778 1.372576 -0.947166 0.082964 -0.309830 -7.422715
-0.314587 -0.004677 0.949217 207.137324 0.078125 0.996468 0.030802 1.406374 -0.946008 0.083847 -0.313110 -8.158962
-0.315806 -0.005527 0.948807 209.370845 0.079023 0.996356 0.032106 1.450002 -0.945527 0.085117 -0.314218 -8.905253
-0.321039 -0.005634 0.947049 211.632967 0.080432 0.996207 0.033192 1.493048 -0.943644 0.086829 -0.319368 -9.661428
-0.321861 -0.005433 0.946771 213.899368 0.081330 0.996129 0.033365 1.540115 -0.943287 0.087740 -0.320173 -10.411124
-0.325035 -0.004898 0.945689 216.189128 0.080780 0.996188 0.032924 1.581161 -0.942246 0.087094 -0.323400 -11.171400
-0.330116 -0.004895 0.943927 218.458470 0.079971 0.996246 0.033134 1.625403 -0.940547 0.086425 -0.328486 -11.955342
-0.331037 -0.003553 0.943611 220.739359 0.079703 0.996314 0.031713 1.669365 -0.940246 0.085707 -0.329533 -12.734224
-0.334181 -0.003469 0.942502 223.020933 0.078548 0.996412 0.031519 1.708351 -0.939230 0.084565 -0.332709 -13.519702
-0.334842 -0.002929 0.942270 225.307716 0.077127 0.996554 0.030506 1.744783 -0.939113 0.082889 -0.333462 -14.303869
-0.339689 -0.002666 0.940534 227.554895 0.078520 0.996425 0.031183 1.781740 -0.937255 0.084443 -0.338265 -15.100556
-0.341727 -0.004016 0.939791 229.816694 0.078884 0.996339 0.032941 1.821484 -0.936483 0.085392 -0.340159 -15.913958
-0.345434 -0.004634 0.938432 232.081596 0.079439 0.996254 0.034161 1.865145 -0.935075 0.086349 -0.343772 -16.748603
-0.347510 -0.004983 0.937663 234.345702 0.078117 0.996356 0.034246 1.915926 -0.934417 0.085148 -0.345854 -17.599556
-0.352264 -0.005561 0.935884 236.611742 0.076527 0.996463 0.034726 1.965775 -0.932767 0.083853 -0.350592 -18.423104
-0.355323 -0.006265 0.934722 238.864065 0.074500 0.996607 0.035000 2.013584 -0.931770 0.082073 -0.353650 -19.256324
-0.359114 -0.007302 0.933265 241.118931 0.073685 0.996626 0.036152 2.061512 -0.930381 0.081750 -0.357364 -20.095181
-0.361629 -0.007313 0.932293 243.361168 0.072421 0.996727 0.035910 2.110449 -0.929505 0.080504 -0.359916 -20.939600
-0.366654 -0.007928 0.930324 245.611467 0.072433 0.996685 0.037040 2.160926 -0.927534 0.080967 -0.364864 -21.804211
-0.371261 -0.008569 0.928489 247.858729 0.070468 0.996814 0.037377 2.210217 -0.925851 0.079305 -0.369474 -22.659755
-0.374319 -0.008525 0.927261 250.099492 0.070334 0.996816 0.037557 2.261146 -0.924629 0.079276 -0.372527 -23.542750
-0.377335 -0.008071 0.926041 252.346375 0.070907 0.996775 0.037580 2.312336 -0.923358 0.079843 -0.375546 -24.435932
-0.382012 -0.008109 0.924122 254.591070 0.070650 0.996779 0.037952 2.366053 -0.921453 0.079787 -0.380209 -25.334205
-0.385362 -0.008517 0.922726 256.813393 0.069445 0.996854 0.038204 2.422517 -0.920149 0.078801 -0.383559 -26.241546
-0.388594 -0.008985 0.921365 259.042750 0.067977 0.996948 0.038392 2.478840 -0.918899 0.077550 -0.386797 -27.144078
-0.392922 -0.008325 0.919534 261.255555 0.069165 0.996859 0.038580 2.534587 -0.916967 0.078759 -0.391112 -28.061435
-0.396121 -0.007544 0.918167 263.476598 0.070586 0.996757 0.038643 2.596489 -0.915481 0.080117 -0.394304 -29.015133
-0.399742 -0.006753 0.916603 265.706697 0.071043 0.996737 0.038326 2.659569 -0.913870 0.080439 -0.397958 -29.977498
-0.403647 -0.005519 0.914898 267.930722 0.072215 0.996670 0.037873 2.717128 -0.912060 0.081357 -0.401904 -30.923982
-0.406396 -0.004921 0.913684 270.167877 0.073985 0.996525 0.038275 2.776525 -0.910697 0.083153 -0.404620 -31.895805
-0.409523 -0.002732 0.912296 272.387573 0.075792 0.996437 0.037007 2.837660 -0.909146 0.084300 -0.407856 -32.865595
-0.412339 -0.001283 0.911029 274.609040 0.077621 0.996313 0.036535 2.896492 -0.907718 0.085780 -0.410719 -33.854846
-0.414763 -0.000584 0.909929 276.836336 0.078396 0.996258 0.036374 2.955883 -0.906546 0.086422 -0.413165 -34.835754
-0.418168 -0.000570 0.908369 279.077350 0.077896 0.996294 0.036485 3.021494 -0.905024 0.086015 -0.416574 -35.850661
-0.420953 -0.000511 0.907082 281.333458 0.077070 0.996364 0.036327 3.086707 -0.903803 0.085201 -0.419382 -36.880158
-0.425417 0.000883 0.904997 283.600679 0.078209 0.996294 0.035792 3.152249 -0.901612 0.086006 -0.423909 -37.950037
-0.428826 0.000389 0.903387 285.870188 0.076297 0.996443 0.035789 3.217829 -0.900160 0.084273 -0.427330 -39.020786
-0.431501 0.000687 0.902112 288.143571 0.075796 0.996491 0.035497 3.276460 -0.898923 0.083694 -0.430039 -40.077205
-0.435236 0.000614 0.900316 290.426515 0.077610 0.996303 0.036839 3.341582 -0.896965 0.085907 -0.433674 -41.144832
-0.435445 0.000177 0.900215 292.711950 0.078781 0.996171 0.037912 3.405521 -0.896762 0.087429 -0.433791 -42.222236
-0.438027 -0.000148 0.898962 295.002719 0.079522 0.996073 0.038912 3.472621 -0.895438 0.088532 -0.436295 -43.320933
-0.441022 -0.000490 0.897496 297.303077 0.078928 0.996104 0.039328 3.546165 -0.894019 0.088182 -0.439265 -44.429281
-0.442553 -0.001476 0.896741 299.597908 0.078801 0.996066 0.040529 3.627978 -0.893273 0.088600 -0.440696 -45.547262
-0.445779 -0.001847 0.895141 301.906206 0.080086 0.995905 0.041937 3.707465 -0.891553 0.090383 -0.443806 -46.676507
-0.447849 -0.001993 0.894107 304.229488 0.079856 0.995912 0.042219 3.785368 -0.890536 0.090307 -0.445859 -47.830422
-0.449490 -0.000746 0.893285 306.543374 0.079200 0.996028 0.040684 3.866041 -0.889768 0.089035 -0.447645 -48.978177
-0.453190 0.000508 0.891414 308.877337 0.078214 0.996166 0.039196 3.943990 -0.887976 0.087484 -0.451492 -50.157127
-0.455688 -0.001231 0.890139 311.207769 0.075711 0.996322 0.040137 4.020231 -0.886914 0.085683 -0.453919 -51.330264
-0.461027 -0.003641 0.887379 313.555293 0.073113 0.996436 0.042073 4.101359 -0.884369 0.084276 -0.459117 -52.511257
-0.467136 -0.006093 0.884164 315.910619 0.070962 0.996492 0.044359 4.186742 -0.881333 0.083463 -0.465065 -53.716743
-0.470912 -0.006748 0.882154 318.264963 0.070592 0.996476 0.045307 4.274829 -0.879351 0.083609 -0.468776 -54.929870
-0.475620 -0.006510 0.879627 320.632060 0.072036 0.996326 0.046324 4.364369 -0.876697 0.085397 -0.473403 -56.159670
-0.478827 -0.005279 0.877893 322.980217 0.073742 0.996206 0.046211 4.462030 -0.874807 0.086865 -0.476621 -57.402015
-0.483382 -0.004907 0.875396 325.317492 0.074606 0.996115 0.046780 4.555525 -0.872225 0.087923 -0.481138 -58.659811
-0.487409 -0.006317 0.873151 327.650100 0.074612 0.996015 0.048856 4.648712 -0.869980 0.088960 -0.484995 -59.927595
-0.489506 -0.007913 0.871964 329.987916 0.074266 0.995947 0.050729 4.746956 -0.868832 0.089589 -0.486935 -61.226745
-0.497623 -0.009256 0.867344 332.343839 0.072673 0.995982 0.052323 4.846630 -0.864344 0.089069 -0.494951 -62.565359
-0.499891 -0.009626 0.866035 334.686304 0.072217 0.995993 0.052756 4.950043 -0.863073 0.088915 -0.497192 -63.896792
-0.503847 -0.010442 0.863729 337.050812 0.072258 0.995913 0.054191 5.057298 -0.860765 0.089716 -0.501033 -65.254443
-0.509748 -0.010375 0.860261 339.422890 0.073577 0.995738 0.055607 5.162249 -0.857172 0.091641 -0.506812 -66.620626
-0.513842 -0.011246 0.857811 341.784410 0.073163 0.995697 0.056880 5.271505 -0.854760 0.091987 -0.510808 -67.978117
-0.516003 -0.012974 0.856488 344.114653 0.071057 0.995791 0.057894 5.389022 -0.853635 0.090732 -0.512909 -69.346793
-0.521946 -0.013805 0.852867 346.444764 0.071083 0.995687 0.059619 5.507945 -0.850012 0.091742 -0.518714 -70.713204
-0.523215 -0.014814 0.852072 348.738005 0.071454 0.995565 0.061185 5.630601 -0.849200 0.092897 -0.519836 -72.109757
-0.526641 -0.016497 0.849927 351.062014 0.067775 0.995814 0.061324 5.758158 -0.847382 0.089900 -0.523319 -73.512771
-0.528468 -0.017065 0.848782 353.384119 0.063985 0.996154 0.059866 5.885390 -0.846539 0.085947 -0.525343 -74.935141
-0.533563 -0.018605 0.845555 355.705067 0.059720 0.996434 0.059610 6.009874 -0.843649 0.082302 -0.530549 -76.347352
-0.536839 -0.021807 0.843403 358.009867 0.058357 0.996312 0.062906 6.136627 -0.841664 0.082989 -0.533586 -77.766714
-0.539066 -0.021444 0.841990 360.313492 0.060010 0.996157 0.063790 6.264549 -0.840123 0.084914 -0.535708 -79.188831
-0.541897 -0.020536 0.840194 362.586122 0.060297 0.996175 0.063238 6.395249 -0.838279 0.084930 -0.538586 -80.640758
-0.545930 -0.023473 0.837502 364.880678 0.057231 0.996228 0.065229 6.530893 -0.835874 0.083541 -0.542527 -82.102805
-0.548050 -0.026958 0.836011 367.162570 0.054520 0.996204 0.067864 6.665795 -0.834667 0.082773 -0.544500 -83.569153
-0.551366 -0.030308 0.833713 369.461532 0.050436 0.996301 0.069574 6.814789 -0.832738 0.080410 -0.547797 -85.057370
-0.554354 -0.029804 0.831747 371.755171 0.051747 0.996191 0.070186 6.963931 -0.830671 0.081948 -0.550700 -86.554329
-0.558298 -0.029971 0.829099 374.038960 0.051819 0.996136 0.070903 7.112707 -0.828021 0.082548 -0.554588 -88.050390
-0.560665 -0.030458 0.827482 376.319897 0.051096 0.996146 0.071286 7.259143 -0.826465 0.082248 -0.556949 -89.551703
-0.563585 -0.031931 0.825440 378.585796 0.050251 0.996077 0.072841 7.406376 -0.824528 0.082531 -0.559770 -91.044686
-0.567301 -0.033884 0.822813 380.835188 0.045871 0.996302 0.072654 7.556089 -0.822232 0.078960 -0.563649 -92.554210
-0.568079 -0.037241 0.822131 383.086199 0.032377 0.997191 0.067543 7.706329 -0.822337 0.064988 -0.565277 -94.082992
-0.572868 -0.030731 0.819071 385.339423 0.031374 0.997742 0.059378 7.846001 -0.819047 0.059713 -0.570611 -95.590596
-0.574132 -0.021609 0.818477 387.579052 0.044845 0.997321 0.057788 7.958405 -0.817534 0.069882 -0.571625 -97.119504
-0.575681 -0.026304 0.817251 389.790480 0.048482 0.996626 0.066229 8.075260 -0.816236 0.077749 -0.572463 -98.656061
-0.578266 -0.037797 0.814972 391.995619 0.044366 0.995991 0.077672 8.221460 -0.814642 0.081072 -0.574271 -100.205288
-0.581569 -0.045428 0.812227 394.202711 0.038489 0.995785 0.083253 8.399648 -0.812586 0.079679 -0.577369 -101.752716
-0.584645 -0.052096 0.809615 396.415758 0.031534 0.995723 0.086843 8.602055 -0.810677 0.076303 -0.580501 -103.299738
-0.587001 -0.050535 0.808007 398.639268 0.033585 0.995671 0.086670 8.791013 -0.808889 0.078012 -0.582763 -104.864959
-0.590253 -0.044945 0.805966 400.846807 0.039851 0.995609 0.084705 8.971325 -0.806234 0.082115 -0.585870 -106.436202
-0.592530 -0.038975 0.804605 403.036653 0.042999 0.995875 0.079906 9.138802 -0.804400 0.081944 -0.588409 -108.017133
-0.595053 -0.038051 0.802785 405.218208 0.043355 0.995904 0.079342 9.304600 -0.802516 0.082017 -0.590966 -109.603083
-0.597731 -0.038472 0.800773 407.378750 0.043046 0.995867 0.079976 9.473071 -0.800541 0.082274 -0.593604 -111.186353
-0.600711 -0.039819 0.798474 409.538856 0.043136 0.995690 0.082107 9.650083 -0.798302 0.083766 -0.596404 -112.782499
-0.603516 -0.040402 0.796326 411.694585 0.043531 0.995556 0.083501 9.826534 -0.796162 0.085059 -0.599076 -114.371101
-0.604958 -0.040033 0.795250 413.869700 0.044017 0.995527 0.083599 10.002194 -0.795040 0.085579 -0.600490 -115.979613
-0.606475 -0.040352 0.794078 416.010077 0.043848 0.995494 0.084077 10.184332 -0.793893 0.085809 -0.601973 -117.592562
-0.608232 -0.040421 0.792729 418.143925 0.044982 0.995342 0.085266 10.361293 -0.792484 0.087520 -0.603581 -119.196246
-0.609432 -0.041332 0.791760 420.278099 0.046250 0.995086 0.087546 10.543865 -0.791489 0.089972 -0.604526 -120.811151
-0.609989 -0.042339 0.791278 422.423107 0.048240 0.994735 0.090414 10.734811 -0.790940 0.093323 -0.604735 -122.434707
-0.611141 -0.042720 0.790368 424.574977 0.049574 0.994516 0.092086 10.935017 -0.789968 0.095460 -0.605671 -124.067957
-0.612937 -0.043372 0.788940 426.721808 0.046285 0.994807 0.090649 11.143204 -0.788775 0.092078 -0.607746 -125.707029
-0.614202 -0.043099 0.787971 428.866805 0.042356 0.995268 0.087453 11.337765 -0.788012 0.087089 -0.609470 -127.338149
-0.616148 -0.044178 0.786390 431.011075 0.039992 0.995383 0.087253 11.529890 -0.786614 0.085210 -0.611537 -128.982356
-0.616642 -0.045579 0.785923 433.143148 0.039315 0.995294 0.088568 11.719391 -0.786262 0.085513 -0.611948 -130.606757
-0.617560 -0.046790 0.785130 435.272185 0.037156 0.995379 0.088546 11.911065 -0.785646 0.083855 -0.612968 -132.251450
-0.618854 -0.047417 0.784073 437.397507 0.034994 0.995521 0.087825 12.101192 -0.784726 0.081788 -0.614423 -133.885408
-0.619072 -0.049013 0.783803 439.510427 0.034155 0.995426 0.089223 12.294161 -0.784592 0.082006 -0.614566 -135.528863
-0.619404 -0.050596 0.783440 441.617958 0.035370 0.995109 0.092230 12.488705 -0.784275 0.084838 -0.614585 -137.173337
-0.619403 -0.052075 0.783344 443.716332 0.038942 0.994531 0.096907 12.695576 -0.784107 0.090530 -0.613987 -138.819943
-0.618170 -0.054684 0.784140 445.837722 0.042283 0.993820 0.102640 12.916868 -0.784907 0.096604 -0.612037 -140.467560
-0.617297 -0.055788 0.784749 447.951491 0.044933 0.993354 0.105963 13.153340 -0.785446 0.100671 -0.610688 -142.125859
-0.614986 -0.058286 0.786381 450.083285 0.037198 0.994010 0.102765 13.392904 -0.787660 0.092451 -0.609134 -143.750920
-0.613726 -0.059349 0.787285 452.224619 0.029489 0.994752 0.097977 13.623921 -0.788969 0.083348 -0.608754 -145.383414
-0.611094 -0.060971 0.789206 454.381956 0.026564 0.994888 0.097430 13.843226 -0.791112 0.080504 -0.606350 -147.008018
-0.608647 -0.060346 0.791143 456.531455 0.027164 0.994934 0.096788 14.049240 -0.792976 0.080401 -0.603925 -148.643396
-0.605962 -0.060210 0.793212 458.670367 0.029505 0.994744 0.098048 14.266501 -0.794946 0.082817 -0.601001 -150.268946
-0.603343 -0.060472 0.795186 460.789637 0.028648 0.994834 0.097392 14.494425 -0.796967 0.081541 -0.598493 -151.875299
-0.601310 -0.061516 0.796644 462.926157 0.024959 0.995099 0.095680 14.711403 -0.798626 0.077417 -0.596827 -153.473912
-0.599596 -0.066960 0.797496 465.072137 0.017092 0.995195 0.096410 14.920821 -0.800120 0.071438 -0.595571 -155.050079
-0.598182 -0.073143 0.798015 467.229435 0.008557 0.995186 0.097629 15.132589 -0.801315 0.065228 -0.594677 -156.610362
-0.596690 -0.074687 0.798989 469.377609 0.003567 0.995403 0.095711 15.340804 -0.802464 0.059960 -0.593680 -158.152378
-0.595756 -0.074973 0.799658 471.547672 0.004057 0.995340 0.096341 15.554951 -0.803155 0.060640 -0.592676 -159.735309
-0.595294 -0.075380 0.799964 473.694059 0.007018 0.995064 0.098986 15.767041 -0.803477 0.064540 -0.591827 -161.302988
-0.594262 -0.076685 0.800607 475.835538 0.008127 0.994821 0.101320 15.990385 -0.804230 0.066717 -0.590561 -162.882945
-0.592196 -0.080172 0.801796 477.986486 0.004766 0.994672 0.102978 16.230210 -0.805780 0.064805 -0.588659 -164.454120
-0.592570 -0.080276 0.801509 480.143461 0.002540 0.994831 0.101516 16.459166 -0.805515 0.062191 -0.589303 -166.030960
-0.590424 -0.079550 0.803164 482.309850 0.001942 0.994988 0.099976 16.686779 -0.807091 0.060588 -0.587310 -167.597131
-0.589611 -0.078752 0.803838 484.469931 0.003169 0.995002 0.099805 16.904493 -0.807681 0.061393 -0.586415 -169.155368
-0.588745 -0.078535 0.804494 486.614651 0.005924 0.994823 0.101451 17.129995 -0.808297 0.064495 -0.585232 -170.710470
-0.587427 -0.079105 0.805402 488.790697 0.007181 0.994663 0.102932 17.358379 -0.809246 0.066249 -0.583723 -172.273753
-0.586928 -0.080114 0.805666 490.982277 0.006114 0.994625 0.103358 17.588724 -0.809616 0.065589 -0.583283 -173.839822
-0.585840 -0.081418 0.806326 493.146398 0.005122 0.994549 0.104145 17.820954 -0.810410 0.065142 -0.582230 -175.390506
-0.584772 -0.081540 0.807089 495.316594 0.006564 0.994427 0.105222 18.056022 -0.811171 0.066829 -0.580978 -176.935832
-0.584568 -0.082915 0.807097 497.499693 0.005410 0.994344 0.106069 18.296615 -0.811327 0.066371 -0.580813 -178.489536
-0.583408 -0.082193 0.808009 499.671469 0.004925 0.994490 0.104718 18.534797 -0.812164 0.065073 -0.579789 -180.024871
-0.583967 -0.081118 0.807714 501.849406 0.006304 0.994512 0.104436 18.764345 -0.811753 0.066078 -0.580251 -181.558477
-0.582507 -0.083297 0.808546 504.016906 0.005520 0.994307 0.106412 19.006104 -0.812807 0.066449 -0.578731 -183.083527
-0.582714 -0.084256 0.808297 506.201412 0.004979 0.994222 0.107226 19.241412 -0.812662 0.066506 -0.578928 -184.629851
-0.582742 -0.085758 0.808119 508.371781 0.003909 0.994109 0.108314 19.484063 -0.812648 0.066277 -0.578974 -186.168262
-0.582856 -0.086723 0.807935 510.522030 0.003010 0.994051 0.108872 19.730006 -0.812570 0.065888 -0.579127 -187.685379
-0.582632 -0.085810 0.808193 512.682755 0.004062 0.994091 0.108476 19.969390 -0.812726 0.066485 -0.578841 -189.213323
-0.583196 -0.086498 0.807713 514.825167 0.004587 0.993948 0.109754 20.214027 -0.812319 0.067713 -0.579270 -190.734549
-0.582811 -0.088796 0.807742 516.981063 0.003466 0.993731 0.111743 20.465893 -0.812601 0.067924 -0.578850 -192.258522
-0.583525 -0.090347 0.807054 519.154386 0.002726 0.993569 0.113197 20.719532 -0.812091 0.068253 -0.579526 -193.794717
-0.583118 -0.091061 0.807268 521.340560 0.001993 0.993535 0.113512 20.980568 -0.812385 0.067800 -0.579166 -195.338986
-0.583641 -0.090647 0.806936 523.528986 0.002627 0.993534 0.113509 21.242173 -0.812008 0.068368 -0.579628 -196.877483
-0.583788 -0.090424 0.806855 525.719751 0.002628 0.993563 0.113250 21.500687 -0.811902 0.068234 -0.579793 -198.426280
-0.583460 -0.090158 0.807122 527.886327 0.002893 0.993582 0.113077 21.749775 -0.812137 0.068311 -0.579454 -199.971213
-0.584038 -0.090394 0.806677 530.049195 0.003386 0.993500 0.113780 22.003404 -0.811719 0.069183 -0.579936 -201.504047
-0.582758 -0.091274 0.807503 532.205240 0.002965 0.993427 0.114430 22.269579 -0.812640 0.069079 -0.578657 -203.011503
-0.582911 -0.091562 0.807361 534.365432 0.001839 0.993479 0.113997 22.524318 -0.812534 0.067935 -0.578942 -204.541732
-0.582469 -0.092651 0.807555 536.530141 0.002069 0.993311 0.115455 22.785408 -0.812850 0.068919 -0.578381 -206.079347
-0.582945 -0.093785 0.807081 538.689608 0.001946 0.993152 0.116814 23.044225 -0.812509 0.069667 -0.578770 -207.616879
-0.582091 -0.094795 0.807579 540.864688 0.002399 0.992977 0.118287 23.314365 -0.813120 0.070791 -0.577775 -209.154795
-0.582784 -0.094489 0.807115 543.041597 0.002138 0.993035 0.117799 23.586335 -0.812625 0.070377 -0.578522 -210.687620
-0.581519 -0.093930 0.808092 545.213939 0.003870 0.992982 0.118206 23.863985 -0.813524 0.071866 -0.577074 -212.219067
-0.581647 -0.095110 0.807862 547.383376 0.003571 0.992833 0.119457 24.137937 -0.813434 0.072366 -0.577139 -213.754879
-0.581706 -0.097158 0.807575 549.537877 0.001373 0.992722 0.120422 24.415624 -0.813398 0.071159 -0.577339 -215.280985
-0.582755 -0.096803 0.806862 551.714066 0.001570 0.992744 0.120238 24.686517 -0.812647 0.071336 -0.578374 -216.818634
-0.581910 -0.098000 0.807327 553.899443 0.000750 0.992648 0.121037 24.969145 -0.813253 0.071038 -0.577558 -218.360248
-0.582200 -0.099319 0.806957 556.097558 0.000526 0.992465 0.122531 25.247343 -0.813046 0.071762 -0.577760 -219.905772
-0.582752 -0.100352 0.806430 558.279576 0.001210 0.992238 0.124348 25.533880 -0.812649 0.073440 -0.578108 -221.439774
-0.583012 -0.101685 0.806075 560.445145 -0.000472 0.992179 0.124821 25.823969 -0.812464 0.072392 -0.578500 -222.967669
-0.583225 -0.100115 0.806118 562.614881 -0.001290 0.992489 0.122329 26.116912 -0.812310 0.070305 -0.578973 -224.488828
-0.582219 -0.098460 0.807048 564.768903 -0.000897 0.992717 0.120464 26.391827 -0.813032 0.069413 -0.578067 -226.012704
-0.583498 -0.099711 0.805970 566.921111 -0.001308 0.992548 0.121846 26.667192 -0.812114 0.070043 -0.579281 -227.540556
-0.583352 -0.101293 0.805878 569.071570 0.000056 0.992188 0.124751 26.951788 -0.812219 0.072819 -0.578790 -229.071365
-0.582769 -0.102304 0.806172 571.235678 0.000869 0.991965 0.126509 27.242460 -0.812637 0.074426 -0.577998 -230.603366
-0.582721 -0.101810 0.806270 573.402241 0.001133 0.992019 0.126084 27.536851 -0.812672 0.074385 -0.577955 -232.126837
-0.583052 -0.101415 0.806080 575.559719 0.001424 0.992049 0.125842 27.830734 -0.812434 0.074520 -0.578272 -233.660810
-0.582995 -0.101128 0.806158 577.714090 0.002159 0.992027 0.126006 28.122422 -0.812473 0.075201 -0.578128 -235.180560
-0.583755 -0.101791 0.805524 579.873009 0.002658 0.991865 0.127265 28.415908 -0.811926 0.076433 -0.578736 -236.719358
-0.582945 -0.102708 0.805994 582.037928 0.003500 0.991652 0.128898 28.706811 -0.812504 0.077961 -0.577719 -238.244509
-0.582844 -0.103702 0.805940 584.215959 0.002818 0.991559 0.129624 29.008555 -0.812580 0.077822 -0.577632 -239.783414
-0.583260 -0.103762 0.805631 586.400031 0.003337 0.991493 0.130117 29.313157 -0.812279 0.078580 -0.577952 -241.332464
-0.582238 -0.104086 0.806328 588.577912 0.004451 0.991348 0.131184 29.618186 -0.813006 0.079969 -0.576737 -242.867871
-0.582291 -0.105521 0.806103 590.749204 0.004166 0.991140 0.132752 29.929325 -0.812970 0.080659 -0.576693 -244.410157
-0.582096 -0.106980 0.806051 592.924030 0.002376 0.991079 0.133253 30.239199 -0.813116 0.079481 -0.576650 -245.939745
-0.581892 -0.108848 0.805949 595.065772 0.000722 0.990933 0.134353 30.547388 -0.813266 0.078761 -0.576537 -247.441934
-0.581100 -0.107177 0.806744 597.225972 0.001709 0.991128 0.132903 30.856361 -0.813831 0.078609 -0.575761 -248.967768
-0.579977 -0.106134 0.807689 599.401276 0.003866 0.991107 0.133012 31.168741 -0.814624 0.080266 -0.574409 -250.504508
-0.579297 -0.106338 0.808151 601.560578 0.004020 0.991069 0.133289 31.478934 -0.815107 0.080462 -0.573695 -252.025674
-0.579123 -0.107946 0.808062 603.719849 0.003855 0.990821 0.135123 31.784993 -0.815231 0.081368 -0.573392 -253.546123
-0.578545 -0.108253 0.808435 605.890290 0.004353 0.990730 0.135777 32.104715 -0.815639 0.082072 -0.572711 -255.065413
-0.578009 -0.108035 0.808847 608.042607 0.004184 0.990792 0.135327 32.413784 -0.816020 0.081604 -0.572234 -256.569931
-0.577119 -0.108845 0.809374 610.211150 0.003196 0.990770 0.135518 32.732019 -0.816654 0.080797 -0.571444 -258.080414
-0.576808 -0.109259 0.809540 612.399133 0.003003 0.990725 0.135853 33.048636 -0.816874 0.080792 -0.571130 -259.607016
-0.575809 -0.110443 0.810090 614.559983 0.002692 0.990573 0.136963 33.363100 -0.817580 0.081046 -0.570083 -261.106900
-0.575289 -0.111035 0.810379 616.739464 0.002156 0.990534 0.137251 33.686408 -0.817948 0.080706 -0.569604 -262.614162
-0.574379 -0.112881 0.810769 618.923025 0.000071 0.990440 0.137946 34.008295 -0.818590 0.079291 -0.568880 -264.115921
-0.575139 -0.112975 0.810217 621.086602 -0.001311 0.990544 0.137189 34.331165 -0.818055 0.077841 -0.569849 -265.626038
-0.574029 -0.113352 0.810951 623.263896 -0.001277 0.990495 0.137543 34.652430 -0.818834 0.077918 -0.568718 -267.118602
-0.575259 -0.113845 0.810010 625.436731 -0.000477 0.990314 0.138848 34.972259 -0.817971 0.079487 -0.569741 -268.629472
-0.574720 -0.115149 0.810208 627.606754 -0.000713 0.990121 0.140213 35.299042 -0.818350 0.080006 -0.569124 -270.124032
-0.575603 -0.116631 0.809369 629.772338 -0.002279 0.990001 0.141040 35.634528 -0.817726 0.079338 -0.570114 -271.629538
-0.575140 -0.116044 0.809783 631.957553 -0.002863 0.990167 0.139860 35.970295 -0.818050 0.078120 -0.569817 -273.139934
-0.575506 -0.114516 0.809740 634.134953 -0.002745 0.990412 0.138117 36.295989 -0.817793 0.077264 -0.570303 -274.652834
-0.575280 -0.113772 0.810005 636.309602 -0.001645 0.990438 0.137947 36.620991 -0.817955 0.078025 -0.569967 -276.160923
-0.575248 -0.114184 0.809970 638.490180 -0.001701 0.990374 0.138408 36.948462 -0.817977 0.078241 -0.569905 -277.672552
-0.575579 -0.115692 0.809521 640.667163 -0.001216 0.990062 0.140629 37.277980 -0.817746 0.079959 -0.569999 -279.179122
-0.575119 -0.116762 0.809694 642.812662 -0.000833 0.989845 0.142149 37.603879 -0.818069 0.081079 -0.569376 -280.673905
-0.574939 -0.116773 0.809820 644.975543 -0.001225 0.989885 0.141869 37.940217 -0.818195 0.080574 -0.569267 -282.167218
-0.574363 -0.116964 0.810201 647.153282 -0.001321 0.989871 0.141966 38.275290 -0.818600 0.080470 -0.568699 -283.675707
-0.574094 -0.117327 0.810339 649.349574 -0.001654 0.989844 0.142145 38.615048 -0.818788 0.080265 -0.568458 -285.186898
-0.573833 -0.118556 0.810345 651.528411 -0.002403 0.989706 0.143095 38.955831 -0.818969 0.080166 -0.568211 -286.695130
-0.573643 -0.118502 0.810488 653.684951 -0.001528 0.989633 0.143614 39.283699 -0.819104 0.081145 -0.567877 -288.192603
-0.573220 -0.119539 0.810635 655.849472 -0.002234 0.989526 0.144340 39.616586 -0.819399 0.080927 -0.567483 -289.680746
-0.573098 -0.120023 0.810650 658.026342 -0.002930 0.989510 0.144433 39.962620 -0.819482 0.080399 -0.567438 -291.180407
-0.572174 -0.119285 0.811411 660.203138 -0.002053 0.989571 0.144029 40.298399 -0.820130 0.080744 -0.566452 -292.682222
