1.000000 0.000000 0.000000 0.000000 -0.000000 1.000000 0.000000 0.000000 -0.000000 0.000000 1.000000 0.000000
0.999830 -0.003399 -0.018096 0.097544 0.003480 0.999984 0.004463 -0.024897 0.018080 -0.004526 0.999826 1.247854
0.999860 -0.003162 -0.016401 0.170532 0.003243 0.999983 0.004880 -0.040829 0.016386 -0.004933 0.999854 2.047812
0.999822 -0.002811 -0.018675 0.230696 0.002905 0.999983 0.004990 -0.054585 0.018661 -0.005043 0.999813 2.892519
0.999830 -0.003341 -0.018132 0.266085 0.003428 0.999983 0.004779 -0.069334 0.018116 -0.004840 0.999824 3.783832
0.999662 -0.003122 -0.025817 0.316429 0.003269 0.999979 0.005652 -0.085659 0.025798 -0.005735 0.999651 4.746270
0.999654 -0.003559 -0.026054 0.375239 0.003701 0.999979 0.005411 -0.100580 0.026034 -0.005506 0.999646 5.742322
0.999478 -0.004595 -0.031989 0.421056 0.004786 0.999971 0.005891 -0.116023 0.031961 -0.006041 0.999471 6.768821
0.999432 -0.005228 -0.033298 0.444835 0.005438 0.999966 0.006212 -0.127992 0.033264 -0.006390 0.999426 7.870137
0.999285 -0.004039 -0.037595 0.472239 0.004286 0.999970 0.006496 -0.144639 0.037568 -0.006652 0.999272 9.018098
0.999192 -0.004194 -0.039977 0.466469 0.004496 0.999962 0.007467 -0.158420 0.039944 -0.007641 0.999173 10.257787
0.999136 -0.001518 -0.041544 0.451486 0.001883 0.999960 0.008736 -0.174168 0.041530 -0.008807 0.999098 11.555454
0.999020 -0.000383 -0.044266 0.422078 0.000842 0.999946 0.010342 -0.186604 0.044259 -0.010369 0.998966 12.887536
0.999007 -0.000712 -0.044546 0.376737 0.001195 0.999941 0.010808 -0.201467 0.044536 -0.010851 0.998949 14.294397
0.998993 -0.000391 -0.044866 0.309226 0.000897 0.999936 0.011270 -0.213188 0.044859 -0.011298 0.998929 15.767781
0.999001 -0.000268 -0.044685 0.233614 0.000767 0.999938 0.011148 -0.229550 0.044679 -0.011171 0.998939 17.260924
0.999026 0.001656 -0.044101 0.152737 -0.001105 0.999921 0.012529 -0.241170 0.044118 -0.012468 0.998949 18.753717
0.999059 0.001846 -0.043324 0.076072 -0.001296 0.999918 0.012712 -0.254911 0.043344 -0.012644 0.998980 20.225580
0.999064 0.001519 -0.043233 0.003579 -0.001018 0.999932 0.011610 -0.266903 0.043248 -0.011555 0.998998 21.682007
0.999080 0.001814 -0.042848 -0.057380 -0.001398 0.999952 0.009718 -0.279301 0.042864 -0.009649 0.999034 23.133119
0.999105 -0.000005 -0.042294 -0.121723 0.000477 0.999938 0.011152 -0.294757 0.042291 -0.011162 0.999043 24.560321
0.999121 -0.000832 -0.041907 -0.186066 0.001393 0.999910 0.013360 -0.308920 0.041892 -0.013406 0.999032 25.974653
0.999137 -0.002893 -0.041447 -0.246573 0.003488 0.999892 0.014302 -0.319403 0.041401 -0.014434 0.999038 27.376102
0.999134 -0.003465 -0.041464 -0.307783 0.003992 0.999912 0.012640 -0.334862 0.041417 -0.012795 0.999060 28.781020
0.999181 -0.003063 -0.040360 -0.370645 0.003542 0.999924 0.011805 -0.349103 0.040321 -0.011939 0.999115 30.169283
0.999207 -0.002076 -0.039772 -0.435114 0.002501 0.999940 0.010635 -0.363479 0.039748 -0.010726 0.999152 31.536983
0.999247 -0.001140 -0.038791 -0.492118 0.001541 0.999946 0.010314 -0.385316 0.038777 -0.010366 0.999194 32.892739
0.999318 -0.000348 -0.036932 -0.550175 0.000788 0.999929 0.011903 -0.402316 0.036925 -0.011924 0.999247 34.232288
0.999372 -0.000299 -0.035443 -0.612882 0.000786 0.999906 0.013705 -0.418474 0.035435 -0.013724 0.999278 35.546005
0.999443 -0.000433 -0.033361 -0.668484 0.000925 0.999891 0.014731 -0.431801 0.033351 -0.014754 0.999335 36.842555
0.999528 -0.000258 -0.030715 -0.713961 0.000724 0.999885 0.015178 -0.444348 0.030707 -0.015194 0.999413 38.125832
0.999635 -0.000398 -0.027007 -0.754299 0.000784 0.999898 0.014268 -0.456574 0.026999 -0.014284 0.999533 39.389337
0.999740 -0.001425 -0.022775 -0.786368 0.001704 0.999924 0.012246 -0.468566 0.022756 -0.012282 0.999666 40.632709
0.999811 -0.001125 -0.019430 -0.823901 0.001357 0.999928 0.011931 -0.479842 0.019416 -0.011955 0.999740 41.854203
0.999878 -0.001246 -0.015590 -0.856075 0.001443 0.999919 0.012633 -0.494574 0.015573 -0.012654 0.999799 43.063763
0.999952 -0.000142 -0.009810 -0.876280 0.000260 0.999928 0.011976 -0.510287 0.009808 -0.011978 0.999880 44.275685
0.999995 0.001785 -0.002733 -0.887786 -0.001754 0.999934 0.011368 -0.519759 0.002753 -0.011364 0.999932 45.476471
0.999979 0.003469 0.005499 -0.884496 -0.003534 0.999923 0.011887 -0.533765 -0.005458 -0.011906 0.999914 46.665890
0.999886 0.004824 0.014279 -0.879433 -0.005010 0.999902 0.013047 -0.543408 -0.014214 -0.013117 0.999813 47.843523
0.999646 0.007130 0.025618 -0.858393 -0.007472 0.999884 0.013277 -0.554814 -0.025521 -0.013464 0.999584 49.011038
0.999164 0.009213 0.039823 -0.833662 -0.009757 0.999862 0.013478 -0.564533 -0.039693 -0.013855 0.999116 50.164752
0.998403 0.011990 0.055210 -0.790003 -0.012803 0.999814 0.014397 -0.573345 -0.055028 -0.015081 0.998371 51.296351
0.997337 0.013088 0.071753 -0.736517 -0.014251 0.999775 0.015721 -0.583490 -0.071531 -0.016702 0.997299 52.412337
0.995852 0.012260 0.090158 -0.644659 -0.013831 0.999763 0.016828 -0.590300 -0.089931 -0.018006 0.995785 53.520500
0.993862 0.011473 0.110031 -0.522876 -0.013293 0.999786 0.015827 -0.599090 -0.109826 -0.017192 0.993802 54.618634
0.991345 0.009884 0.130907 -0.381672 -0.011901 0.999822 0.014634 -0.606783 -0.130739 -0.016065 0.991287 55.695548
0.988346 0.005637 0.152117 -0.221505 -0.008043 0.999852 0.015207 -0.611061 -0.152009 -0.016253 0.988246 56.769054
0.984584 0.001614 0.174907 -0.043607 -0.004758 0.999835 0.017554 -0.617568 -0.174850 -0.018116 0.984428 57.822291
0.980111 -0.005411 0.198374 0.158650 0.001778 0.999827 0.018489 -0.626345 -0.198440 -0.017769 0.979952 58.852980
0.974769 -0.010647 0.222960 0.394873 0.007022 0.999830 0.017047 -0.634226 -0.223104 -0.015051 0.974679 59.857162
0.968488 -0.016417 0.248518 0.656450 0.012703 0.999782 0.016541 -0.631704 -0.248735 -0.012863 0.968486 60.847467
0.961108 -0.018730 0.275538 0.934577 0.014391 0.999739 0.017759 -0.636804 -0.275798 -0.013103 0.961126 61.820883
0.952610 -0.022540 0.303359 1.238942 0.016959 0.999635 0.021020 -0.639741 -0.303722 -0.014879 0.952644 62.782118
0.943072 -0.027490 0.331450 1.569505 0.021004 0.999512 0.023136 -0.638491 -0.331925 -0.014857 0.943189 63.722935
0.932163 -0.028945 0.360880 1.925814 0.022682 0.999510 0.021580 -0.641523 -0.361328 -0.011930 0.932362 64.641042
0.920305 -0.028928 0.390130 2.314716 0.024694 0.999569 0.015866 -0.644949 -0.390421 -0.004968 0.920623 65.539992
0.907261 -0.031109 0.419415 2.720976 0.028590 0.999516 0.012291 -0.642271 -0.419595 0.000840 0.907711 66.409404
0.893079 -0.034076 0.448607 3.158519 0.032183 0.999412 0.011846 -0.647111 -0.448747 0.003858 0.893650 67.263659
0.877497 -0.032399 0.478486 3.608643 0.028000 0.999475 0.016327 -0.651689 -0.478764 -0.000930 0.877943 68.110869
0.859734 -0.030775 0.509813 4.095048 0.022789 0.999500 0.021903 -0.655768 -0.510233 -0.007213 0.860006 68.932530
0.840073 -0.031045 0.541585 4.602516 0.022290 0.999493 0.022717 -0.657315 -0.542016 -0.007012 0.840339 69.744591
0.819291 -0.023640 0.572890 5.127346 0.017820 0.999717 0.015770 -0.655475 -0.573101 -0.002711 0.819481 70.522516
0.797764 -0.018037 0.602699 5.682832 0.014909 0.999837 0.010189 -0.657333 -0.602785 0.000857 0.797903 71.255211
0.775638 -0.019376 0.630880 6.264571 0.015975 0.999811 0.011067 -0.658337 -0.630976 0.001495 0.775801 71.956552
0.752099 -0.021378 0.658703 6.876808 0.015715 0.999771 0.014505 -0.665439 -0.658863 -0.000558 0.752263 72.653078
0.728135 -0.021392 0.685100 7.497108 0.016822 0.999770 0.013339 -0.678085 -0.685228 0.001812 0.728327 73.327346
0.703027 -0.018989 0.710910 8.136641 0.017120 0.999806 0.009776 -0.684734 -0.710957 0.005298 0.703215 73.976716
0.677004 -0.017061 0.735782 8.796887 0.016002 0.999836 0.008460 -0.688677 -0.735806 0.006047 0.677166 74.594489
0.650004 -0.016102 0.759760 9.477036 0.015071 0.999852 0.008296 -0.694128 -0.759781 0.006058 0.650151 75.176336
0.622372 -0.013718 0.782601 10.195907 0.015569 0.999866 0.005144 -0.708403 -0.782567 0.008983 0.622502 75.734505
0.593262 -0.004558 0.804996 10.941676 0.012722 0.999912 -0.003713 -0.725402 -0.804909 0.012444 0.593268 76.275916
0.563376 0.003415 0.826194 11.693080 0.012505 0.999842 -0.012659 -0.738755 -0.826106 0.017463 0.563244 76.789774
0.532745 0.010543 0.846210 12.467900 0.010630 0.999760 -0.019148 -0.760983 -0.846209 0.019196 0.532505 77.281124
0.501011 0.013621 0.865334 13.260654 0.007460 0.999771 -0.020057 -0.787083 -0.865409 0.016504 0.500794 77.746732
0.468374 0.011942 0.883449 14.079354 0.004399 0.999865 -0.015848 -0.816343 -0.883519 0.011309 0.468258 78.187392
0.435119 0.011471 0.900300 14.909174 -0.000619 0.999922 -0.012441 -0.845499 -0.900373 0.004856 0.435092 78.600805
0.400648 0.013042 0.916139 15.753469 -0.004735 0.999915 -0.012164 -0.874250 -0.916220 0.000535 0.400675 78.991497
0.365599 0.016655 0.930623 16.622767 -0.013303 0.999831 -0.012667 -0.902404 -0.930678 -0.007749 0.365759 79.353063
0.329531 0.017201 0.943988 17.509461 -0.016364 0.999788 -0.012505 -0.925444 -0.944003 -0.011327 0.329742 79.676446
0.294188 0.015931 0.955614 18.412825 -0.018772 0.999765 -0.010888 -0.947080 -0.955563 -0.014736 0.294418 79.969244
0.257725 0.015580 0.966092 19.323412 -0.018336 0.999769 -0.011232 -0.976073 -0.966044 -0.014819 0.257951 80.219849
0.222195 0.014482 0.974894 20.271463 -0.017717 0.999785 -0.010814 -1.001422 -0.974841 -0.014870 0.222404 80.435330
0.186909 0.013505 0.982284 21.227227 -0.013571 0.999846 -0.011164 -1.026639 -0.982284 -0.011244 0.187063 80.614230
0.152402 0.013348 0.988228 22.184892 -0.007101 0.999898 -0.012410 -1.054215 -0.988293 -0.005126 0.152481 80.754635
0.119106 0.018289 0.992713 23.144562 -0.007497 0.999818 -0.017520 -1.082817 -0.992853 -0.005356 0.119222 80.868171
0.087414 0.023313 0.995899 24.109483 -0.003197 0.999728 -0.023122 -1.111702 -0.996167 -0.001163 0.087465 80.955093
0.060310 0.023899 0.997893 25.072472 0.002081 0.999708 -0.024068 -1.144922 -0.998178 0.003528 0.060243 81.004855
0.036471 0.022178 0.999088 26.053341 0.003198 0.999746 -0.022309 -1.183511 -0.999330 0.004009 0.036390 81.027360
0.015077 0.017493 0.999733 27.042136 0.005265 0.999832 -0.017574 -1.211196 -0.999873 0.005529 0.014982 81.045473
-0.002808 0.017806 0.999837 28.030840 0.005277 0.999828 -0.017791 -1.249512 -0.999982 0.005226 -0.002901 81.044998
-0.018086 0.020666 0.999623 29.021835 0.008176 0.999756 -0.020521 -1.279940 -0.999803 0.007802 -0.018251 81.026114
-0.032159 0.026747 0.999125 30.007748 0.011438 0.999586 -0.026391 -1.312680 -0.999417 0.010579 -0.032452 80.983917
-0.043328 0.029904 0.998613 31.003873 0.015523 0.999451 -0.029255 -1.356290 -0.998940 0.014234 -0.043769 80.931671
-0.050480 0.035153 0.998106 31.992645 0.021237 0.999192 -0.034117 -1.400251 -0.998499 0.019475 -0.051185 80.876772
-0.054921 0.039410 0.997712 32.982423 0.023557 0.998994 -0.038164 -1.445393 -0.998213 0.021407 -0.055794 80.817438
-0.058089 0.044520 0.997318 33.981925 0.025853 0.998737 -0.043077 -1.498323 -0.997977 0.023281 -0.059167 80.761721
-0.061073 0.047452 0.997005 34.986839 0.026545 0.998593 -0.045902 -1.555683 -0.997780 0.023662 -0.062247 80.699097
-0.063762 0.050653 0.996679 35.999941 0.026637 0.998442 -0.049039 -1.614686 -0.997610 0.023421 -0.065012 80.635389
-0.066074 0.053884 0.996359 37.003936 0.027944 0.998249 -0.052133 -1.676986 -0.997424 0.024398 -0.067464 80.569146
-0.068002 0.057164 0.996046 38.020622 0.029331 0.998040 -0.055276 -1.746055 -0.997254 0.025456 -0.069546 80.497183
-0.070063 0.057479 0.995885 39.032865 0.029975 0.998009 -0.055493 -1.814972 -0.997092 0.025964 -0.071646 80.428081
-0.072291 0.056112 0.995804 40.056004 0.030416 0.998076 -0.054031 -1.882445 -0.996920 0.026383 -0.073858 80.345227
-0.074534 0.056257 0.995630 41.075777 0.029755 0.998088 -0.054168 -1.953147 -0.996775 0.025587 -0.076066 80.274904
-0.076557 0.057858 0.995385 42.105555 0.029102 0.998019 -0.055773 -2.022774 -0.996641 0.024697 -0.078089 80.191228
-0.079468 0.059588 0.995055 43.131237 0.027909 0.997953 -0.057533 -2.090013 -0.996447 0.023199 -0.080969 80.109243
-0.081955 0.062336 0.994685 44.161727 0.026317 0.997829 -0.060364 -2.165903 -0.996289 0.021230 -0.083417 80.037996
-0.083877 0.066152 0.994278 45.197271 0.024271 0.997634 -0.064328 -2.242092 -0.996181 0.018736 -0.085284 79.957344
-0.086614 0.069859 0.993789 46.236127 0.021066 0.997444 -0.068280 -2.321920 -0.996019 0.015021 -0.087864 79.870555
-0.088900 0.070898 0.993514 47.278617 0.018631 0.997407 -0.069509 -2.405634 -0.995866 0.012331 -0.089990 79.784021
-0.091407 0.067786 0.993504 48.328786 0.015413 0.997657 -0.066651 -2.488886 -0.995694 0.009220 -0.092238 79.699202
-0.094658 0.064253 0.993434 49.388737 0.014017 0.997902 -0.063206 -2.567286 -0.995411 0.007942 -0.095360 79.604145
-0.096883 0.063127 0.993292 50.447081 0.013912 0.997975 -0.062068 -2.649518 -0.995199 0.007805 -0.097565 79.500969
-0.098877 0.064598 0.993001 51.517063 0.014283 0.997880 -0.063493 -2.728878 -0.994997 0.007905 -0.099590 79.399379
-0.099649 0.067731 0.992715 52.587918 0.015892 0.997662 -0.066473 -2.809043 -0.994896 0.009152 -0.100492 79.296050
-0.100298 0.069143 0.992552 53.660221 0.015833 0.997567 -0.067893 -2.890923 -0.994832 0.008905 -0.101148 79.193069
-0.100276 0.069327 0.992541 54.736310 0.013072 0.997575 -0.068358 -2.977848 -0.994874 0.006120 -0.100939 79.082911
-0.100225 0.067599 0.992666 55.809729 0.009678 0.997708 -0.066965 -3.062325 -0.994918 0.002896 -0.100649 78.978129
-0.100546 0.067935 0.992610 56.893607 0.006167 0.997689 -0.067658 -3.150175 -0.994914 -0.000681 -0.100732 78.887616
-0.100576 0.068853 0.992544 57.974721 0.002283 0.997616 -0.068974 -3.235627 -0.994927 -0.004671 -0.100493 78.790899
-0.100237 0.068915 0.992574 59.058303 -0.001854 0.997584 -0.069450 -3.323861 -0.994962 -0.008802 -0.099867 78.688198
-0.100917 0.066795 0.992650 60.145184 -0.005066 0.997696 -0.067649 -3.412019 -0.994882 -0.011856 -0.100346 78.585712
-0.100766 0.059639 0.993121 61.250202 -0.002811 0.998181 -0.060228 -3.497460 -0.994906 -0.008861 -0.100415 78.486941
-0.101271 0.051109 0.993545 62.358964 0.000736 0.998683 -0.051298 -3.575164 -0.994859 -0.004464 -0.101175 78.372125
-0.100078 0.049037 0.993770 63.474656 0.007433 0.998794 -0.048536 -3.646681 -0.994952 0.002530 -0.100322 78.253807
-0.099651 0.053034 0.993608 64.591110 0.016886 0.998525 -0.051603 -3.715417 -0.994879 0.011636 -0.100400 78.132494
-0.098510 0.058360 0.993423 65.712103 0.021293 0.998174 -0.056527 -3.784551 -0.994908 0.015585 -0.099572 78.006758
-0.098319 0.063401 0.993133 66.825583 0.025965 0.997792 -0.061128 -3.860481 -0.994816 0.019777 -0.099748 77.898061
-0.098061 0.064297 0.993101 67.937619 0.021605 0.997813 -0.062468 -3.943257 -0.994946 0.015331 -0.099235 77.778183
-0.097002 0.061967 0.993353 69.068588 0.021303 0.997961 -0.060174 -4.023505 -0.995056 0.015325 -0.098124 77.678237
-0.096748 0.057367 0.993654 70.209530 0.019190 0.998260 -0.055765 -4.104644 -0.995124 0.013673 -0.097680 77.572067
-0.096840 0.056451 0.993698 71.352813 0.017695 0.998330 -0.054990 -4.184289 -0.995143 0.012258 -0.097677 77.465396
-0.095947 0.058251 0.993680 72.500002 0.016869 0.998238 -0.056889 -4.260934 -0.995244 0.011304 -0.096761 77.360387
-0.095962 0.063717 0.993343 73.643416 0.018663 0.997889 -0.062206 -4.347120 -0.995210 0.012570 -0.096948 77.257383
-0.095319 0.065770 0.993271 74.781978 0.017752 0.997769 -0.064365 -4.428744 -0.995289 0.011497 -0.096274 77.146843
-0.095083 0.060693 0.993617 75.934630 0.017186 0.998091 -0.059322 -4.512807 -0.995321 0.011435 -0.095945 77.027802
-0.095157 0.055469 0.993915 77.108783 0.019539 0.998358 -0.053846 -4.600520 -0.995271 0.014296 -0.096084 76.923627
-0.095422 0.056037 0.993858 78.279762 0.018607 0.998340 -0.054503 -4.677745 -0.995263 0.013292 -0.096306 76.823487
-0.095178 0.060084 0.993645 79.453257 0.016579 0.998134 -0.058767 -4.756337 -0.995322 0.010880 -0.095996 76.721271
-0.094678 0.061544 0.993604 80.611901 0.015754 0.998055 -0.060318 -4.833378 -0.995384 0.009942 -0.095463 76.617600
-0.095412 0.059897 0.993634 81.784180 0.014579 0.998165 -0.058770 -4.919554 -0.995331 0.008879 -0.096111 76.507941
-0.094376 0.056548 0.993929 82.973939 0.014610 0.998357 -0.055413 -5.003264 -0.995430 0.009292 -0.095048 76.398668
-0.093053 0.056302 0.994068 84.171645 0.015522 0.998361 -0.055092 -5.087621 -0.995540 0.010303 -0.093774 76.289379
-0.091947 0.056632 0.994152 85.368812 0.017752 0.998316 -0.055227 -5.168570 -0.995606 0.012570 -0.092798 76.178919
-0.091178 0.056579 0.994226 86.565547 0.019289 0.998298 -0.055042 -5.245803 -0.995648 0.014159 -0.092115 76.079406
-0.090257 0.056853 0.994294 87.759369 0.019399 0.998280 -0.055320 -5.327005 -0.995730 0.014295 -0.091205 75.973822
-0.088659 0.055761 0.994500 88.966793 0.020731 0.998319 -0.054127 -5.406456 -0.995847 0.015818 -0.089665 75.872684
-0.087478 0.054610 0.994668 90.193466 0.020462 0.998384 -0.053014 -5.490498 -0.995956 0.015715 -0.088454 75.765620
-0.085864 0.053400 0.994875 91.410352 0.018898 0.998470 -0.051962 -5.566261 -0.996128 0.014339 -0.086742 75.668607
-0.084700 0.053338 0.994978 92.634993 0.019749 0.998460 -0.051843 -5.643522 -0.996211 0.015259 -0.085622 75.563853
-0.082548 0.054357 0.995103 93.857355 0.018304 0.998426 -0.053020 -5.723139 -0.996419 0.013838 -0.083413 75.472823
-0.081628 0.056371 0.995067 95.082661 0.020149 0.998289 -0.054901 -5.802288 -0.996459 0.015568 -0.082624 75.374108
-0.081031 0.054596 0.995215 96.334116 0.015744 0.998444 -0.053491 -5.879931 -0.996587 0.011334 -0.081764 75.278561
-0.080406 0.053698 0.995315 97.579632 0.012406 0.998524 -0.052869 -5.965608 -0.996685 0.008097 -0.080953 75.189399
-0.080700 0.054686 0.995237 98.822937 0.010087 0.998487 -0.054047 -6.046625 -0.996688 0.005677 -0.081130 75.099973
-0.081168 0.052892 0.995296 100.074819 0.007048 0.998596 -0.052493 -6.121811 -0.996676 0.002754 -0.081427 75.012220
-0.082331 0.050624 0.995318 101.332884 0.003494 0.998718 -0.050508 -6.203162 -0.996599 -0.000681 -0.082402 74.921519
-0.084122 0.049664 0.995217 102.590156 0.001769 0.998763 -0.049692 -6.285582 -0.996454 -0.002420 -0.084106 74.821386
-0.085574 0.049306 0.995111 103.845748 0.001063 0.998779 -0.049396 -6.364559 -0.996331 -0.003169 -0.085522 74.720689
-0.087612 0.049059 0.994946 105.114106 0.001302 0.998791 -0.049134 -6.445551 -0.996154 -0.003009 -0.087570 74.613622
-0.090492 0.045904 0.994839 106.382353 -0.001192 0.998931 -0.046202 -6.523568 -0.995897 -0.005366 -0.090340 74.504017
-0.093608 0.043033 0.994679 107.640421 -0.003241 0.999047 -0.043527 -6.598598 -0.995604 -0.007298 -0.093379 74.405093
-0.098138 0.045112 0.994150 108.895727 -0.004419 0.998942 -0.045766 -6.672711 -0.995163 -0.008885 -0.097835 74.290133
-0.105155 0.051021 0.993146 110.150957 -0.010853 0.998565 -0.052449 -6.748311 -0.994397 -0.016294 -0.104450 74.168432
-0.112838 0.050483 0.992330 111.396249 -0.006656 0.998648 -0.051561 -6.829040 -0.993591 -0.012423 -0.112350 74.039979
-0.122980 0.046772 0.991306 112.646005 -0.007686 0.998814 -0.048080 -6.911665 -0.992380 -0.013533 -0.122475 73.894673
-0.134766 0.044254 0.989889 113.871660 -0.005261 0.998956 -0.045375 -6.988781 -0.990864 -0.011323 -0.134392 73.740009
-0.148158 0.045810 0.987902 115.081280 -0.003516 0.998896 -0.046848 -7.066219 -0.988958 -0.010414 -0.147834 73.579805
-0.162198 0.044649 0.985747 116.284589 -0.003018 0.998949 -0.045744 -7.137299 -0.986754 -0.010394 -0.161892 73.398215
-0.177043 0.044638 0.983190 117.493529 -0.000486 0.998967 -0.045442 -7.213776 -0.984203 -0.008523 -0.176839 73.190087
-0.192645 0.046318 0.980175 118.693120 0.002775 0.998907 -0.046658 -7.293314 -0.981265 -0.006269 -0.192563 72.955011
-0.207707 0.051611 0.976828 119.895131 0.003758 0.998642 -0.051964 -7.372906 -0.978184 -0.007122 -0.207619 72.711048
-0.223858 0.052659 0.973198 121.093145 0.001887 0.998561 -0.053597 -7.452820 -0.974620 -0.010162 -0.223635 72.443744
-0.240058 0.048910 0.969525 122.267960 -0.003535 0.998679 -0.051256 -7.537702 -0.970752 -0.015732 -0.239568 72.168140
-0.255867 0.042490 0.965778 123.450190 -0.010197 0.998859 -0.046647 -7.612693 -0.966658 -0.021783 -0.255142 71.879179
-0.271472 0.041512 0.961551 124.632551 -0.011552 0.998857 -0.046384 -7.692853 -0.962377 -0.023700 -0.270682 71.578517
-0.286114 0.042845 0.957237 125.799653 -0.012608 0.998745 -0.048472 -7.768270 -0.958113 -0.025937 -0.285215 71.258668
-0.300212 0.045329 0.952795 126.950363 -0.012102 0.998609 -0.051322 -7.841426 -0.953796 -0.026938 -0.299245 70.918108
-0.314565 0.046306 0.948106 128.092688 -0.011175 0.998560 -0.052478 -7.919670 -0.949170 -0.027103 -0.313594 70.544974
-0.328955 0.045924 0.943228 129.218437 -0.009515 0.998605 -0.051938 -8.001890 -0.944298 -0.026061 -0.328059 70.149162
-0.343669 0.043000 0.938106 130.345914 -0.011463 0.998685 -0.049976 -8.080208 -0.939021 -0.027929 -0.342724 69.739725
-0.358186 0.042461 0.932684 131.472953 -0.011327 0.998694 -0.049816 -8.163753 -0.933582 -0.028408 -0.357238 69.319827
-0.373713 0.044926 0.926456 132.589086 -0.010958 0.998543 -0.052842 -8.241747 -0.927480 -0.029900 -0.372676 68.895644
-0.388301 0.046928 0.920337 133.686566 -0.010468 0.998413 -0.055326 -8.319856 -0.921473 -0.031117 -0.387194 68.455803
-0.403201 0.048372 0.913832 134.773871 -0.009142 0.998339 -0.056878 -8.402757 -0.915066 -0.031287 -0.402089 67.986641
-0.417830 0.051930 0.907040 135.865520 -0.006378 0.998173 -0.060086 -8.490323 -0.908503 -0.030891 -0.416736 67.485228
-0.433104 0.055135 0.899656 136.945730 -0.007332 0.997879 -0.064684 -8.577921 -0.901314 -0.034611 -0.431781 66.969616
-0.448404 0.055701 0.892094 138.029886 -0.005904 0.997850 -0.065272 -8.667444 -0.893812 -0.034536 -0.447111 66.446503
-0.464504 0.051239 0.884087 139.111265 -0.009944 0.997960 -0.063063 -8.753862 -0.885515 -0.038084 -0.463047 65.903765
-0.480557 0.048628 0.875614 140.202385 -0.011864 0.998010 -0.061936 -8.845757 -0.876883 -0.040152 -0.479024 65.337401
-0.496888 0.048869 0.866438 141.273945 -0.011650 0.997948 -0.062967 -8.937093 -0.867737 -0.041382 -0.495299 64.742935
-0.512915 0.047317 0.857134 142.328932 -0.013760 0.997898 -0.063321 -9.023727 -0.858329 -0.044272 -0.511186 64.117225
-0.529099 0.046336 0.847294 143.385285 -0.015133 0.997834 -0.064018 -9.117033 -0.848425 -0.046694 -0.527252 63.475615
-0.544621 0.045899 0.837425 144.426912 -0.016104 0.997745 -0.065159 -9.211368 -0.838528 -0.048972 -0.542654 62.818237
-0.560508 0.045057 0.826922 145.460170 -0.016136 0.997735 -0.065301 -9.306323 -0.827992 -0.049945 -0.558511 62.147847
-0.575707 0.041069 0.816624 146.486810 -0.017331 0.997901 -0.062403 -9.397400 -0.817472 -0.050079 -0.573787 61.451731
-0.591160 0.038196 0.805650 147.497877 -0.017350 0.998045 -0.060049 -9.487976 -0.806368 -0.049476 -0.589341 60.732001
-0.606450 0.036554 0.794280 148.509034 -0.016542 0.998146 -0.058566 -9.579115 -0.794949 -0.048656 -0.604722 59.969536
-0.621415 0.036677 0.782622 149.503745 -0.017274 0.998019 -0.060487 -9.674313 -0.783291 -0.051107 -0.619551 59.199935
-0.636737 0.036979 0.770194 150.479289 -0.019033 0.997791 -0.063642 -9.765699 -0.770846 -0.055183 -0.634627 58.417801
-0.652302 0.036326 0.757088 151.445125 -0.021001 0.997601 -0.065961 -9.857987 -0.757669 -0.058926 -0.649974 57.612229
-0.668536 0.029415 0.743097 152.405423 -0.025216 0.997746 -0.062181 -9.950740 -0.743252 -0.060308 -0.666288 56.783686
-0.685044 0.024458 0.728091 153.352091 -0.027471 0.997858 -0.059367 -10.047711 -0.727984 -0.060671 -0.682905 55.930280
-0.702557 0.022840 0.711260 154.274028 -0.027699 0.997850 -0.059403 -10.141506 -0.711088 -0.061436 -0.700414 55.046850
-0.720382 0.020094 0.693286 155.180214 -0.030102 0.997733 -0.060196 -10.230779 -0.692924 -0.064233 -0.718144 54.140128
-0.738225 0.014778 0.674392 156.061160 -0.034077 0.997666 -0.059164 -10.318760 -0.673693 -0.066658 -0.735999 53.215178
-0.754889 0.016977 0.655633 156.921257 -0.031191 0.997604 -0.061745 -10.415376 -0.655111 -0.067061 -0.752551 52.263832
-0.771146 0.016064 0.636455 157.760035 -0.030453 0.997607 -0.062076 -10.512692 -0.635930 -0.067252 -0.768811 51.294811
-0.786404 0.018979 0.617420 158.562639 -0.024756 0.997757 -0.062202 -10.608089 -0.617216 -0.064201 -0.784170 50.293891
-0.801349 0.017586 0.597938 159.345911 -0.023662 0.997854 -0.061059 -10.707155 -0.597729 -0.063078 -0.799213 49.255869
-0.816111 0.021257 0.577504 160.091824 -0.020838 0.997591 -0.066167 -10.811290 -0.577520 -0.066033 -0.813702 48.211671
-0.830134 0.021476 0.557150 160.818546 -0.020523 0.997404 -0.069024 -10.911914 -0.557186 -0.068733 -0.827538 47.157000
-0.842977 0.021196 0.537532 161.516853 -0.017882 0.997567 -0.067379 -11.008813 -0.537652 -0.066411 -0.840547 46.096388
-0.854518 0.018724 0.519084 162.190596 -0.018546 0.997613 -0.066515 -11.116931 -0.519091 -0.066465 -0.852131 45.009351
-0.864807 0.023805 0.501539 162.846218 -0.012720 0.997516 -0.069279 -11.223013 -0.501943 -0.066293 -0.862357 43.902881
-0.874589 0.024685 0.484236 163.468847 -0.012045 0.997289 -0.072594 -11.327245 -0.484715 -0.069323 -0.871921 42.790133
-0.883674 0.020690 0.467644 164.079954 -0.015102 0.997243 -0.072659 -11.433400 -0.467858 -0.071269 -0.880925 41.681175
-0.891648 0.020041 0.452285 164.677936 -0.014609 0.997226 -0.072987 -11.545153 -0.452493 -0.071686 -0.888882 40.555968
-0.898919 0.016750 0.437795 165.252557 -0.016576 0.997253 -0.072191 -11.652748 -0.437801 -0.072151 -0.896172 39.414096
-0.905246 0.015613 0.424601 165.813667 -0.016915 0.997208 -0.072732 -11.765677 -0.424552 -0.073022 -0.902454 38.259170
-0.911479 0.011554 0.411185 166.348051 -0.019322 0.997299 -0.070855 -11.870273 -0.410894 -0.072528 -0.908794 37.094254
-0.917159 0.006582 0.398467 166.874206 -0.022092 0.997486 -0.067325 -11.974185 -0.397908 -0.070551 -0.914708 35.924994
-0.921938 0.003171 0.387325 167.382566 -0.023082 0.997740 -0.063108 -12.075146 -0.386650 -0.067121 -0.919781 34.745410
-0.926090 0.006825 0.377241 167.878419 -0.018101 0.997881 -0.062490 -12.172983 -0.376869 -0.064699 -0.924004 33.547157
-0.929144 0.010659 0.369565 168.353464 -0.013581 0.997926 -0.062928 -12.270571 -0.369470 -0.063488 -0.927071 32.355906
-0.931179 0.016639 0.364183 168.808297 -0.008511 0.997694 -0.067344 -12.368485 -0.364464 -0.065809 -0.928889 31.168949
-0.933007 0.017545 0.359429 169.266067 -0.006904 0.997754 -0.066624 -12.468360 -0.359791 -0.064642 -0.930791 29.975260
-0.934836 0.012318 0.354866 169.731647 -0.011686 0.997789 -0.065419 -12.572456 -0.354887 -0.065303 -0.932626 28.775878
-0.936648 0.003930 0.350251 170.213750 -0.018535 0.997980 -0.060764 -12.668596 -0.349782 -0.063406 -0.934683 27.583736
-0.938311 -0.001519 0.345789 170.676971 -0.024168 0.997833 -0.061196 -12.768887 -0.344947 -0.065778 -0.936315 26.381215
-0.939971 -0.005998 0.341202 171.125301 -0.029260 0.997580 -0.063073 -12.862526 -0.339998 -0.069270 -0.937871 25.172774
-0.940909 -0.007621 0.338574 171.570677 -0.031729 0.997333 -0.065728 -12.959427 -0.337171 -0.072587 -0.938641 23.969406
-0.941620 -0.006448 0.336615 172.011324 -0.030882 0.997256 -0.067283 -13.061667 -0.335257 -0.073751 -0.939236 22.767013
-0.941759 -0.005334 0.336245 172.452499 -0.030369 0.997138 -0.069240 -13.165651 -0.334914 -0.075419 -0.939226 21.554293
-0.941323 -0.003071 0.337494 172.879350 -0.028664 0.997073 -0.070877 -13.276283 -0.336289 -0.076393 -0.938655 20.346624
-0.940967 -0.001593 0.338495 173.314198 -0.027629 0.997014 -0.072112 -13.379017 -0.337369 -0.077207 -0.938201 19.145736
-0.940299 -0.000858 0.340350 173.752977 -0.027328 0.996959 -0.072984 -13.491960 -0.339252 -0.077928 -0.937462 17.937853
-0.939821 0.000380 0.341666 174.194951 -0.025960 0.997029 -0.072517 -13.603169 -0.340678 -0.077023 -0.937020 16.722254
-0.938622 -0.000418 0.344946 174.631837 -0.027120 0.996993 -0.072588 -13.721123 -0.343879 -0.077488 -0.935811 15.528349
-0.937046 -0.001552 0.349204 175.094994 -0.028299 0.997039 -0.071506 -13.829801 -0.348059 -0.076886 -0.934314 14.327979
-0.935031 -0.003165 0.354553 175.563814 -0.029385 0.997212 -0.068591 -13.941923 -0.353347 -0.074553 -0.932517 13.126844
-0.932513 -0.006878 0.361072 176.050221 -0.032545 0.997351 -0.065052 -14.041159 -0.359668 -0.072413 -0.930266 11.946192
-0.929762 -0.005765 0.368116 176.525418 -0.031333 0.997489 -0.063515 -14.144428 -0.366825 -0.070588 -0.927608 10.772411
-0.926661 -0.004437 0.375871 176.990698 -0.030012 0.997612 -0.062214 -14.244754 -0.374697 -0.068932 -0.924581 9.603924
-0.923060 0.000953 0.384656 177.471459 -0.025268 0.997687 -0.063107 -14.333031 -0.383826 -0.067971 -0.920900 8.428116
-0.918976 -0.001083 0.394312 177.957710 -0.028355 0.997589 -0.063343 -14.427051 -0.393293 -0.069391 -0.916791 7.265120
-0.914083 0.004714 0.405501 178.474911 -0.023095 0.997704 -0.063659 -14.530579 -0.404870 -0.067554 -0.911875 6.103023
-0.908408 0.004807 0.418056 179.013855 -0.024276 0.997640 -0.064222 -14.627740 -0.417379 -0.068489 -0.906148 4.942270
-0.902021 0.008328 0.431611 179.564594 -0.022069 0.997617 -0.065371 -14.729467 -0.431127 -0.068492 -0.899688 3.790420
-0.895906 0.008245 0.444167 180.140679 -0.022369 0.997722 -0.063641 -14.824760 -0.443680 -0.066952 -0.893681 2.643196
-0.889002 0.009382 0.457806 180.719998 -0.021198 0.997875 -0.061613 -14.922171 -0.457412 -0.064479 -0.886914 1.501785
-0.881743 0.011841 0.471581 181.316937 -0.019171 0.997960 -0.060903 -15.016663 -0.471340 -0.062742 -0.879717 0.377061
-0.874476 0.014061 0.484865 181.935115 -0.017066 0.998069 -0.059723 -15.113480 -0.484768 -0.060501 -0.872548 -0.729903
-0.866649 0.014889 0.498696 182.559237 -0.016152 0.998193 -0.057871 -15.210127 -0.498657 -0.058209 -0.864843 -1.822957
-0.858270 0.018275 0.512873 183.203497 -0.011403 0.998440 -0.054659 -15.302977 -0.513072 -0.052760 -0.856723 -2.905686
-0.850366 0.020497 0.525792 183.857406 -0.008985 0.998530 -0.053457 -15.391072 -0.526115 -0.050182 -0.848932 -3.974672
-0.839631 0.024084 0.542624 184.529055 -0.005370 0.998600 -0.052631 -15.479779 -0.543132 -0.047104 -0.838325 -5.025418
-0.828364 0.024187 0.559667 185.221094 -0.005678 0.998654 -0.051563 -15.565116 -0.560161 -0.045890 -0.827112 -6.052004
-0.817211 0.027020 0.575704 185.932680 -0.002162 0.998750 -0.049944 -15.649665 -0.576334 -0.042059 -0.816131 -7.069089
-0.805505 0.027859 0.591934 186.657175 -0.001042 0.998826 -0.048426 -15.727504 -0.592589 -0.039624 -0.804530 -8.070323
-0.793110 0.030067 0.608336 187.399664 0.000323 0.998801 -0.048945 -15.804650 -0.609079 -0.038622 -0.792169 -9.043173
-0.780663 0.030672 0.624199 188.163193 0.001732 0.998897 -0.046918 -15.879404 -0.624950 -0.035546 -0.779856 -10.011504
-0.765827 0.031548 0.642272 188.943654 0.003756 0.998998 -0.044591 -15.950736 -0.643036 -0.031737 -0.765179 -10.958948
-0.748585 0.032594 0.662237 189.758344 0.004829 0.999032 -0.043713 -16.030860 -0.663021 -0.029525 -0.748018 -11.894947
-0.731203 0.035984 0.681210 190.583730 0.007207 0.998960 -0.045032 -16.103495 -0.682122 -0.028018 -0.730701 -12.799173
-0.711513 0.037253 0.701684 191.423695 0.008669 0.998983 -0.044246 -16.174280 -0.702619 -0.025399 -0.711113 -13.660098
-0.693802 0.036304 0.719250 192.294342 0.007076 0.999024 -0.043600 -16.247692 -0.720132 -0.025161 -0.693381 -14.501776
-0.672313 0.038445 0.739268 193.171941 0.010385 0.999042 -0.042510 -16.325716 -0.740194 -0.020902 -0.672068 -15.308911
-0.651814 0.039973 0.757325 194.066772 0.012173 0.999033 -0.042254 -16.392067 -0.758281 -0.018323 -0.651670 -16.086550
-0.630858 0.039096 0.774913 194.991401 0.009791 0.999051 -0.042433 -16.462415 -0.775837 -0.019182 -0.630642 -16.845121
-0.609312 0.040548 0.791893 195.925670 0.011866 0.999046 -0.042025 -16.531819 -0.792842 -0.016210 -0.609212 -17.565387
-0.585789 0.038641 0.809542 196.885850 0.008672 0.999104 -0.041414 -16.595580 -0.810417 -0.017239 -0.585600 -18.262795
-0.563149 0.040676 0.825354 197.861523 0.010743 0.999064 -0.041906 -16.669701 -0.826286 -0.014733 -0.563059 -18.935636
-0.538830 0.040696 0.841431 198.857077 0.007773 0.999030 -0.043340 -16.733744 -0.842379 -0.016813 -0.538623 -19.574563
-0.510498 0.041947 0.858855 199.848530 0.011918 0.999059 -0.041711 -16.805267 -0.859796 -0.011058 -0.510518 -20.177473
-0.485400 0.040887 0.873335 200.856633 0.010592 0.999108 -0.040888 -16.869796 -0.874228 -0.010597 -0.485400 -20.767185
-0.456937 0.040031 0.888598 201.907027 0.010223 0.999157 -0.039755 -16.928060 -0.889441 -0.009081 -0.456961 -21.313681
-0.428066 0.038967 0.902907 202.977253 0.007908 0.999193 -0.039373 -16.987507 -0.903713 -0.009714 -0.428029 -21.821169
-0.395637 0.040129 0.917530 204.066555 0.010277 0.999176 -0.039268 -17.053572 -0.918349 -0.006107 -0.395724 -22.304086
-0.365529 0.041357 0.929881 205.148295 0.010393 0.999131 -0.040352 -17.113057 -0.930742 -0.005086 -0.365641 -22.733431
-0.334001 0.042341 0.941621 206.233418 0.011802 0.999100 -0.040739 -17.179278 -0.942499 -0.002494 -0.334200 -23.118512
-0.301887 0.042860 0.952380 207.326649 0.013639 0.999081 -0.040638 -17.243489 -0.953246 0.000722 -0.302194 -23.484978
-0.270205 0.041485 0.961909 208.453282 0.014817 0.999132 -0.038928 -17.306164 -0.962689 0.003734 -0.270585 -23.815614
-0.234304 0.039814 0.971348 209.593147 0.016069 0.999183 -0.037079 -17.367769 -0.972031 0.006920 -0.234752 -24.107828
-0.198799 0.038329 0.979290 210.751589 0.018167 0.999207 -0.035421 -17.432271 -0.979872 0.010749 -0.199337 -24.351714
-0.164836 0.037493 0.985608 211.917688 0.017382 0.999232 -0.035104 -17.492377 -0.986168 0.011346 -0.165361 -24.558088
-0.129839 0.037104 0.990840 213.082780 0.018013 0.999223 -0.035058 -17.550380 -0.991372 0.013296 -0.130406 -24.719146
-0.093671 0.036005 0.994952 214.246870 0.019655 0.999218 -0.034308 -17.598650 -0.995409 0.016342 -0.094305 -24.844182
-0.057260 0.035520 0.997727 215.419283 0.018154 0.999239 -0.034532 -17.657132 -0.998194 0.016135 -0.057861 -24.926272
-0.022145 0.035676 0.999118 216.582500 0.018494 0.999207 -0.035269 -17.713609 -0.999584 0.017697 -0.022787 -24.962377
0.011001 0.034315 0.999350 217.747046 0.019305 0.999217 -0.034523 -17.766565 -0.999753 0.019672 0.010330 -24.954000
0.044994 0.033682 0.998419 218.905018 0.021188 0.999174 -0.034663 -17.821630 -0.998763 0.022714 0.044243 -24.893170
0.077303 0.033158 0.996456 220.072096 0.018191 0.999234 -0.034661 -17.880126 -0.996842 0.020805 0.076641 -24.798854
0.111161 0.031143 0.993314 221.230484 0.020702 0.999219 -0.033645 -17.938239 -0.993587 0.024304 0.110429 -24.686580
0.141993 0.028894 0.989446 222.387289 0.023313 0.999199 -0.032524 -17.986520 -0.989593 0.027685 0.141205 -24.533101
0.173504 0.028424 0.984423 223.552462 0.023907 0.999167 -0.033063 -18.048590 -0.984543 0.029271 0.172681 -24.346665
0.203247 0.027382 0.978744 224.723489 0.027060 0.999070 -0.033570 -18.100855 -0.978754 0.033308 0.202317 -24.115922
0.232676 0.026403 0.972196 225.875784 0.028698 0.999010 -0.033999 -18.159609 -0.972131 0.035810 0.231688 -23.842269
0.263899 0.025273 0.964219 227.013304 0.030266 0.998947 -0.034466 -18.215880 -0.964076 0.038279 0.262856 -23.551457
0.292056 0.023638 0.956109 228.153407 0.034755 0.998772 -0.035309 -18.274349 -0.955770 0.043542 0.290875 -23.222619
0.321994 0.021171 0.946505 229.273157 0.038131 0.998649 -0.035309 -18.333019 -0.945974 0.047460 0.320751 -22.846288
0.352151 0.020001 0.935729 230.390462 0.041249 0.998469 -0.036866 -18.400106 -0.935034 0.051581 0.350786 -22.443080
0.382049 0.018178 0.923963 231.499461 0.042337 0.998413 -0.037148 -18.455229 -0.923172 0.053310 0.380673 -22.004931
0.407998 0.018423 0.912797 232.595801 0.040005 0.998475 -0.038034 -18.520314 -0.912106 0.052035 0.406639 -21.522223
0.436770 0.016549 0.899421 233.672082 0.044494 0.998210 -0.039974 -18.584287 -0.898472 0.057478 0.435252 -21.000887
0.464542 0.019469 0.885337 234.737176 0.044347 0.997992 -0.045216 -18.648643 -0.884440 0.060267 0.462746 -20.452470
0.491109 0.019482 0.870880 235.789825 0.045100 0.997840 -0.047755 -18.719016 -0.869930 0.062730 0.489170 -19.880554
0.519008 0.016508 0.854610 236.813551 0.046977 0.997752 -0.047802 -18.790849 -0.853478 0.064957 0.517066 -19.286053
0.543631 0.013665 0.839213 237.827179 0.048510 0.997685 -0.047669 -18.868909 -0.837922 0.066624 0.541709 -18.636135
0.569242 0.012312 0.822078 238.823814 0.047938 0.997690 -0.048136 -18.940609 -0.820771 0.066810 0.567337 -17.951518
0.590650 0.013145 0.806821 239.809275 0.045590 0.997727 -0.049631 -19.013515 -0.805639 0.066097 0.588708 -17.243407
0.610047 0.012936 0.792259 240.770342 0.043943 0.997776 -0.050128 -19.088467 -0.791146 0.065395 0.608122 -16.505677
0.630195 0.011257 0.776355 241.721416 0.044538 0.997724 -0.050620 -19.167975 -0.775158 0.066478 0.628260 -15.744129
0.647173 0.008933 0.762291 242.668024 0.045089 0.997732 -0.049972 -19.244770 -0.761009 0.066711 0.645302 -14.951425
0.662650 0.005590 0.748908 243.585579 0.047812 0.997617 -0.049751 -19.321748 -0.747402 0.068775 0.660803 -14.140854
0.678261 0.004335 0.734809 244.476703 0.047286 0.997653 -0.049533 -19.394668 -0.733299 0.068342 0.676463 -13.315776
0.693012 0.003628 0.720917 245.363842 0.047462 0.997588 -0.050646 -19.468279 -0.719362 0.069314 0.691169 -12.482898
0.707976 0.002919 0.706230 246.236763 0.046864 0.997593 -0.051104 -19.544811 -0.704680 0.069277 0.706135 -11.609579
0.722372 0.000117 0.691505 247.092368 0.048127 0.997567 -0.050444 -19.620782 -0.689828 0.069720 0.720608 -10.722167
0.737552 -0.002383 0.675286 247.938608 0.047153 0.997735 -0.047980 -19.690493 -0.673642 0.067230 0.735994 -9.815223
0.750456 -0.006042 0.660893 248.775556 0.048703 0.997745 -0.046182 -19.767735 -0.659124 0.066845 0.749058 -8.879445
0.764225 -0.007916 0.644901 249.585581 0.049763 0.997668 -0.046724 -19.838822 -0.643027 0.067800 0.762836 -7.934496
0.776686 -0.008419 0.629832 250.372582 0.050346 0.997541 -0.048751 -19.912583 -0.627873 0.069574 0.775200 -6.974171
0.788549 -0.010299 0.614886 251.140625 0.051206 0.997487 -0.048961 -19.984620 -0.612837 0.070094 0.787094 -5.989241
0.799584 -0.011973 0.600434 251.897288 0.051196 0.997521 -0.048286 -20.063626 -0.598368 0.069348 0.798215 -4.978120
0.809719 -0.014846 0.586630 252.645809 0.052479 0.997506 -0.047192 -20.142239 -0.584467 0.068998 0.808479 -3.954960
0.819607 -0.017850 0.572648 253.377134 0.054243 0.997442 -0.046544 -20.220506 -0.570352 0.069210 0.818479 -2.915988
0.828901 -0.017287 0.559128 254.095435 0.053613 0.997376 -0.048643 -20.299189 -0.556820 0.070297 0.827653 -1.861947
0.837348 -0.022174 0.546221 254.799335 0.058864 0.997025 -0.049764 -20.375839 -0.543493 0.073823 0.836162 -0.801217
0.845456 -0.023382 0.533533 255.495016 0.058860 0.997034 -0.049578 -20.451839 -0.530792 0.073320 0.844325 0.276922
0.852174 -0.027144 0.522554 256.171456 0.062094 0.996843 -0.049481 -20.531765 -0.519561 0.074614 0.851169 1.380499
0.858841 -0.029046 0.511418 256.837215 0.063685 0.996700 -0.050341 -20.611355 -0.508268 0.075805 0.857856 2.481941
0.863297 -0.030119 0.503796 257.495589 0.063544 0.996761 -0.049298 -20.694271 -0.500679 0.074572 0.862415 3.605586
0.866864 -0.030927 0.497584 258.145744 0.063293 0.996825 -0.048310 -20.774092 -0.494511 0.073372 0.866069 4.741005
0.869616 -0.032743 0.492642 258.796699 0.063966 0.996861 -0.046659 -20.853712 -0.489568 0.072088 0.868980 5.901101
0.871620 -0.033022 0.489068 259.437185 0.064384 0.996797 -0.047440 -20.935815 -0.485935 0.072838 0.870955 7.057826
0.874608 -0.035094 0.483558 260.075861 0.065478 0.996789 -0.046089 -21.014008 -0.480388 0.071972 0.874098 8.211840
0.876767 -0.036723 0.479511 260.705217 0.066245 0.996798 -0.044787 -21.089980 -0.476331 0.071033 0.876392 9.363978
0.878522 -0.038810 0.476123 261.344831 0.068118 0.996687 -0.044447 -21.165972 -0.472821 0.071480 0.878254 10.536683
0.880709 -0.039892 0.471974 261.974156 0.069099 0.996608 -0.044705 -21.242493 -0.468590 0.071985 0.880478 11.708709
0.882854 -0.040532 0.467896 262.598430 0.069157 0.996628 -0.044154 -21.317906 -0.464528 0.071340 0.882680 12.882741
0.884505 -0.041419 0.464688 263.220887 0.069734 0.996599 -0.043903 -21.392479 -0.461289 0.071236 0.884385 14.066887
0.886228 -0.042118 0.461330 263.835841 0.069934 0.996609 -0.043359 -21.469007 -0.457939 0.070689 0.886169 15.247147
0.887839 -0.041825 0.458249 264.435750 0.069322 0.996652 -0.043343 -21.547286 -0.454902 0.070248 0.887767 16.429653
0.889318 -0.041091 0.455438 265.035375 0.068113 0.996747 -0.043073 -21.626396 -0.452187 0.069327 0.889225 17.611475
