1.000000 0.000000 0.000000 0.000000 -0.000000 1.000000 0.000000 0.000000 -0.000000 0.000000 1.000000 0.000000
0.999837 -0.001053 0.018037 0.217365 0.001036 0.999999 0.000987 -0.027930 -0.018038 -0.000968 0.999837 0.890516
0.999480 -0.003530 0.032050 0.325347 0.003525 0.999994 0.000190 -0.044089 -0.032051 -0.000077 0.999486 1.571264
0.998809 -0.004165 0.048623 0.453950 0.004243 0.999990 -0.001513 -0.067214 -0.048616 0.001717 0.998816 2.250985
0.998616 -0.003017 0.052512 0.545679 0.003072 0.999995 -0.000981 -0.076387 -0.052509 0.001141 0.998620 2.990390
0.998681 -0.003045 0.051251 0.626301 0.003024 0.999995 0.000480 -0.087598 -0.051252 -0.000324 0.998686 3.732729
0.998588 -0.003635 0.052991 0.703815 0.003568 0.999993 0.001364 -0.106983 -0.052996 -0.001174 0.998594 4.526578
0.998701 -0.002881 0.050864 0.744006 0.002821 0.999995 0.001243 -0.122196 -0.050868 -0.001098 0.998705 5.345696
0.998837 -0.001206 0.048194 0.792663 0.001225 0.999999 -0.000372 -0.138926 -0.048194 0.000430 0.998838 6.174444
0.998559 0.001381 0.053643 0.829993 -0.001253 0.999996 -0.002423 -0.163657 -0.053646 0.002352 0.998557 7.068909
0.998710 0.006360 0.050386 0.854919 -0.006232 0.999977 -0.002693 -0.180815 -0.050402 0.002376 0.998726 8.005242
0.998722 0.007930 0.049917 0.877573 -0.007832 0.999967 -0.002159 -0.204284 -0.049933 0.001765 0.998751 8.965532
0.998690 0.007738 0.050585 0.931789 -0.007731 0.999970 -0.000338 -0.223450 -0.050586 -0.000054 0.998720 9.983159
0.998639 0.005017 0.051919 0.987860 -0.005155 0.999983 0.002536 -0.241538 -0.051905 -0.002800 0.998648 11.053523
0.998681 0.000633 0.051346 1.052133 -0.000826 0.999993 0.003730 -0.258239 -0.051344 -0.003768 0.998674 12.163916
0.998719 -0.001235 0.050581 1.101651 0.001175 0.999999 0.001213 -0.277297 -0.050582 -0.001152 0.998719 13.325207
0.998729 -0.001471 0.050372 1.172541 0.001479 0.999999 -0.000121 -0.295276 -0.050372 0.000196 0.998731 14.585982
0.998645 0.003452 0.051934 1.245893 -0.003471 0.999994 0.000287 -0.325943 -0.051933 -0.000467 0.998650 15.895127
0.998603 0.003076 0.052755 1.302744 -0.003221 0.999991 0.002652 -0.350078 -0.052746 -0.002818 0.998604 17.299745
0.998582 0.003182 0.053134 1.375419 -0.003590 0.999965 0.007581 -0.367594 -0.053108 -0.007761 0.998559 18.729222
0.998578 -0.001491 0.053294 1.448429 0.001109 0.999973 0.007196 -0.383892 -0.053303 -0.007127 0.998553 20.129344
0.998606 -0.002463 0.052717 1.512204 0.002156 0.999980 0.005874 -0.402235 -0.052730 -0.005752 0.998592 21.498074
0.998553 -0.005621 0.053486 1.585538 0.005426 0.999978 0.003780 -0.418884 -0.053506 -0.003485 0.998561 22.872397
0.998517 -0.002368 0.054398 1.664857 0.002235 0.999994 0.002496 -0.441793 -0.054404 -0.002371 0.998516 24.245510
0.998466 -0.000381 0.055374 1.737714 0.000308 0.999999 0.001324 -0.466740 -0.055375 -0.001305 0.998465 25.636306
0.998469 -0.000232 0.055316 1.803079 0.000200 1.000000 0.000594 -0.492237 -0.055317 -0.000582 0.998469 27.018960
0.998468 -0.000346 0.055338 1.858846 0.000223 0.999997 0.002226 -0.511909 -0.055339 -0.002211 0.998465 28.405206
0.998508 -0.002154 0.054563 1.928627 0.001945 0.999991 0.003876 -0.540760 -0.054570 -0.003764 0.998503 29.792537
0.998512 0.000950 0.054524 2.007837 -0.001255 0.999984 0.005561 -0.558137 -0.054518 -0.005621 0.998497 31.195033
0.998501 0.001652 0.054702 2.073024 -0.001967 0.999982 0.005711 -0.579184 -0.054692 -0.005810 0.998486 32.589112
0.998450 0.006961 0.055223 2.156367 -0.007278 0.999958 0.005532 -0.595647 -0.055182 -0.005925 0.998459 33.998854
0.998467 0.006000 0.055023 2.220701 -0.006360 0.999960 0.006358 -0.618584 -0.054982 -0.006698 0.998465 35.401877
0.998485 0.006681 0.054618 2.284567 -0.007052 0.999953 0.006597 -0.635413 -0.054571 -0.006973 0.998486 36.815324
0.998516 0.005746 0.054154 2.359580 -0.006105 0.999960 0.006461 -0.654334 -0.054115 -0.006782 0.998512 38.212672
0.998561 0.006746 0.053206 2.436856 -0.007096 0.999954 0.006389 -0.668163 -0.053160 -0.006757 0.998563 39.631300
0.998590 0.005180 0.052824 2.512595 -0.005594 0.999955 0.007685 -0.689106 -0.052782 -0.007969 0.998574 41.051215
0.998623 0.006936 0.051991 2.581098 -0.007361 0.999941 0.007994 -0.707166 -0.051933 -0.008366 0.998616 42.475125
0.998716 0.006076 0.050291 2.654181 -0.006487 0.999947 0.008007 -0.730509 -0.050239 -0.008323 0.998703 43.900208
0.998781 0.003900 0.049212 2.708463 -0.004334 0.999953 0.008698 -0.751427 -0.049176 -0.008901 0.998750 45.323769
0.998812 0.004741 0.048493 2.764232 -0.005244 0.999934 0.010254 -0.761623 -0.048442 -0.010496 0.998771 46.749035
0.998834 0.002222 0.048216 2.827801 -0.002771 0.999932 0.011322 -0.780636 -0.048188 -0.011442 0.998773 48.168364
0.998897 0.001235 0.046936 2.895813 -0.001747 0.999939 0.010877 -0.798123 -0.046920 -0.010947 0.998839 49.584424
0.998878 -0.001460 0.047340 2.964876 0.000949 0.999941 0.010806 -0.812143 -0.047353 -0.010749 0.998820 51.011722
0.998919 -0.003058 0.046394 3.032396 0.002514 0.999928 0.011764 -0.826558 -0.046427 -0.011635 0.998854 52.435782
0.998909 -0.004612 0.046461 3.100745 0.004033 0.999913 0.012559 -0.843115 -0.046515 -0.012358 0.998841 53.856984
0.998847 -0.005934 0.047637 3.155235 0.005327 0.999903 0.012868 -0.863116 -0.047709 -0.012599 0.998782 55.302646
0.998818 -0.008788 0.047801 3.210367 0.008202 0.999889 0.012424 -0.878713 -0.047905 -0.012018 0.998780 56.757234
0.998758 -0.009800 0.048847 3.280119 0.009228 0.999887 0.011903 -0.895167 -0.048958 -0.011437 0.998735 58.175581
0.998766 -0.007235 0.049140 3.346236 0.006674 0.999911 0.011583 -0.911966 -0.049219 -0.011241 0.998725 59.599446
0.998733 -0.005038 0.050077 3.404924 0.004436 0.999917 0.012112 -0.929262 -0.050134 -0.011875 0.998672 61.016279
0.998773 -0.001405 0.049509 3.467816 0.000708 0.999901 0.014081 -0.940152 -0.049524 -0.014029 0.998674 62.414819
0.998701 0.001226 0.050930 3.531616 -0.001997 0.999884 0.015104 -0.956583 -0.050905 -0.015186 0.998588 63.822158
0.998718 0.005484 0.050323 3.592991 -0.006276 0.999859 0.015592 -0.968344 -0.050230 -0.015887 0.998611 65.234533
0.998595 0.008393 0.052326 3.652547 -0.009205 0.999841 0.015293 -0.983819 -0.052189 -0.015753 0.998513 66.652185
0.998510 0.012984 0.053003 3.716144 -0.013798 0.999792 0.015017 -0.995971 -0.052797 -0.015726 0.998481 68.063650
0.998493 0.010370 0.053896 3.781458 -0.011200 0.999823 0.015117 -1.009928 -0.053729 -0.015698 0.998432 69.481083
0.998518 0.012822 0.052895 3.846721 -0.013647 0.999790 0.015260 -1.021254 -0.052688 -0.015959 0.998484 70.886353
0.998458 0.011307 0.054341 3.929634 -0.012126 0.999817 0.014775 -1.037092 -0.054164 -0.015411 0.998413 72.275929
0.998491 0.008800 0.054206 3.994010 -0.009597 0.999849 0.014461 -1.050340 -0.054070 -0.014959 0.998425 73.666660
0.998539 0.011078 0.052896 4.064475 -0.011862 0.999824 0.014532 -1.061365 -0.052726 -0.015138 0.998494 75.050615
0.998598 0.008783 0.052209 4.136518 -0.009583 0.999840 0.015084 -1.072794 -0.052068 -0.015563 0.998522 76.420981
0.998560 0.009403 0.052810 4.203341 -0.010193 0.999840 0.014707 -1.087454 -0.052663 -0.015225 0.998496 77.801903
0.998641 0.010177 0.051110 4.263441 -0.010961 0.999826 0.015093 -1.098101 -0.050948 -0.015632 0.998579 79.175207
0.998771 0.007901 0.048934 4.333982 -0.008725 0.999823 0.016659 -1.110083 -0.048793 -0.017066 0.998663 80.559158
0.998795 0.004344 0.048876 4.400978 -0.005198 0.999836 0.017364 -1.120326 -0.048793 -0.017597 0.998654 81.941098
0.998871 0.002820 0.047419 4.461508 -0.003676 0.999832 0.017968 -1.129246 -0.047361 -0.018122 0.998713 83.306470
0.998860 0.001967 0.047685 4.521971 -0.002827 0.999834 0.017973 -1.138333 -0.047642 -0.018087 0.998701 84.673124
0.998909 0.003145 0.046590 4.581981 -0.003952 0.999843 0.017248 -1.146499 -0.046529 -0.017414 0.998765 86.040837
0.998902 -0.000457 0.046840 4.635039 -0.000350 0.999852 0.017226 -1.160497 -0.046841 -0.017224 0.998754 87.387683
0.998980 0.000841 0.045155 4.694925 -0.001607 0.999856 0.016915 -1.167429 -0.045134 -0.016970 0.998837 88.746435
0.998926 -0.000452 0.046329 4.749303 -0.000290 0.999872 0.016006 -1.177592 -0.046330 -0.016002 0.998798 90.118268
0.998935 0.003226 0.046025 4.805704 -0.003962 0.999866 0.015899 -1.186071 -0.045967 -0.016064 0.998814 91.466221
0.998895 0.002542 0.046927 4.865126 -0.003340 0.999851 0.016932 -1.197303 -0.046877 -0.017070 0.998755 92.812826
0.998917 0.004600 0.046294 4.919318 -0.005498 0.999799 0.019295 -1.201100 -0.046196 -0.019529 0.998741 94.161116
0.998893 0.005698 0.046702 4.965440 -0.006612 0.999789 0.019437 -1.212718 -0.046581 -0.019724 0.998720 95.507312
0.998877 0.003407 0.047248 5.020377 -0.004256 0.999831 0.017890 -1.224895 -0.047179 -0.018071 0.998723 96.844505
0.998919 0.002871 0.046392 5.085982 -0.003599 0.999871 0.015629 -1.234539 -0.046341 -0.015779 0.998801 98.181266
0.998902 0.002143 0.046795 5.145771 -0.002864 0.999878 0.015359 -1.244254 -0.046756 -0.015476 0.998786 99.507660
0.998890 0.000789 0.047100 5.198183 -0.001620 0.999844 0.017593 -1.252031 -0.047079 -0.017650 0.998735 100.831680
0.998850 -0.002647 0.047873 5.258399 0.001727 0.999813 0.019239 -1.260724 -0.047915 -0.019134 0.998668 102.150550
0.998795 -0.003684 0.048932 5.323942 0.002722 0.999802 0.019704 -1.263843 -0.048995 -0.019547 0.998608 103.479730
0.998744 -0.003407 0.049994 5.386030 0.002535 0.999844 0.017485 -1.275261 -0.050045 -0.017336 0.998596 104.820106
0.998707 -0.001899 0.050805 5.444966 0.001117 0.999881 0.015407 -1.282399 -0.050828 -0.015331 0.998590 106.146438
0.998651 0.001652 0.051900 5.500636 -0.002392 0.999897 0.014186 -1.289172 -0.051871 -0.014291 0.998552 107.481553
0.998559 0.004341 0.053482 5.558961 -0.005158 0.999872 0.015153 -1.295581 -0.053410 -0.015407 0.998454 108.810899
0.998509 0.004665 0.054392 5.622492 -0.005636 0.999827 0.017700 -1.309890 -0.054300 -0.017980 0.998363 110.144014
0.998442 0.004191 0.055641 5.692356 -0.005270 0.999801 0.019260 -1.313473 -0.055550 -0.019524 0.998265 111.470717
0.998410 0.002770 0.056293 5.766165 -0.003888 0.999797 0.019770 -1.317837 -0.056227 -0.019957 0.998219 112.804809
0.998343 0.004608 0.057355 5.835189 -0.005718 0.999799 0.019196 -1.318600 -0.057255 -0.019493 0.998169 114.151525
0.998256 0.006796 0.058644 5.901020 -0.007920 0.999789 0.018941 -1.324435 -0.058502 -0.019373 0.998099 115.490117
0.998204 0.007333 0.059463 5.965440 -0.008447 0.999793 0.018494 -1.329685 -0.059315 -0.018963 0.998059 116.822869
0.998085 0.008505 0.061274 6.045421 -0.009590 0.999802 0.017439 -1.336215 -0.061114 -0.017994 0.997969 118.149076
0.998011 0.010408 0.062176 6.117852 -0.011465 0.999795 0.016663 -1.340887 -0.061990 -0.017343 0.997926 119.488876
0.997976 0.008857 0.062964 6.193051 -0.009962 0.999802 0.017251 -1.348190 -0.062799 -0.017843 0.997867 120.819614
0.997939 0.009334 0.063481 6.269766 -0.010529 0.999773 0.018517 -1.350788 -0.063294 -0.019147 0.997811 122.149754
0.997883 0.007339 0.064617 6.344221 -0.008614 0.999773 0.019470 -1.354052 -0.064460 -0.019985 0.997720 123.488346
0.997877 0.004886 0.064946 6.421680 -0.006195 0.999781 0.019967 -1.362210 -0.064835 -0.020327 0.997689 124.816029
0.997902 0.004077 0.064613 6.516459 -0.005421 0.999772 0.020648 -1.363094 -0.064515 -0.020955 0.997697 126.149500
0.997905 0.002978 0.064630 6.595887 -0.004338 0.999772 0.020918 -1.363793 -0.064553 -0.021155 0.997690 127.486013
0.997982 -0.000301 0.063492 6.679752 -0.001036 0.999779 0.021012 -1.364149 -0.063484 -0.021036 0.997761 128.836960
0.998024 0.000063 0.062827 6.765434 -0.001415 0.999768 0.021487 -1.367033 -0.062811 -0.021533 0.997793 130.186630
0.998104 -0.002043 0.061520 6.839095 0.000673 0.999752 0.022270 -1.369395 -0.061550 -0.022186 0.997857 131.531981
0.998172 -0.005129 0.060214 6.921610 0.003748 0.999728 0.023024 -1.367657 -0.060316 -0.022756 0.997920 132.871131
0.998253 -0.004574 0.058907 6.992031 0.003261 0.999745 0.022360 -1.370421 -0.058994 -0.022128 0.998013 134.205314
0.998311 -0.004074 0.057961 7.069970 0.002770 0.999742 0.022558 -1.368962 -0.058038 -0.022359 0.998064 135.531455
0.998365 -0.005542 0.056895 7.129558 0.004347 0.999768 0.021117 -1.369096 -0.056999 -0.020835 0.998157 136.871772
0.998383 -0.009516 0.056045 7.195789 0.008427 0.999771 0.019650 -1.373405 -0.056219 -0.019146 0.998235 138.206769
0.998350 -0.015343 0.055331 7.278574 0.014243 0.999694 0.020234 -1.372007 -0.055625 -0.019413 0.998263 139.550574
0.998355 -0.021013 0.053343 7.361322 0.019792 0.999532 0.023313 -1.372858 -0.053808 -0.022219 0.998304 140.871426
0.998194 -0.030021 0.052038 7.453157 0.028857 0.999320 0.022961 -1.371333 -0.052692 -0.021418 0.998381 142.221516
0.998247 -0.028446 0.051906 7.530022 0.027469 0.999434 0.019445 -1.371517 -0.052430 -0.017985 0.998463 143.566716
0.998239 -0.027979 0.052298 7.584697 0.027122 0.999487 0.017022 -1.376278 -0.052748 -0.015573 0.998486 144.914178
0.998300 -0.023618 0.053279 7.641948 0.022847 0.999626 0.015033 -1.380390 -0.053615 -0.013791 0.998466 146.265291
0.998238 -0.023998 0.054272 7.708028 0.023116 0.999591 0.016817 -1.388326 -0.054654 -0.015532 0.998385 147.598683
0.998082 -0.030059 0.054125 7.777723 0.029000 0.999374 0.020249 -1.392636 -0.054700 -0.018640 0.998329 148.940553
0.997874 -0.036193 0.054197 7.863888 0.034985 0.999122 0.023070 -1.395137 -0.054984 -0.021125 0.998264 150.277777
0.997715 -0.039976 0.054459 7.944682 0.038724 0.998965 0.023849 -1.390950 -0.055356 -0.021686 0.998231 151.628455
0.997716 -0.040030 0.054402 8.031872 0.038759 0.998955 0.024217 -1.387470 -0.055314 -0.022053 0.998225 152.983633
0.997830 -0.034638 0.056001 8.094766 0.033279 0.999133 0.025007 -1.382195 -0.056818 -0.023089 0.998118 154.333160
0.997862 -0.032904 0.056469 8.150089 0.031630 0.999228 0.023322 -1.380251 -0.057193 -0.021486 0.998132 155.681705
0.997937 -0.029144 0.057209 8.213405 0.027925 0.999368 0.021989 -1.377486 -0.057813 -0.020346 0.998120 157.040669
0.997891 -0.031046 0.056998 8.286629 0.029791 0.999297 0.022740 -1.372835 -0.057664 -0.020994 0.998115 158.394554
0.997983 -0.024467 0.058584 8.369167 0.023129 0.999459 0.023402 -1.369552 -0.059125 -0.022000 0.998008 159.757306
0.997986 -0.025817 0.057947 8.444848 0.024538 0.999442 0.022672 -1.374942 -0.058500 -0.021204 0.998062 161.118363
0.998072 -0.025285 0.056676 8.509554 0.024166 0.999501 0.020328 -1.368751 -0.057161 -0.018919 0.998186 162.485413
0.998263 -0.018349 0.055976 8.582071 0.017376 0.999690 0.017830 -1.368486 -0.056286 -0.016826 0.998273 163.853132
0.998366 -0.011519 0.055974 8.650466 0.010555 0.999791 0.017487 -1.377376 -0.056164 -0.016867 0.998279 165.244677
0.998416 -0.006372 0.055896 8.708084 0.005316 0.999805 0.019025 -1.383588 -0.056006 -0.018698 0.998255 166.625007
0.998384 -0.001176 0.056809 8.778406 -0.000023 0.999777 0.021098 -1.385599 -0.056821 -0.021066 0.998162 168.016679
0.998427 -0.004692 0.055878 8.846346 0.003398 0.999724 0.023226 -1.384909 -0.055972 -0.022999 0.998167 169.395314
0.998479 -0.007303 0.054643 8.925231 0.005990 0.999690 0.024151 -1.380283 -0.054803 -0.023787 0.998214 170.772569
0.998507 -0.011111 0.053480 9.003828 0.009879 0.999681 0.023249 -1.374986 -0.053722 -0.022686 0.998298 172.147315
0.998603 -0.012395 0.051370 9.068347 0.011442 0.999758 0.018805 -1.374889 -0.051591 -0.018190 0.998503 173.526045
0.998664 -0.008793 0.050923 9.131222 0.007972 0.999835 0.016303 -1.374002 -0.051058 -0.015875 0.998570 174.919253
0.998768 -0.003776 0.049486 9.183641 0.003016 0.999877 0.015424 -1.379662 -0.049538 -0.015255 0.998656 176.320491
0.998747 0.000176 0.050048 9.230537 -0.001102 0.999829 0.018477 -1.378448 -0.050036 -0.018509 0.998576 177.733899
0.998703 0.002131 0.050867 9.292757 -0.003211 0.999771 0.021156 -1.383595 -0.050811 -0.021292 0.998481 179.125911
0.998705 0.002514 0.050811 9.353184 -0.003699 0.999723 0.023243 -1.380654 -0.050739 -0.023401 0.998438 180.525641
0.998711 -0.000862 0.050741 9.429405 -0.000367 0.999707 0.024201 -1.374448 -0.050747 -0.024189 0.998419 181.938156
0.998701 -0.001418 0.050936 9.497911 0.000140 0.999685 0.025086 -1.370024 -0.050956 -0.025047 0.998387 183.339402
0.998652 -0.006185 0.051544 9.574167 0.004876 0.999663 0.025486 -1.365175 -0.051684 -0.025200 0.998345 184.753747
0.998661 -0.007699 0.051149 9.633918 0.006366 0.999637 0.026174 -1.356405 -0.051332 -0.025814 0.998348 186.170702
0.998578 -0.011556 0.052033 9.713042 0.010158 0.999582 0.027058 -1.348911 -0.052324 -0.026491 0.998279 187.592683
0.998515 -0.015559 0.052214 9.789828 0.014052 0.999478 0.029101 -1.336622 -0.052640 -0.028324 0.998212 189.020217
0.998385 -0.020559 0.052961 9.873679 0.019099 0.999427 0.027928 -1.328625 -0.053505 -0.026871 0.998206 190.447687
0.998468 -0.015359 0.053160 9.941190 0.014166 0.999641 0.022744 -1.318135 -0.053490 -0.021956 0.998327 191.856608
0.998508 -0.008823 0.053889 9.995669 0.007773 0.999776 0.019665 -1.319587 -0.054050 -0.019217 0.998353 193.267614
0.998466 0.000966 0.055356 10.047346 -0.002145 0.999772 0.021258 -1.318098 -0.055323 -0.021344 0.998240 194.681482
0.998378 0.008509 0.056293 10.101914 -0.009911 0.999647 0.024670 -1.318084 -0.056063 -0.025188 0.998109 196.117736
0.998390 0.008546 0.056074 10.177790 -0.010017 0.999612 0.026009 -1.314830 -0.055830 -0.026528 0.998088 197.564020
0.998457 0.005816 0.055224 10.257926 -0.007276 0.999628 0.026268 -1.303832 -0.055050 -0.026630 0.998128 199.022021
0.998542 0.002160 0.053931 10.341664 -0.003594 0.999642 0.026522 -1.294688 -0.053854 -0.026678 0.998192 200.485598
0.998576 0.002370 0.053298 10.419239 -0.003772 0.999649 0.026216 -1.287592 -0.053217 -0.026380 0.998234 201.943551
0.998586 0.003051 0.053070 10.498911 -0.004443 0.999649 0.026120 -1.278959 -0.052972 -0.026319 0.998249 203.402594
0.998625 0.002126 0.052376 10.564546 -0.003532 0.999635 0.026778 -1.274279 -0.052300 -0.026926 0.998268 204.863132
0.998586 0.005285 0.052905 10.630471 -0.006742 0.999602 0.027397 -1.261638 -0.052739 -0.027715 0.998224 206.322060
0.998667 0.002636 0.051546 10.698534 -0.004017 0.999635 0.026704 -1.257278 -0.051457 -0.026876 0.998314 207.779317
0.998687 0.003338 0.051126 10.761681 -0.004665 0.999654 0.025871 -1.247569 -0.051022 -0.026076 0.998357 209.232427
0.998706 0.002569 0.050782 10.839740 -0.003907 0.999647 0.026274 -1.239489 -0.050696 -0.026439 0.998364 210.695263
0.998680 0.003802 0.051225 10.901551 -0.005142 0.999647 0.026051 -1.229812 -0.051108 -0.026280 0.998347 212.159708
0.998697 0.002978 0.050940 10.973673 -0.004306 0.999653 0.025990 -1.227317 -0.050845 -0.026176 0.998363 213.627597
0.998713 0.004219 0.050545 11.043302 -0.005541 0.999646 0.026032 -1.215696 -0.050417 -0.026279 0.998382 215.109885
0.998789 0.005122 0.048922 11.105592 -0.006394 0.999645 0.025861 -1.210338 -0.048772 -0.026143 0.998468 216.606685
0.998778 0.004738 0.049191 11.178186 -0.006016 0.999648 0.025858 -1.203481 -0.049051 -0.026122 0.998455 218.115288
0.998794 0.005113 0.048830 11.242678 -0.006389 0.999641 0.026014 -1.194126 -0.048680 -0.026295 0.998468 219.622509
0.998780 0.003830 0.049235 11.308150 -0.005140 0.999636 0.026498 -1.186048 -0.049115 -0.026719 0.998436 221.119583
0.998806 0.000620 0.048858 11.376575 -0.001919 0.999646 0.026537 -1.178762 -0.048824 -0.026599 0.998453 222.599268
0.998778 0.001772 0.049394 11.444050 -0.003110 0.999630 0.027015 -1.168372 -0.049328 -0.027135 0.998414 224.086699
0.998775 -0.001681 0.049449 11.527934 0.000288 0.999603 0.028167 -1.160360 -0.049477 -0.028118 0.998379 225.576388
0.998791 0.000092 0.049156 11.600286 -0.001469 0.999608 0.027969 -1.151459 -0.049134 -0.028007 0.998399 227.073534
0.998789 -0.002350 0.049136 11.664937 0.000958 0.999598 0.028334 -1.138166 -0.049183 -0.028252 0.998390 228.573475
0.998729 -0.002181 0.050362 11.728496 0.000763 0.999603 0.028173 -1.128801 -0.050404 -0.028099 0.998334 230.085863
0.998760 -0.001774 0.049758 11.791801 0.000291 0.999556 0.029804 -1.118569 -0.049789 -0.029753 0.998317 231.584293
0.998693 -0.005130 0.050862 11.854453 0.003511 0.999486 0.031871 -1.106189 -0.050999 -0.031651 0.998197 233.083930
0.998695 0.000286 0.051067 11.934365 -0.001883 0.999511 0.031214 -1.089923 -0.051033 -0.031270 0.998207 234.580215
0.998645 -0.006012 0.051699 12.015020 0.004447 0.999530 0.030333 -1.082859 -0.051857 -0.030062 0.998202 236.106824
0.998624 -0.000229 0.052443 12.086939 -0.001308 0.999571 0.029258 -1.063677 -0.052427 -0.029287 0.998195 237.635956
0.998577 -0.004518 0.053137 12.147235 0.002928 0.999546 0.029977 -1.056482 -0.053248 -0.029779 0.998137 239.151652
0.998609 -0.001630 0.052708 12.234760 -0.000032 0.999503 0.031515 -1.034112 -0.052733 -0.031472 0.998113 240.673732
0.998630 -0.000652 0.052326 12.308589 -0.001003 0.999500 0.031606 -1.025567 -0.052320 -0.031616 0.998130 242.204121
0.998671 0.000172 0.051544 12.376742 -0.001799 0.999502 0.031519 -1.012764 -0.051513 -0.031570 0.998173 243.733219
0.998628 0.003357 0.052260 12.457265 -0.005005 0.999493 0.031441 -0.997447 -0.052128 -0.031660 0.998138 245.269168
0.998615 0.003295 0.052516 12.528156 -0.004963 0.999486 0.031668 -0.986958 -0.052385 -0.031885 0.998118 246.813052
0.998660 0.002513 0.051699 12.603425 -0.004186 0.999470 0.032287 -0.967103 -0.051591 -0.032460 0.998141 248.353224
0.998644 0.002570 0.051993 12.675268 -0.004267 0.999461 0.032559 -0.947761 -0.051881 -0.032737 0.998117 249.887026
0.998686 -0.001527 0.051225 12.747557 -0.000213 0.999424 0.033944 -0.930153 -0.051248 -0.033910 0.998110 251.418394
0.998630 -0.003095 0.052236 12.824262 0.001302 0.999410 0.034320 -0.914451 -0.052312 -0.034205 0.998045 252.953100
0.998672 -0.003333 0.051420 12.914461 0.001641 0.999457 0.032914 -0.897316 -0.051502 -0.032786 0.998135 254.490435
0.998620 -0.003936 0.052363 12.989072 0.002173 0.999430 0.033684 -0.875036 -0.052465 -0.033523 0.998060 256.028218
0.998624 -0.006210 0.052064 13.063909 0.004339 0.999344 0.035967 -0.858541 -0.052253 -0.035691 0.997996 257.560870
0.998566 -0.008485 0.052860 13.130508 0.006548 0.999305 0.036697 -0.832731 -0.053135 -0.036298 0.997927 259.096285
0.998601 -0.009407 0.052043 13.208127 0.007517 0.999309 0.036395 -0.807044 -0.052350 -0.035953 0.997981 260.619097
0.998543 -0.008999 0.053202 13.299308 0.007124 0.999350 0.035326 -0.786668 -0.053486 -0.034895 0.997959 262.152694
0.998489 -0.007378 0.054460 13.374439 0.005438 0.999349 0.035676 -0.766796 -0.054688 -0.035326 0.997878 263.679099
0.998461 -0.006235 0.055114 13.443871 0.004280 0.999360 0.035510 -0.748965 -0.055301 -0.035220 0.997848 265.234773
0.998454 -0.003671 0.055458 13.506884 0.001706 0.999370 0.035440 -0.725270 -0.055553 -0.035290 0.997832 266.774587
0.998406 -0.003039 0.056356 13.594711 0.001041 0.999371 0.035453 -0.705497 -0.056428 -0.035338 0.997781 268.314023
0.998286 -0.003111 0.058433 13.681599 0.001052 0.999378 0.035243 -0.685478 -0.058507 -0.035121 0.997669 269.861131
0.998275 -0.002220 0.058664 13.758095 0.000189 0.999401 0.034597 -0.667294 -0.058706 -0.034526 0.997678 271.383260
0.998233 -0.002679 0.059355 13.843896 0.000626 0.999401 0.034593 -0.646253 -0.059412 -0.034495 0.997637 272.918510
0.998183 -0.003350 0.060168 13.932804 0.001228 0.999377 0.035271 -0.629659 -0.060249 -0.035133 0.997565 274.463883
0.998157 -0.005058 0.060475 14.035175 0.002852 0.999330 0.036497 -0.606768 -0.060619 -0.036257 0.997502 276.030513
0.998119 -0.005686 0.061045 14.133123 0.003506 0.999354 0.035764 -0.588598 -0.061209 -0.035483 0.997494 277.597169
0.998134 -0.007428 0.060609 14.227317 0.005435 0.999441 0.032974 -0.571253 -0.060820 -0.032583 0.997617 279.150556
0.998159 -0.007373 0.060194 14.311901 0.005423 0.999457 0.032497 -0.548835 -0.060401 -0.032110 0.997658 280.694699
0.998184 -0.006530 0.059886 14.391011 0.004609 0.999472 0.032161 -0.532556 -0.060064 -0.031826 0.997687 282.229343
0.998216 -0.007443 0.059244 14.478422 0.005552 0.999472 0.032014 -0.514436 -0.059451 -0.031628 0.997730 283.773477
0.998309 -0.006151 0.057797 14.567243 0.004340 0.999497 0.031406 -0.496013 -0.057962 -0.031102 0.997834 285.315451
0.998277 -0.006249 0.058346 14.668675 0.004404 0.999488 0.031696 -0.481161 -0.058515 -0.031384 0.997793 286.886336
0.998337 -0.007709 0.057132 14.749780 0.005878 0.999466 0.032146 -0.458556 -0.057349 -0.031756 0.997849 288.460998
0.998409 -0.006791 0.055973 14.818994 0.004966 0.999454 0.032674 -0.445449 -0.056164 -0.032344 0.997898 290.034099
0.998459 -0.008046 0.054905 14.899600 0.006159 0.999388 0.034446 -0.420140 -0.055149 -0.034055 0.997897 291.579872
0.998481 -0.003338 0.055000 14.990305 0.001390 0.999372 0.035415 -0.399965 -0.055084 -0.035285 0.997858 293.145344
0.998396 -0.004177 0.056456 15.088004 0.002201 0.999384 0.035012 -0.377219 -0.056567 -0.034831 0.997791 294.720972
0.998380 -0.001690 0.056870 15.178873 -0.000333 0.999368 0.035548 -0.350597 -0.056894 -0.035509 0.997749 296.332687
0.998339 -0.006070 0.057298 15.264803 0.004050 0.999369 0.035300 -0.323482 -0.057476 -0.035009 0.997733 297.941887
0.998308 -0.006305 0.057805 15.351009 0.004337 0.999409 0.034112 -0.295168 -0.057986 -0.033803 0.997745 299.540930
0.998306 -0.007186 0.057742 15.440839 0.005330 0.999466 0.032240 -0.277370 -0.057943 -0.031878 0.997811 301.139678
0.998322 -0.010264 0.056987 15.514185 0.008463 0.999460 0.031747 -0.253553 -0.057282 -0.031212 0.997870 302.738579
0.998483 -0.008405 0.054422 15.591466 0.006719 0.999494 0.031097 -0.234527 -0.054656 -0.030684 0.998034 304.331665
0.998559 -0.007727 0.053108 15.673784 0.005979 0.999438 0.032999 -0.216144 -0.053333 -0.032634 0.998043 305.944328
0.998572 -0.005436 0.053153 15.754770 0.003463 0.999304 0.037146 -0.185306 -0.053318 -0.036909 0.997895 307.563603
0.998503 -0.009168 0.053932 15.839351 0.007065 0.999211 0.039070 -0.162542 -0.054248 -0.038631 0.997780 309.189751
0.998504 -0.009315 0.053887 15.917534 0.007197 0.999199 0.039370 -0.129421 -0.054211 -0.038923 0.997771 310.811722
0.998535 -0.009853 0.053211 16.001543 0.007819 0.999236 0.038299 -0.102768 -0.053548 -0.037827 0.997849 312.428875
0.998462 -0.010418 0.054453 16.094759 0.008297 0.999203 0.039039 -0.077772 -0.054817 -0.038527 0.997753 314.060016
0.998448 -0.010959 0.054611 16.178562 0.008817 0.999188 0.039321 -0.047359 -0.054998 -0.038779 0.997733 315.695653
0.998411 -0.009958 0.055459 16.260331 0.007769 0.999187 0.039558 -0.020169 -0.055808 -0.039064 0.997677 317.329448
0.998406 -0.008642 0.055782 16.335871 0.006521 0.999253 0.038085 0.002381 -0.056070 -0.037660 0.997716 318.960080
0.998368 -0.008421 0.056487 16.417404 0.006255 0.999242 0.038415 0.027878 -0.056768 -0.037999 0.997664 320.579216
0.998333 -0.009726 0.056888 16.504658 0.007412 0.999142 0.040751 0.050914 -0.057235 -0.040261 0.997549 322.186794
0.998272 -0.011270 0.057670 16.594280 0.008943 0.999142 0.040442 0.077680 -0.058077 -0.039857 0.997516 323.805307
0.998326 -0.012113 0.056555 16.680434 0.009822 0.999127 0.040616 0.113838 -0.056997 -0.039993 0.997573 325.417543
0.998370 -0.008537 0.056427 16.780298 0.006267 0.999168 0.040295 0.140101 -0.056724 -0.039875 0.997593 327.042771
0.998380 -0.008817 0.056210 16.850673 0.006750 0.999297 0.036869 0.166781 -0.056496 -0.036430 0.997738 328.657861
0.998430 -0.005424 0.055756 16.929197 0.003412 0.999342 0.036106 0.194663 -0.055916 -0.035859 0.997791 330.266235
0.998489 -0.004822 0.054732 17.018084 0.002754 0.999282 0.037797 0.215225 -0.054875 -0.037590 0.997785 331.872135
0.998515 -0.003676 0.054355 17.101923 0.001413 0.999133 0.041617 0.241036 -0.054461 -0.041478 0.997654 333.472565
0.998593 -0.003139 0.052936 17.174430 0.000856 0.999071 0.043085 0.269664 -0.053022 -0.042979 0.997668 335.072714
0.998611 -0.003776 0.052562 17.251990 0.001615 0.999153 0.041110 0.299935 -0.052673 -0.040968 0.997771 336.678207
0.998733 -0.004023 0.050171 17.319154 0.001952 0.999147 0.041255 0.335488 -0.050294 -0.041104 0.997888 338.270515
0.998838 -0.005452 0.047877 17.400471 0.003414 0.999089 0.042544 0.362905 -0.048066 -0.042331 0.997947 339.869805
0.998846 -0.006450 0.047601 17.479170 0.004423 0.999084 0.042564 0.391086 -0.047832 -0.042305 0.997959 341.470916
0.998861 -0.006892 0.047216 17.549804 0.004918 0.999114 0.041790 0.421755 -0.047463 -0.041510 0.998010 343.063992
0.998855 -0.006689 0.047378 17.624882 0.004724 0.999129 0.041469 0.452727 -0.047614 -0.041198 0.998016 344.662587
0.998838 -0.006988 0.047683 17.697081 0.005007 0.999124 0.041545 0.486310 -0.047931 -0.041258 0.997998 346.263727
0.998853 -0.007859 0.047226 17.764298 0.005907 0.999128 0.041334 0.513006 -0.047510 -0.041007 0.998029 347.867198
0.998841 -0.008182 0.047434 17.837285 0.006255 0.999155 0.040632 0.540289 -0.047726 -0.040288 0.998048 349.461286
0.998830 -0.008075 0.047671 17.912671 0.006146 0.999161 0.040487 0.568144 -0.047958 -0.040146 0.998042 351.051427
0.998829 -0.008192 0.047690 17.976577 0.006248 0.999148 0.040783 0.597889 -0.047983 -0.040437 0.998029 352.632006
0.998828 -0.009579 0.047452 18.041297 0.007704 0.999188 0.039549 0.625231 -0.047793 -0.039138 0.998090 354.213276
0.998823 -0.010613 0.047318 18.106102 0.008742 0.999179 0.039562 0.651638 -0.047699 -0.039102 0.998096 355.804122
0.998791 -0.013221 0.047343 18.182547 0.011250 0.999069 0.041653 0.685311 -0.047850 -0.041070 0.998010 357.396969
0.998779 -0.013475 0.047523 18.252283 0.011504 0.999072 0.041502 0.716508 -0.048038 -0.040905 0.998008 358.983731
0.998777 -0.013496 0.047558 18.325441 0.011555 0.999098 0.040855 0.750713 -0.048067 -0.040255 0.998033 360.580642
0.998780 -0.011341 0.048068 18.400331 0.009370 0.999114 0.041039 0.780594 -0.048491 -0.040538 0.998001 362.195157
0.998769 -0.009492 0.048691 18.465269 0.007432 0.999077 0.042312 0.816651 -0.049048 -0.041898 0.997917 363.809163
0.998765 -0.008581 0.048938 18.530597 0.006490 0.999065 0.042732 0.849201 -0.049259 -0.042362 0.997887 365.404870
0.998747 -0.009033 0.049229 18.610207 0.006955 0.999084 0.042230 0.881751 -0.049566 -0.041834 0.997894 366.997602
0.998747 -0.008654 0.049300 18.678778 0.006590 0.999101 0.041873 0.914958 -0.049618 -0.041495 0.997906 368.592223
0.998733 -0.009128 0.049494 18.752770 0.007051 0.999094 0.041976 0.944015 -0.049832 -0.041574 0.997892 370.195556
0.998716 -0.008399 0.049964 18.823470 0.006296 0.999094 0.042093 0.981128 -0.050273 -0.041724 0.997864 371.814313
0.998708 -0.006882 0.050351 18.894973 0.004722 0.999068 0.042897 1.018807 -0.050599 -0.042604 0.997810 373.434479
0.998708 -0.006138 0.050452 18.961651 0.003951 0.999053 0.043339 1.052780 -0.050670 -0.043084 0.997786 375.044198
0.998701 -0.005435 0.050670 19.034102 0.003257 0.999072 0.042957 1.088445 -0.050856 -0.042736 0.997791 376.662126
0.998683 -0.004057 0.051139 19.108391 0.001873 0.999087 0.042676 1.125247 -0.051265 -0.042524 0.997779 378.286669
0.998676 -0.002262 0.051388 19.184457 0.000034 0.999061 0.043333 1.162019 -0.051437 -0.043274 0.997738 379.908393
0.998646 -0.000873 0.052007 19.264713 -0.001432 0.999019 0.044271 1.199319 -0.051994 -0.044286 0.997665 381.524015
0.998651 -0.001170 0.051902 19.326511 -0.001159 0.998995 0.044811 1.235938 -0.051903 -0.044811 0.997646 383.134789
0.998613 -0.000878 0.052646 19.407161 -0.001471 0.999006 0.044560 1.272168 -0.052632 -0.044576 0.997619 384.749247
0.998623 -0.000812 0.052461 19.479482 -0.001579 0.998962 0.045527 1.314936 -0.052444 -0.045547 0.997585 386.374210
