1.000000 0.000000 0.000000 0.000000 -0.000000 1.000000 0.000000 0.000000 -0.000000 0.000000 1.000000 0.000000
0.999891 -0.003303 0.014406 0.011124 0.003284 0.999994 0.001347 -0.012149 -0.014410 -0.001300 0.999895 0.375916
0.999796 -0.005469 0.019427 0.037056 0.005456 0.999985 0.000716 -0.017989 -0.019431 -0.000610 0.999811 0.688268
0.999786 -0.008184 0.018973 0.037291 0.008203 0.999966 -0.000917 -0.026833 -0.018965 0.001072 0.999820 0.993163
0.999825 -0.009761 0.015947 0.044695 0.009796 0.999950 -0.002111 -0.028645 -0.015925 0.002267 0.999871 1.306036
0.999894 -0.012834 0.006840 0.031689 0.012860 0.999910 -0.003753 -0.034397 -0.006791 0.003841 0.999970 1.637678
0.999882 -0.013464 -0.007423 0.023591 0.013425 0.999896 -0.005209 -0.041086 0.007492 0.005109 0.999959 1.957088
0.999621 -0.011153 -0.025170 0.005651 0.011035 0.999928 -0.004804 -0.050306 0.025222 0.004525 0.999672 2.277077
0.999002 -0.006043 -0.044252 -0.024493 0.005812 0.999969 -0.005356 -0.056882 0.044283 0.005094 0.999006 2.628884
0.997919 -0.003396 -0.064390 -0.076526 0.002996 0.999976 -0.006305 -0.064826 0.064410 0.006099 0.997905 2.981117
0.996381 -0.003864 -0.084917 -0.133247 0.003337 0.999974 -0.006350 -0.070343 0.084939 0.006043 0.996368 3.346605
0.994395 -0.005297 -0.105596 -0.177201 0.004743 0.999974 -0.005494 -0.075425 0.105622 0.004962 0.994394 3.734435
0.992218 -0.005821 -0.124379 -0.233585 0.005281 0.999975 -0.004671 -0.081065 0.124403 0.003978 0.992224 4.123883
0.989923 -0.004378 -0.141541 -0.308109 0.003888 0.999985 -0.003735 -0.089842 0.141555 0.003147 0.989925 4.531187
0.987716 -0.003405 -0.156222 -0.393416 0.002968 0.999991 -0.003031 -0.099029 0.156231 0.002530 0.987717 4.948191
0.985655 -0.003484 -0.168738 -0.478143 0.002932 0.999990 -0.003519 -0.107921 0.168749 0.002974 0.985655 5.362860
0.983561 -0.005450 -0.180492 -0.566062 0.004651 0.999977 -0.004848 -0.116325 0.180515 0.003928 0.983564 5.794487
0.981951 -0.008283 -0.188956 -0.657639 0.007064 0.999950 -0.007122 -0.123568 0.189006 0.005659 0.981960 6.250342
0.980442 -0.006072 -0.196712 -0.747386 0.004477 0.999953 -0.008553 -0.129827 0.196755 0.007506 0.980424 6.718415
0.978953 -0.006342 -0.203988 -0.855887 0.004272 0.999935 -0.010588 -0.137632 0.204041 0.009493 0.978916 7.188166
0.977152 -0.008269 -0.212382 -0.969972 0.005636 0.999900 -0.012999 -0.149864 0.212468 0.011505 0.977100 7.668217
0.975366 -0.013579 -0.220173 -1.088696 0.010694 0.999841 -0.014291 -0.160166 0.220332 0.011585 0.975356 8.173773
0.973450 -0.018878 -0.228118 -1.207320 0.015727 0.999754 -0.015623 -0.172838 0.228357 0.011621 0.973508 8.685695
0.971441 -0.017216 -0.236654 -1.335906 0.013209 0.999741 -0.018508 -0.194667 0.236912 0.014853 0.971418 9.219351
0.969272 -0.013748 -0.245606 -1.495392 0.008541 0.999716 -0.022253 -0.206113 0.245842 0.019472 0.969114 9.749999
0.967142 -0.011137 -0.253994 -1.645853 0.004974 0.999678 -0.024891 -0.228328 0.254189 0.022810 0.966886 10.296594
0.964768 -0.015051 -0.262671 -1.818459 0.008414 0.999617 -0.026373 -0.244339 0.262968 0.023234 0.964525 10.852806
0.962552 -0.016808 -0.270576 -1.967810 0.009538 0.999558 -0.028159 -0.267368 0.270930 0.024524 0.962287 11.415742
0.960351 -0.015467 -0.278364 -2.148013 0.006978 0.999481 -0.031463 -0.292281 0.278706 0.028273 0.959960 11.990064
0.957934 -0.014722 -0.286609 -2.342801 0.004883 0.999375 -0.035015 -0.319446 0.286946 0.032142 0.957407 12.586557
0.955793 -0.016926 -0.293554 -2.535158 0.005056 0.999140 -0.041147 -0.353191 0.293998 0.037844 0.955057 13.184013
0.954268 -0.017650 -0.298432 -2.735917 0.003078 0.998783 -0.049228 -0.390474 0.298938 0.046058 0.953161 13.802553
0.953122 -0.018129 -0.302044 -2.942836 0.000846 0.998359 -0.057252 -0.429184 0.302587 0.054313 0.951573 14.432531
0.952030 -0.017378 -0.305511 -3.146371 -0.003048 0.997798 -0.066254 -0.469999 0.305990 0.064007 0.949881 15.065876
0.950678 -0.016960 -0.309717 -3.371753 -0.006252 0.997253 -0.073800 -0.516335 0.310118 0.072096 0.947960 15.704727
0.949202 -0.015693 -0.314277 -3.604095 -0.010046 0.996735 -0.080114 -0.574722 0.314508 0.079201 0.945945 16.342747
0.947645 -0.014357 -0.319002 -3.841580 -0.013893 0.996189 -0.086107 -0.640198 0.319023 0.086031 0.943834 17.011085
0.946001 -0.012876 -0.323908 -4.082898 -0.017891 0.995614 -0.091829 -0.706366 0.323670 0.092665 0.941621 17.673474
0.944220 -0.010329 -0.329154 -4.334522 -0.022509 0.995146 -0.095798 -0.775706 0.328546 0.097863 0.939404 18.360251
0.942335 -0.007797 -0.334580 -4.603354 -0.026735 0.994780 -0.098479 -0.855862 0.333601 0.101745 0.937208 19.051501
0.940768 -0.007332 -0.338973 -4.867273 -0.027815 0.994727 -0.098713 -0.931935 0.337909 0.102294 0.935603 19.764351
0.938489 -0.006393 -0.345250 -5.137445 -0.028876 0.994874 -0.096916 -1.012807 0.344100 0.100924 0.933493 20.487208
0.936086 -0.006295 -0.351714 -5.428164 -0.029257 0.994983 -0.095675 -1.097048 0.350552 0.099850 0.931205 21.220427
0.933376 -0.005769 -0.358853 -5.712387 -0.029570 0.995235 -0.092911 -1.170401 0.357679 0.097332 0.928758 21.954909
0.930063 -0.005436 -0.367359 -6.007081 -0.028826 0.995728 -0.087715 -1.253120 0.366267 0.092170 0.925934 22.688280
0.926553 -0.003883 -0.376145 -6.332534 -0.028868 0.996264 -0.081394 -1.326986 0.375055 0.086274 0.922979 23.424617
0.923040 0.000958 -0.384704 -6.658034 -0.033013 0.996505 -0.076728 -1.404687 0.383286 0.083523 0.919846 24.183626
0.919239 0.002872 -0.393689 -6.988786 -0.034688 0.996675 -0.073723 -1.481653 0.392169 0.081425 0.916282 24.934969
0.915219 0.003528 -0.402942 -7.332834 -0.035997 0.996680 -0.073034 -1.555680 0.401346 0.081347 0.912307 25.684765
0.911613 0.003777 -0.411032 -7.676833 -0.036680 0.996716 -0.072191 -1.629962 0.409410 0.080886 0.908758 26.446527
0.907764 0.005223 -0.419449 -8.035030 -0.038436 0.996752 -0.070771 -1.691594 0.417717 0.080365 0.905016 27.232999
0.904038 0.005264 -0.427419 -8.418960 -0.038270 0.996905 -0.068669 -1.762786 0.425735 0.078437 0.901442 28.009583
0.900176 0.004594 -0.435501 -8.809221 -0.036676 0.997192 -0.065289 -1.826648 0.433979 0.074744 0.897817 28.776736
0.896089 0.005613 -0.443840 -9.214651 -0.035921 0.997557 -0.059907 -1.891431 0.442419 0.069625 0.894101 29.576333
0.892948 0.008958 -0.450070 -9.621771 -0.037755 0.997770 -0.055047 -1.950470 0.448573 0.066147 0.891295 30.388286
0.888861 0.007586 -0.458115 -10.050841 -0.035249 0.998032 -0.051866 -2.017557 0.456820 0.062250 0.887379 31.200931
0.885531 0.007736 -0.464516 -10.487763 -0.035346 0.998085 -0.050760 -2.075073 0.463234 0.061368 0.884109 32.016613
0.881895 0.006862 -0.471395 -10.943289 -0.033841 0.998236 -0.048779 -2.132378 0.470229 0.058970 0.880572 32.818418
0.879065 0.007078 -0.476649 -11.393174 -0.033499 0.998335 -0.046956 -2.183862 0.475523 0.057245 0.877839 33.640547
0.876072 0.005935 -0.482144 -11.854955 -0.032096 0.998424 -0.046030 -2.244531 0.481112 0.055800 0.874882 34.493132
0.874018 0.004099 -0.485876 -12.336299 -0.030317 0.998476 -0.046113 -2.300092 0.484947 0.055034 0.872811 35.334576
0.871825 0.003635 -0.489804 -12.829780 -0.030157 0.998474 -0.046269 -2.356608 0.488889 0.055109 0.870604 36.187862
0.870856 0.004279 -0.491519 -13.328516 -0.030957 0.998454 -0.046156 -2.409028 0.490562 0.055411 0.869643 37.055719
0.870819 0.004349 -0.491584 -13.828854 -0.030258 0.998539 -0.044767 -2.463690 0.490671 0.053858 0.869679 37.928956
0.870006 0.004546 -0.493019 -14.346703 -0.029665 0.998629 -0.043140 -2.518983 0.492147 0.052157 0.868948 38.820515
0.869562 0.001654 -0.493820 -14.864115 -0.026212 0.998739 -0.042812 -2.579290 0.493127 0.050172 0.868510 39.722920
0.868884 0.001305 -0.495015 -15.379315 -0.026499 0.998685 -0.043880 -2.632487 0.494307 0.051244 0.867776 40.623642
0.867826 -0.000059 -0.496868 -15.907199 -0.025009 0.998727 -0.043801 -2.689438 0.496238 0.050438 0.866720 41.548623
0.866159 -0.001313 -0.499766 -16.454563 -0.022295 0.998899 -0.041265 -2.753834 0.499270 0.046884 0.865177 42.480083
0.863955 0.001002 -0.503569 -16.996437 -0.022487 0.999077 -0.036592 -2.805263 0.503067 0.042938 0.863180 43.397351
0.860671 0.000625 -0.509161 -17.529708 -0.019864 0.999279 -0.032351 -2.862277 0.508774 0.037957 0.860063 44.314689
0.856431 -0.001789 -0.516258 -18.084637 -0.017431 0.999324 -0.032380 -2.920627 0.515967 0.036730 0.855821 45.221817
0.850350 -0.005147 -0.526192 -18.665197 -0.015871 0.999246 -0.035423 -2.979523 0.525977 0.038473 0.849628 46.129620
0.844680 -0.007941 -0.535213 -19.243738 -0.014069 0.999215 -0.037030 -3.030481 0.535087 0.038808 0.843905 47.011698
0.838060 -0.005919 -0.545546 -19.814446 -0.015640 0.999270 -0.034868 -3.078100 0.545354 0.037753 0.837355 47.903142
0.832713 -0.002207 -0.553700 -20.408765 -0.016474 0.999451 -0.028759 -3.129612 0.553459 0.033070 0.832219 48.795405
0.828058 0.002624 -0.560636 -21.032735 -0.020532 0.999460 -0.025647 -3.177775 0.560266 0.032748 0.827665 49.678230
0.823921 -0.001098 -0.566703 -21.646090 -0.018476 0.999415 -0.028797 -3.234629 0.566403 0.034197 0.823418 50.559024
0.821422 -0.002704 -0.570314 -22.259607 -0.020601 0.999195 -0.034409 -3.277450 0.569948 0.040014 0.820706 51.433112
0.818378 -0.004038 -0.574666 -22.886776 -0.023224 0.998926 -0.040092 -3.338486 0.574211 0.046157 0.817405 52.298269
0.814314 -0.003903 -0.580412 -23.518673 -0.022292 0.999029 -0.037993 -3.384155 0.579997 0.043877 0.813436 53.154331
0.811465 -0.000910 -0.584400 -24.135536 -0.023229 0.999158 -0.033811 -3.441264 0.583939 0.041011 0.810761 54.019426
0.808251 -0.000205 -0.588837 -24.762854 -0.020461 0.999386 -0.028433 -3.503604 0.588482 0.035029 0.807751 54.877607
0.805186 0.001492 -0.593020 -25.411618 -0.022060 0.999380 -0.027438 -3.554144 0.592612 0.035174 0.804720 55.733637
0.801783 0.001483 -0.597614 -26.077756 -0.022496 0.999363 -0.027703 -3.596305 0.597192 0.035656 0.801305 56.606120
0.798380 -0.001098 -0.602153 -26.733625 -0.021560 0.999305 -0.030408 -3.644054 0.601768 0.037260 0.797802 57.451998
0.794420 -0.002541 -0.607363 -27.390447 -0.021182 0.999267 -0.031886 -3.694882 0.606999 0.038196 0.793784 58.315005
0.790095 -0.002356 -0.612980 -28.062993 -0.021650 0.999261 -0.031745 -3.746005 0.612602 0.038353 0.789460 59.166155
0.785447 -0.001685 -0.618927 -28.731521 -0.022244 0.999273 -0.030949 -3.796648 0.618530 0.038076 0.784838 60.013433
0.780331 -0.001766 -0.625364 -29.409820 -0.021636 0.999321 -0.029819 -3.846697 0.624992 0.036800 0.779763 60.845357
0.774035 -0.003083 -0.633136 -30.114415 -0.021850 0.999262 -0.031578 -3.901784 0.632766 0.038277 0.773396 61.679322
0.769183 -0.004593 -0.639012 -30.808784 -0.020568 0.999278 -0.031940 -3.950412 0.638698 0.037711 0.768533 62.520249
0.763921 -0.005537 -0.645285 -31.511656 -0.020571 0.999246 -0.032927 -4.003106 0.644981 0.038428 0.763232 63.346060
0.757824 -0.007373 -0.652418 -32.247372 -0.019469 0.999235 -0.033906 -4.060810 0.652169 0.038397 0.757101 64.178917
0.751256 -0.009910 -0.659936 -32.984583 -0.017212 0.999253 -0.034600 -4.115894 0.659786 0.037352 0.750525 64.998423
0.745377 -0.009224 -0.666579 -33.713743 -0.018030 0.999260 -0.033989 -4.170422 0.666400 0.037354 0.744659 65.830970
0.739723 -0.009724 -0.672841 -34.455623 -0.016368 0.999340 -0.032437 -4.222444 0.672712 0.035007 0.739075 66.646163
0.732477 -0.009458 -0.680726 -35.224573 -0.016796 0.999348 -0.031957 -4.271687 0.680585 0.034841 0.731841 67.445681
0.726938 -0.011879 -0.686601 -35.995893 -0.014970 0.999339 -0.033139 -4.327362 0.686541 0.034368 0.726279 68.251659
0.720197 -0.012435 -0.693658 -36.791075 -0.015315 0.999311 -0.033815 -4.380610 0.693600 0.034977 0.719511 69.059745
0.713736 -0.012048 -0.700311 -37.593848 -0.015891 0.999316 -0.033387 -4.436492 0.700234 0.034958 0.713057 69.861301
0.709299 -0.011184 -0.704819 -38.404823 -0.016786 0.999323 -0.032751 -4.495076 0.704708 0.035061 0.708631 70.662989
0.704555 -0.010527 -0.709571 -39.209581 -0.018257 0.999290 -0.032953 -4.545709 0.709415 0.036172 0.703863 71.451925
0.699067 -0.011744 -0.714960 -40.012443 -0.018029 0.999258 -0.034043 -4.601865 0.714829 0.036688 0.698336 72.218992
0.694695 -0.013644 -0.719175 -40.816432 -0.018347 0.999159 -0.036678 -4.662227 0.719070 0.038675 0.693860 73.002575
0.688718 -0.015088 -0.724872 -41.669397 -0.018146 0.999112 -0.038038 -4.715084 0.724803 0.039351 0.687832 73.792525
0.684350 -0.014565 -0.729008 -42.534738 -0.018977 0.999106 -0.037775 -4.771303 0.728906 0.039686 0.683462 74.595244
0.679276 -0.015171 -0.733726 -43.425822 -0.017161 0.999185 -0.036547 -4.836793 0.733682 0.037416 0.678462 75.402504
0.674206 -0.015364 -0.738383 -44.293960 -0.016909 0.999200 -0.036230 -4.895846 0.738350 0.036912 0.673407 76.183664
0.669023 -0.016044 -0.743068 -45.159913 -0.016409 0.999204 -0.036348 -4.959467 0.743061 0.036511 0.668227 76.965810
0.664671 -0.016849 -0.746946 -46.027219 -0.015705 0.999210 -0.036514 -5.015701 0.746971 0.036000 0.663881 77.732627
0.659846 -0.016577 -0.751218 -46.924450 -0.015601 0.999239 -0.035753 -5.078873 0.751239 0.035311 0.659085 78.508077
0.656181 -0.017909 -0.754390 -47.810733 -0.014418 0.999238 -0.036263 -5.143334 0.754466 0.034672 0.655423 79.282716
0.652536 -0.020320 -0.757485 -48.694589 -0.012083 0.999234 -0.037214 -5.199451 0.757662 0.033436 0.651791 80.041966
0.648380 -0.024928 -0.760908 -49.587981 -0.008632 0.999159 -0.040088 -5.269113 0.761268 0.032560 0.647620 80.798606
0.642371 -0.028628 -0.765859 -50.504128 -0.003972 0.999164 -0.040681 -5.326833 0.766384 0.029175 0.641721 81.552557
0.635378 -0.031759 -0.771548 -51.428722 0.000385 0.999167 -0.040811 -5.389348 0.772201 0.025634 0.634861 82.329615
0.626304 -0.035688 -0.778762 -52.369768 0.006278 0.999150 -0.040738 -5.464342 0.779554 0.020625 0.625995 83.101872
0.617498 -0.036006 -0.785748 -53.337964 0.008305 0.999195 -0.039260 -5.538835 0.786529 0.017717 0.617300 83.875015
0.609098 -0.034824 -0.792330 -54.306914 0.008888 0.999273 -0.037087 -5.603475 0.793046 0.015548 0.608964 84.610957
0.599663 -0.034468 -0.799510 -55.298382 0.007572 0.999272 -0.037400 -5.664756 0.800217 0.016373 0.599487 85.333199
0.588875 -0.035241 -0.807455 -56.290157 0.007084 0.999236 -0.038445 -5.717225 0.808193 0.016919 0.588675 86.039577
0.579384 -0.038014 -0.814168 -57.301309 0.006519 0.999096 -0.042009 -5.793773 0.815029 0.019031 0.579108 86.763757
0.569834 -0.039011 -0.820833 -58.313396 0.008685 0.999103 -0.041453 -5.858732 0.821714 0.016492 0.569662 87.464605
0.559014 -0.038587 -0.828260 -59.327595 0.010213 0.999161 -0.039656 -5.921576 0.829096 0.013709 0.558939 88.144838
0.549679 -0.038346 -0.834496 -60.331424 0.010942 0.999191 -0.038707 -5.989692 0.835305 0.012145 0.549653 88.836147
0.538623 -0.039441 -0.841623 -61.386304 0.011115 0.999149 -0.039710 -6.063060 0.842474 0.012034 0.538603 89.504878
0.528920 -0.040399 -0.847710 -62.465459 0.011416 0.999115 -0.040491 -6.125177 0.848595 0.011740 0.528913 90.165088
0.518518 -0.040503 -0.854107 -63.556456 0.009045 0.999081 -0.041886 -6.196508 0.855019 0.013993 0.518408 90.809212
0.508772 -0.040911 -0.859929 -64.646365 0.007459 0.999042 -0.043116 -6.267949 0.860869 0.015522 0.508590 91.436647
0.498605 -0.040802 -0.865868 -65.743976 0.007807 0.999062 -0.042583 -6.344475 0.866794 0.014472 0.498456 92.059781
0.491521 -0.037781 -0.870046 -66.830557 0.006970 0.999197 -0.039451 -6.409813 0.870838 0.013326 0.491389 92.679429
0.483015 -0.036895 -0.874834 -67.923982 0.006895 0.999241 -0.038335 -6.483740 0.875585 0.012484 0.482903 93.286315
0.475440 -0.037984 -0.878928 -69.044142 0.008171 0.999215 -0.038762 -6.547920 0.879710 0.011248 0.475377 93.874882
0.467996 -0.040730 -0.882792 -70.169743 0.009668 0.999114 -0.040971 -6.614235 0.883678 0.010639 0.467975 94.463088
0.461492 -0.043856 -0.886059 -71.311534 0.011924 0.998994 -0.043235 -6.693335 0.887064 0.009387 0.461551 95.056659
0.455188 -0.047018 -0.889153 -72.455030 0.012756 0.998847 -0.046289 -6.773229 0.890304 0.009728 0.455263 95.632189
0.449804 -0.049670 -0.891745 -73.603251 0.015019 0.998732 -0.048053 -6.850125 0.893001 0.008221 0.449980 96.202435
0.445733 -0.048587 -0.893846 -74.748955 0.015498 0.998795 -0.046563 -6.931312 0.895032 0.006902 0.445949 96.776131
0.441966 -0.046941 -0.895803 -75.890528 0.018968 0.998896 -0.042984 -7.016808 0.896831 0.002006 0.442368 97.346558
0.438191 -0.044940 -0.897758 -77.040986 0.020664 0.998989 -0.039922 -7.091767 0.898645 -0.001057 0.438676 97.903149
0.434862 -0.045464 -0.899349 -78.168152 0.024314 0.998953 -0.038743 -7.170887 0.900169 -0.005019 0.435512 98.449334
0.431906 -0.045296 -0.900781 -79.308416 0.026562 0.998944 -0.037497 -7.246418 0.901528 -0.007731 0.432652 98.986391
0.429670 -0.043302 -0.901947 -80.432718 0.026605 0.999023 -0.035288 -7.309169 0.902594 -0.008834 0.430402 99.521720
0.427721 -0.043593 -0.902859 -81.534781 0.030769 0.998960 -0.033656 -7.378456 0.903387 -0.013385 0.428618 100.044602
0.425018 -0.043317 -0.904148 -82.640363 0.031519 0.998957 -0.033043 -7.439537 0.904636 -0.014454 0.425940 100.574666
0.422627 -0.043199 -0.905273 -83.756889 0.033497 0.998925 -0.032031 -7.505555 0.905685 -0.016787 0.423620 101.078555
0.420747 -0.041447 -0.906230 -84.861500 0.035740 0.998938 -0.029094 -7.565438 0.906474 -0.020147 0.421782 101.608003
0.419049 -0.041037 -0.907036 -85.960009 0.036435 0.998933 -0.028361 -7.626994 0.907233 -0.021163 0.420097 102.116877
0.417056 -0.042560 -0.907884 -87.050957 0.039819 0.998800 -0.028531 -7.691969 0.908008 -0.024252 0.418250 102.596994
0.415530 -0.043595 -0.908534 -88.110776 0.040761 0.998740 -0.029281 -7.752981 0.908666 -0.024865 0.416783 103.075727
0.415526 -0.044668 -0.908484 -89.168125 0.040642 0.998708 -0.030515 -7.819525 0.908673 -0.024243 0.416804 103.569069
0.416616 -0.044468 -0.907994 -90.221033 0.039111 0.998755 -0.030967 -7.875224 0.908241 -0.022612 0.417836 104.041124
0.419846 -0.044939 -0.906482 -91.283130 0.039068 0.998743 -0.031419 -7.941571 0.906754 -0.022223 0.421074 104.520343
0.424922 -0.044844 -0.904118 -92.316073 0.035543 0.998829 -0.032837 -8.005171 0.904532 -0.018182 0.426019 104.990538
0.429844 -0.045047 -0.901779 -93.328405 0.034647 0.998842 -0.033380 -8.063338 0.902239 -0.016896 0.430907 105.456132
0.436362 -0.044339 -0.898678 -94.316301 0.032392 0.998912 -0.033556 -8.124446 0.899188 -0.014468 0.437323 105.945005
0.443678 -0.042345 -0.895185 -95.308088 0.031303 0.999006 -0.031741 -8.183418 0.895639 -0.013939 0.444563 106.455528
0.452153 -0.041652 -0.890967 -96.298486 0.030344 0.999049 -0.031305 -8.241889 0.891424 -0.012881 0.452987 106.942037
0.460703 -0.040957 -0.886609 -97.275679 0.029420 0.999090 -0.030866 -8.295942 0.887067 -0.011864 0.461489 107.438441
0.470802 -0.040821 -0.881294 -98.260411 0.028598 0.999110 -0.031001 -8.350951 0.881775 -0.010608 0.471551 107.936200
0.479863 -0.042867 -0.876295 -99.240698 0.029647 0.999027 -0.032637 -8.414924 0.876843 -0.010318 0.480667 108.449807
0.490981 -0.044041 -0.870056 -100.199681 0.027220 0.999009 -0.035208 -8.471461 0.870745 -0.006397 0.491694 108.989613
0.502816 -0.044255 -0.863260 -101.142362 0.025882 0.999012 -0.036139 -8.531891 0.864006 -0.004171 0.503464 109.533766
0.515121 -0.040488 -0.856161 -102.055888 0.020844 0.999180 -0.034710 -8.581435 0.856864 0.000034 0.515542 110.080715
0.527663 -0.037546 -0.848624 -102.981742 0.018935 0.999294 -0.032439 -8.641424 0.849243 0.001048 0.528001 110.637768
0.540730 -0.037091 -0.840378 -103.901225 0.021125 0.999311 -0.030513 -8.701752 0.840931 -0.001254 0.541141 111.225460
0.551269 -0.036164 -0.833543 -104.812000 0.018941 0.999345 -0.030830 -8.760865 0.834113 0.001207 0.551593 111.829656
0.562879 -0.037344 -0.825695 -105.700867 0.019735 0.999301 -0.031743 -8.817382 0.826304 0.001572 0.563223 112.429962
0.574187 -0.038950 -0.817797 -106.570222 0.021623 0.999241 -0.032410 -8.868521 0.818439 0.000926 0.574593 113.020242
0.584139 -0.040098 -0.810662 -107.416010 0.022770 0.999195 -0.033017 -8.917765 0.811334 0.000828 0.584582 113.606807
0.595361 -0.038201 -0.802550 -108.231557 0.020596 0.999266 -0.032286 -8.975230 0.803195 0.002692 0.595711 114.238655
0.605633 -0.035082 -0.794970 -109.044344 0.019051 0.999381 -0.029589 -9.027280 0.795516 0.002775 0.605926 114.866081
0.615764 -0.033449 -0.787220 -109.862781 0.020354 0.999440 -0.026546 -9.080205 0.787667 0.000323 0.616101 115.485244
0.625271 -0.032488 -0.779731 -110.650430 0.018772 0.999470 -0.026590 -9.132699 0.780182 0.001989 0.625550 116.112730
0.635341 -0.032486 -0.771548 -111.425369 0.017403 0.999463 -0.027751 -9.186572 0.772035 0.004204 0.635566 116.739420
0.644058 -0.031484 -0.764329 -112.208284 0.014837 0.999479 -0.028668 -9.231046 0.764833 0.007124 0.644189 117.377627
0.654027 -0.031019 -0.755834 -112.972648 0.015319 0.999497 -0.027763 -9.282171 0.756316 0.006579 0.654174 118.022400
0.662954 -0.027769 -0.748145 -113.707938 0.013255 0.999591 -0.025356 -9.329148 0.748543 0.006894 0.663051 118.671602
0.670713 -0.026994 -0.741226 -114.420130 0.014542 0.999624 -0.023246 -9.372250 0.741575 0.004813 0.670853 119.317567
0.679664 -0.025965 -0.733064 -115.094320 0.013533 0.999647 -0.022861 -9.412882 0.733399 0.005617 0.679775 119.959829
0.686821 -0.025657 -0.726373 -115.769102 0.012916 0.999650 -0.023097 -9.456873 0.726712 0.006482 0.686912 120.597813
0.693750 -0.022939 -0.719851 -116.463255 0.010383 0.999707 -0.021851 -9.497316 0.720142 0.007685 0.693785 121.238453
0.701365 -0.020730 -0.712501 -117.140309 0.010571 0.999770 -0.018683 -9.537689 0.712724 0.005572 0.701422 121.896402
0.708623 -0.018536 -0.705344 -117.797455 0.009990 0.999818 -0.016239 -9.580247 0.705517 0.004461 0.708679 122.555590
0.715647 -0.017257 -0.698249 -118.439136 0.009007 0.999840 -0.015479 -9.614642 0.698404 0.004789 0.715687 123.211419
0.724011 -0.016546 -0.689590 -119.068926 0.008371 0.999849 -0.015202 -9.651203 0.689738 0.005233 0.724041 123.854693
0.732323 -0.013082 -0.680832 -119.692031 0.005463 0.999896 -0.013337 -9.680654 0.680936 0.006048 0.732318 124.511556
0.740639 -0.009372 -0.671838 -120.282237 0.003653 0.999944 -0.009923 -9.710413 0.671894 0.004895 0.740632 125.146087
0.750766 -0.006599 -0.660536 -120.867552 0.002054 0.999969 -0.007654 -9.743420 0.660566 0.004390 0.750755 125.820001
0.761575 -0.004578 -0.648060 -121.424214 -0.000055 0.999975 -0.007129 -9.772535 0.648076 0.005465 0.761556 126.480284
0.770696 -0.005578 -0.637179 -121.967648 -0.000222 0.999959 -0.009023 -9.804772 0.637203 0.007095 0.770663 127.130650
0.781347 -0.005467 -0.624073 -122.499976 -0.001088 0.999948 -0.010123 -9.827366 0.624096 0.008589 0.781301 127.797033
0.791112 -0.004259 -0.611656 -123.012626 -0.001633 0.999957 -0.009074 -9.847253 0.611669 0.008177 0.791071 128.463915
0.801219 -0.002172 -0.598367 -123.532071 -0.002519 0.999972 -0.007002 -9.871475 0.598366 0.007118 0.801191 129.139726
0.810958 -0.000236 -0.585104 -124.025500 -0.002969 0.999985 -0.004519 -9.893464 0.585096 0.005401 0.810946 129.817505
0.820017 0.001005 -0.572338 -124.505462 -0.002942 0.999993 -0.002460 -9.917802 0.572331 0.003701 0.820014 130.503558
0.828765 0.002255 -0.559592 -124.974679 -0.002196 0.999997 0.000778 -9.927353 0.559592 0.000584 0.828768 131.203251
0.836587 0.002405 -0.547829 -125.429820 -0.001342 0.999996 0.002341 -9.945495 0.547833 -0.001223 0.836587 131.908725
0.843460 0.001807 -0.537189 -125.864832 -0.000035 0.999995 0.003309 -9.963323 0.537193 -0.002772 0.843455 132.613468
0.850260 0.002931 -0.526354 -126.321580 -0.001484 0.999994 0.003170 -9.977128 0.526360 -0.001914 0.850259 133.330329
0.857256 0.004245 -0.514874 -126.763544 -0.002860 0.999990 0.003483 -9.989133 0.514883 -0.001513 0.857259 134.072221
0.863732 0.005895 -0.503917 -127.196434 -0.004380 0.999982 0.004191 -10.000513 0.503933 -0.001412 0.863742 134.803715
0.869368 0.006222 -0.494127 -127.601796 -0.004495 0.999979 0.004682 -10.009178 0.494146 -0.001849 0.869377 135.524054
0.875468 0.005359 -0.483246 -128.015206 -0.004020 0.999985 0.003807 -10.026168 0.483259 -0.001390 0.875477 136.272024
0.880314 0.004620 -0.474369 -128.429514 -0.003560 0.999989 0.003133 -10.033604 0.474378 -0.001069 0.880320 137.036253
0.884296 0.004230 -0.466908 -128.840367 -0.003287 0.999991 0.002834 -10.045259 0.466916 -0.000972 0.884301 137.809389
0.887241 0.005596 -0.461272 -129.252033 -0.004035 0.999982 0.004369 -10.056870 0.461289 -0.002015 0.887248 138.589067
0.890493 0.007764 -0.454930 -129.665037 -0.004459 0.999955 0.008337 -10.067187 0.454975 -0.005396 0.890488 139.382280
0.893631 0.012722 -0.448622 -130.072359 -0.008153 0.999893 0.012114 -10.072477 0.448729 -0.007167 0.893639 140.179175
0.897276 0.014448 -0.441233 -130.489530 -0.009064 0.999857 0.014307 -10.078929 0.441377 -0.008838 0.897278 140.999570
0.900050 0.017242 -0.435446 -130.894671 -0.011186 0.999802 0.016467 -10.077182 0.435643 -0.009950 0.900064 141.820283
0.903710 0.018679 -0.427738 -131.286203 -0.011851 0.999756 0.018620 -10.075807 0.427982 -0.011758 0.903711 142.671479
0.906869 0.019964 -0.420939 -131.696966 -0.012220 0.999703 0.021086 -10.072895 0.421235 -0.013978 0.906844 143.531123
0.910521 0.020103 -0.412973 -132.101183 -0.011719 0.999671 0.022825 -10.066289 0.413296 -0.015943 0.910457 144.403918
0.914068 0.019575 -0.405088 -132.501736 -0.011043 0.999665 0.023388 -10.059272 0.405411 -0.016905 0.913978 145.290315
0.918158 0.017648 -0.395821 -132.881832 -0.009612 0.999706 0.022277 -10.053990 0.396098 -0.016650 0.918057 146.195676
0.921873 0.016097 -0.387157 -133.258436 -0.008341 0.999730 0.021704 -10.044041 0.387401 -0.016779 0.921758 147.115639
0.926051 0.014276 -0.377129 -133.644598 -0.007148 0.999768 0.020294 -10.037532 0.377332 -0.016098 0.925938 148.045264
0.930699 0.014168 -0.365510 -134.022038 -0.007894 0.999795 0.018652 -10.033421 0.365700 -0.014474 0.930620 148.986426
0.936274 0.016137 -0.350898 -134.392695 -0.010367 0.999779 0.018316 -10.029101 0.351116 -0.013511 0.936234 149.960554
0.942463 0.020396 -0.333687 -134.756082 -0.014503 0.999692 0.020144 -10.021821 0.333995 -0.014145 0.942469 150.932650
0.948962 0.023764 -0.314494 -135.086871 -0.017555 0.999591 0.022564 -10.021371 0.314902 -0.015891 0.948991 151.929685
0.955259 0.026343 -0.294596 -135.425997 -0.020404 0.999522 0.023217 -10.014838 0.295067 -0.016168 0.955340 152.946078
0.961542 0.028356 -0.273188 -135.729066 -0.022771 0.999462 0.023595 -10.008023 0.273711 -0.016467 0.961671 153.974406
0.967160 0.028966 -0.252512 -136.008883 -0.023309 0.999406 0.025369 -9.997036 0.253097 -0.018650 0.967261 155.016935
0.972655 0.030890 -0.230193 -136.265767 -0.025036 0.999286 0.028308 -9.981596 0.230903 -0.021770 0.972733 156.086669
0.977645 0.032571 -0.207726 -136.511724 -0.026599 0.999150 0.031478 -9.967289 0.208575 -0.025249 0.977680 157.186216
0.982046 0.035333 -0.185304 -136.733632 -0.029194 0.998934 0.035754 -9.944063 0.186370 -0.029702 0.982031 158.308026
0.985991 0.036722 -0.162709 -136.932284 -0.031008 0.998815 0.037520 -9.925063 0.163894 -0.031949 0.985960 159.428124
0.989302 0.038038 -0.140835 -137.112910 -0.033276 0.998797 0.036011 -9.902701 0.142035 -0.030939 0.989378 160.540561
0.992169 0.037723 -0.119074 -137.253509 -0.033944 0.998859 0.033608 -9.880454 0.120206 -0.029303 0.992316 161.696590
0.994462 0.036888 -0.098406 -137.369112 -0.033739 0.998870 0.033473 -9.857401 0.099530 -0.029967 0.994583 162.867978
0.996278 0.036179 -0.078237 -137.464318 -0.033503 0.998817 0.035258 -9.836639 0.079420 -0.032506 0.996311 164.053795
0.997652 0.036936 -0.057677 -137.549361 -0.034872 0.998729 0.036383 -9.812088 0.058947 -0.034286 0.997672 165.249138
0.998589 0.037536 -0.037555 -137.610297 -0.036154 0.998668 0.036821 -9.790040 0.038887 -0.035411 0.998616 166.456106
0.999103 0.039029 -0.016442 -137.641284 -0.038392 0.998560 0.037466 -9.755936 0.017880 -0.036801 0.999163 167.680105
0.999205 0.039701 0.003616 -137.654066 -0.039808 0.998515 0.037188 -9.733611 -0.002134 -0.037303 0.999302 168.911429
0.998850 0.041488 0.024025 -137.637782 -0.042340 0.998450 0.036112 -9.710205 -0.022489 -0.037087 0.999059 170.165010
0.998155 0.042043 0.043810 -137.598492 -0.043563 0.998460 0.034356 -9.680293 -0.042298 -0.036201 0.998449 171.425320
0.997087 0.042304 0.063469 -137.520870 -0.044387 0.998509 0.031782 -9.656316 -0.062030 -0.034506 0.997478 172.693182
0.995627 0.044653 0.082056 -137.445523 -0.047151 0.998474 0.028754 -9.636528 -0.080647 -0.032497 0.996213 173.981161
0.993890 0.043997 0.101229 -137.323585 -0.046939 0.998536 0.026866 -9.620616 -0.099899 -0.031453 0.994500 175.272505
0.991704 0.045252 0.120313 -137.181166 -0.048297 0.998579 0.022512 -9.608512 -0.119124 -0.028136 0.992481 176.584934
0.989244 0.045853 0.138903 -137.019458 -0.048534 0.998694 0.015974 -9.598399 -0.137989 -0.022544 0.990177 177.888410
0.986501 0.048446 0.156422 -136.816700 -0.050532 0.998678 0.009386 -9.602929 -0.155761 -0.017164 0.987646 179.191814
0.983470 0.049578 0.174151 -136.590173 -0.051175 0.998679 0.004689 -9.617229 -0.173688 -0.013524 0.984708 180.515377
0.980184 0.051981 0.191149 -136.351047 -0.053142 0.998586 0.000952 -9.626353 -0.190830 -0.011091 0.981560 181.834726
0.976479 0.053325 0.208912 -136.089028 -0.054206 0.998529 -0.001508 -9.654382 -0.208685 -0.009852 0.977933 183.174649
0.972733 0.052113 0.225996 -135.805901 -0.053217 0.998582 -0.001210 -9.677382 -0.225739 -0.010850 0.974128 184.516543
0.968603 0.050663 0.243396 -135.475048 -0.051364 0.998674 -0.003472 -9.704093 -0.243249 -0.009138 0.969921 185.869516
0.964114 0.051162 0.260511 -135.112286 -0.050408 0.998683 -0.009581 -9.739460 -0.260658 -0.003895 0.965423 187.212537
0.959607 0.052270 0.276445 -134.744643 -0.050914 0.998630 -0.012086 -9.767555 -0.276698 -0.002478 0.960954 188.552194
0.954326 0.054488 0.293758 -134.344692 -0.053314 0.998506 -0.012009 -9.803684 -0.293973 -0.004201 0.955804 189.892868
0.948682 0.056737 0.311099 -133.924231 -0.055234 0.998380 -0.013647 -9.853164 -0.311369 -0.004237 0.950280 191.249257
0.942675 0.059684 0.328332 -133.481188 -0.056892 0.998216 -0.018114 -9.892515 -0.328828 -0.001603 0.944389 192.615824
0.936518 0.059603 0.345516 -132.999302 -0.055784 0.998222 -0.020997 -9.938963 -0.346153 0.000390 0.938178 193.966733
0.929912 0.061180 0.362657 -132.508218 -0.055933 0.998122 -0.024960 -9.990977 -0.363503 0.002926 0.931588 195.316891
0.922779 0.062318 0.380257 -131.979477 -0.054545 0.998024 -0.031193 -10.054612 -0.381449 0.008043 0.924355 196.657276
0.914552 0.065061 0.399201 -131.424723 -0.054977 0.997814 -0.036671 -10.127716 -0.400714 0.011590 0.916130 198.009098
0.904604 0.068605 0.420697 -130.838708 -0.057175 0.997573 -0.039740 -10.204210 -0.422402 0.011896 0.906331 199.342351
0.892700 0.071361 0.444966 -130.215092 -0.058955 0.997390 -0.041680 -10.287242 -0.446779 0.010975 0.894577 200.674968
0.879390 0.076524 0.469912 -129.552091 -0.062405 0.997010 -0.045575 -10.376788 -0.471994 0.010753 0.881536 201.991409
0.865673 0.079759 0.494214 -128.850154 -0.063844 0.996755 -0.049032 -10.468147 -0.496521 0.010893 0.867956 203.297219
0.851202 0.083087 0.518220 -128.104210 -0.065322 0.996484 -0.052472 -10.568579 -0.520758 0.010813 0.853636 204.582247
0.836955 0.083727 0.540829 -127.333050 -0.064212 0.996426 -0.054888 -10.670198 -0.543492 0.011212 0.839340 205.868904
0.821189 0.085586 0.564202 -126.517462 -0.063613 0.996256 -0.058538 -10.780688 -0.567100 0.012181 0.823559 207.125437
0.805265 0.087679 0.586396 -125.649877 -0.061410 0.996020 -0.064596 -10.899173 -0.589726 0.016006 0.807445 208.349123
0.790371 0.089353 0.606077 -124.779022 -0.059598 0.995828 -0.069094 -11.015542 -0.609722 0.018489 0.792399 209.544323
0.774125 0.091218 0.626426 -123.856628 -0.058122 0.995626 -0.073153 -11.147242 -0.630359 0.020221 0.776040 210.734334
0.758790 0.092138 0.644785 -122.888334 -0.056019 0.995508 -0.076332 -11.292612 -0.648922 0.021800 0.760543 211.926632
0.743028 0.091823 0.662931 -121.905265 -0.053755 0.995531 -0.077643 -11.429544 -0.667098 0.022055 0.744643 213.066863
0.728336 0.092900 0.678893 -120.891162 -0.052099 0.995407 -0.080319 -11.571075 -0.683237 0.023130 0.729831 214.195257
0.714202 0.093290 0.693695 -119.856484 -0.049194 0.995317 -0.083205 -11.722302 -0.698209 0.025300 0.715447 215.295434
0.699682 0.095222 0.708080 -118.785263 -0.046407 0.995043 -0.087957 -11.886495 -0.712946 0.028682 0.700633 216.386042
0.685053 0.097069 0.721997 -117.692324 -0.044246 0.994797 -0.091764 -12.040456 -0.727148 0.030918 0.685784 217.447130
0.670339 0.098669 0.735466 -116.596495 -0.042922 0.994617 -0.094315 -12.209733 -0.740813 0.031655 0.670966 218.481246
0.655143 0.099113 0.748976 -115.459188 -0.042260 0.994613 -0.094653 -12.379945 -0.754322 0.030359 0.655802 219.502682
0.638619 0.099625 0.763047 -114.306486 -0.042604 0.994641 -0.094205 -12.549595 -0.768343 0.027653 0.639441 220.511833
0.621228 0.100771 0.777123 -113.143235 -0.045293 0.994657 -0.092772 -12.715007 -0.782320 0.022434 0.622473 221.482494
0.603368 0.101470 0.790981 -111.956849 -0.047244 0.994678 -0.091563 -12.895229 -0.796062 0.017877 0.604951 222.415188
0.585382 0.104432 0.804004 -110.760533 -0.050020 0.994432 -0.092749 -13.070209 -0.809213 0.014077 0.587346 223.328053
0.567073 0.107242 0.816656 -109.549422 -0.049848 0.994139 -0.095935 -13.251885 -0.822158 0.013693 0.569095 224.206161
0.548286 0.109437 0.829099 -108.329290 -0.051456 0.993937 -0.097166 -13.424760 -0.834706 0.010613 0.550593 225.042857
0.529180 0.108570 0.841535 -107.126008 -0.051505 0.994061 -0.095861 -13.600314 -0.846945 0.007384 0.531629 225.853506
0.508579 0.106734 0.854374 -105.921310 -0.051144 0.994280 -0.093767 -13.773581 -0.859495 0.003992 0.511129 226.628996
0.487498 0.105175 0.866766 -104.686404 -0.051498 0.994454 -0.091705 -13.939350 -0.871604 0.000069 0.490210 227.365748
0.466200 0.104203 0.878521 -103.444213 -0.051641 0.994551 -0.090561 -14.112016 -0.883171 -0.003148 0.469041 228.058998
0.445090 0.103032 0.889539 -102.205420 -0.050160 0.994668 -0.090111 -14.268923 -0.894080 -0.004512 0.447885 228.709655
0.424428 0.102417 0.899650 -100.960832 -0.049064 0.994724 -0.090094 -14.423865 -0.904131 -0.005902 0.427214 229.319922
0.404133 0.101799 0.909018 -99.721826 -0.045982 0.994792 -0.090962 -14.587612 -0.913544 -0.005037 0.406709 229.903963
0.383777 0.102604 0.917708 -98.480110 -0.043428 0.994714 -0.093052 -14.745330 -0.922404 -0.004143 0.386204 230.459428
0.363157 0.100704 0.926270 -97.212434 -0.039336 0.994913 -0.092744 -14.907124 -0.930897 -0.002755 0.365271 230.958311
0.343397 0.099177 0.933939 -95.973983 -0.037969 0.995062 -0.091707 -15.063603 -0.938423 -0.003968 0.345467 231.432187
0.323210 0.100204 0.941007 -94.729458 -0.036698 0.994957 -0.093344 -15.217552 -0.945616 -0.004363 0.325257 231.885284
0.303259 0.108205 0.946745 -93.482294 -0.038861 0.994110 -0.101170 -15.375784 -0.952116 -0.006111 0.305678 232.313127
0.283817 0.117053 0.951707 -92.228698 -0.039090 0.993108 -0.110488 -15.547653 -0.958082 -0.005844 0.286436 232.699326
0.263968 0.123145 0.956638 -90.990892 -0.040352 0.992358 -0.116609 -15.724396 -0.963687 -0.007821 0.266920 233.077241
0.245336 0.125609 0.961266 -89.772574 -0.043399 0.991999 -0.118548 -15.900649 -0.968466 -0.012633 0.248824 233.430190
0.225211 0.125776 0.966157 -88.552058 -0.045303 0.991912 -0.118569 -16.083874 -0.973256 -0.017066 0.229087 233.739542
0.204957 0.126362 0.970580 -87.333152 -0.048348 0.991728 -0.118906 -16.264848 -0.977576 -0.022555 0.209371 234.018211
0.185586 0.125133 0.974628 -86.124121 -0.048749 0.991810 -0.118057 -16.442134 -0.981418 -0.025602 0.190166 234.274153
0.166066 0.124613 0.978209 -84.912309 -0.048611 0.991812 -0.118093 -16.613748 -0.984916 -0.027940 0.170764 234.496249
0.149106 0.123677 0.981056 -83.724073 -0.046570 0.991925 -0.117969 -16.782992 -0.987724 -0.028098 0.153662 234.697782
0.129763 0.125658 0.983550 -82.548433 -0.047654 0.991581 -0.120397 -16.945380 -0.990399 -0.031247 0.134659 234.873471
0.110078 0.127776 0.985675 -81.376859 -0.048623 0.991207 -0.123062 -17.112461 -0.992733 -0.034380 0.115323 235.035693
0.093522 0.128018 0.987352 -80.221445 -0.048731 0.991099 -0.123888 -17.279192 -0.994424 -0.036528 0.098928 235.178616
0.077310 0.123929 0.989275 -79.049002 -0.047767 0.991566 -0.120483 -17.444107 -0.995862 -0.037940 0.082578 235.286025
0.063197 0.119962 0.990765 -77.875320 -0.045626 0.992059 -0.117208 -17.615815 -0.996958 -0.037797 0.068169 235.372353
0.048857 0.115547 0.992100 -76.717473 -0.044384 0.992556 -0.113414 -17.777680 -0.997819 -0.038492 0.053622 235.433358
0.037953 0.113280 0.992838 -75.585267 -0.041802 0.992864 -0.111685 -17.934404 -0.998405 -0.037264 0.042417 235.490725
0.027698 0.114186 0.993073 -74.454957 -0.041408 0.992733 -0.112992 -18.088179 -0.998759 -0.037991 0.032225 235.540871
0.019936 0.116293 0.993015 -73.345559 -0.041121 0.992467 -0.115403 -18.238323 -0.998955 -0.038533 0.024568 235.570973
0.013586 0.118325 0.992882 -72.254641 -0.043353 0.992110 -0.117640 -18.387973 -0.998968 -0.041446 0.018609 235.590346
0.007263 0.124735 0.992163 -71.161469 -0.043538 0.991288 -0.124306 -18.543656 -0.999026 -0.042294 0.012630 235.603224
0.001487 0.131911 0.991260 -70.089976 -0.045095 0.990262 -0.131710 -18.703387 -0.998982 -0.044505 0.007421 235.631390
-0.002328 0.129972 0.991515 -69.034013 -0.045144 0.990493 -0.129944 -18.857138 -0.998978 -0.045063 0.003562 235.646170
-0.004671 0.118811 0.992906 -67.981481 -0.044033 0.991929 -0.118901 -19.011102 -0.999019 -0.044276 0.000599 235.652481
-0.007278 0.110970 0.993797 -66.932353 -0.041535 0.992932 -0.111177 -19.157580 -0.999111 -0.042087 -0.002617 235.643259
-0.007199 0.110143 0.993889 -65.879333 -0.040729 0.993058 -0.110346 -19.301241 -0.999144 -0.041274 -0.002663 235.659771
-0.007106 0.112936 0.993577 -64.839890 -0.041843 0.992698 -0.113135 -19.437503 -0.999099 -0.042378 -0.002329 235.668128
-0.007382 0.115720 0.993254 -63.814200 -0.041720 0.992381 -0.115928 -19.573744 -0.999102 -0.042294 -0.002498 235.661380
-0.005086 0.117241 0.993090 -62.798013 -0.043836 0.992122 -0.117352 -19.713384 -0.999026 -0.044130 0.000093 235.673586
-0.002739 0.118671 0.992930 -61.775996 -0.045739 0.991880 -0.118672 -19.859039 -0.998950 -0.045741 0.002711 235.691844
0.000774 0.119049 0.992888 -60.770166 -0.047435 0.991775 -0.118878 -19.989229 -0.998874 -0.047006 0.006415 235.712538
0.005068 0.120399 0.992712 -59.781956 -0.050319 0.991498 -0.119995 -20.124969 -0.998721 -0.049344 0.011083 235.730208
0.010850 0.120673 0.992633 -58.797676 -0.051403 0.991446 -0.119966 -20.259763 -0.998619 -0.049722 0.016960 235.760150
0.016874 0.120168 0.992610 -57.799036 -0.052335 0.991497 -0.119143 -20.401244 -0.998487 -0.049937 0.023020 235.781627
0.024201 0.117820 0.992740 -56.811089 -0.051554 0.991857 -0.116459 -20.541486 -0.998377 -0.048362 0.030078 235.828344
0.032081 0.118310 0.992458 -55.819915 -0.049493 0.991939 -0.116648 -20.673291 -0.998259 -0.045378 0.037677 235.869532
0.039661 0.118452 0.992167 -54.850880 -0.049405 0.991967 -0.116453 -20.803259 -0.997991 -0.044399 0.045195 235.915106
0.046655 0.118298 0.991881 -53.882745 -0.051469 0.991928 -0.115883 -20.930826 -0.997584 -0.045645 0.052367 235.975149
0.052559 0.116894 0.991753 -52.904185 -0.053381 0.992034 -0.114098 -21.062883 -0.997190 -0.046944 0.058380 236.044104
0.060149 0.114039 0.991654 -51.891864 -0.052520 0.992438 -0.110943 -21.191102 -0.996807 -0.045408 0.065684 236.112446
0.065477 0.113241 0.991407 -50.885417 -0.053440 0.992512 -0.109838 -21.326178 -0.996422 -0.045789 0.071038 236.187916
0.072500 0.114246 0.990803 -49.907552 -0.052877 0.992461 -0.110568 -21.451305 -0.995966 -0.044375 0.077995 236.267649
0.079644 0.115889 0.990064 -48.980212 -0.052561 0.992326 -0.111925 -21.571079 -0.995437 -0.043124 0.085124 236.368170
0.086886 0.117493 0.989265 -48.043530 -0.052825 0.992167 -0.113198 -21.691814 -0.994817 -0.042423 0.092412 236.462305
0.093849 0.118589 0.988498 -47.104352 -0.055684 0.991952 -0.113716 -21.818629 -0.994028 -0.044372 0.099697 236.563389
0.100547 0.119079 0.987780 -46.140267 -0.056925 0.991874 -0.113778 -21.944267 -0.993303 -0.044789 0.106508 236.686530
0.107913 0.118123 0.987118 -45.192830 -0.056810 0.992026 -0.112500 -22.071050 -0.992536 -0.043938 0.113763 236.801151
0.113587 0.115042 0.986845 -44.223336 -0.059124 0.992296 -0.108873 -22.190720 -0.991767 -0.045980 0.119514 236.920745
0.119871 0.113648 0.986263 -43.266922 -0.057678 0.992546 -0.107362 -22.319292 -0.991113 -0.044016 0.125532 237.049125
