1.000000 0.000000 0.000000 0.000000 -0.000000 1.000000 0.000000 0.000000 -0.000000 0.000000 1.000000 0.000000
0.999910 -0.003400 0.013005 0.027525 0.003381 0.999993 0.001518 -0.009317 -0.013010 -0.001474 0.999914 0.317767
0.999815 -0.005578 0.018404 0.046417 0.005559 0.999984 0.001082 -0.013780 -0.018410 -0.000980 0.999830 0.627544
0.999801 -0.008039 0.018249 0.062654 0.008057 0.999967 -0.000904 -0.022429 -0.018241 0.001051 0.999833 0.953748
0.999840 -0.009378 0.015202 0.074692 0.009411 0.999954 -0.002077 -0.023596 -0.015182 0.002220 0.999882 1.286866
0.999894 -0.013208 0.006166 0.064944 0.013229 0.999907 -0.003388 -0.031029 -0.006121 0.003469 0.999975 1.622372
0.999880 -0.013314 -0.007975 0.057748 0.013276 0.999900 -0.004848 -0.031557 0.008039 0.004741 0.999956 1.951934
0.999616 -0.010279 -0.025731 0.035679 0.010167 0.999938 -0.004479 -0.041136 0.025776 0.004215 0.999659 2.286907
0.998944 -0.005360 -0.045637 -0.005461 0.005132 0.999974 -0.005109 -0.049934 0.045663 0.004870 0.998945 2.633557
0.997840 -0.002333 -0.065652 -0.059968 0.001927 0.999979 -0.006238 -0.059445 0.065666 0.006098 0.997823 2.972104
0.996305 -0.004053 -0.085794 -0.115599 0.003573 0.999977 -0.005750 -0.062882 0.085815 0.005422 0.996296 3.334616
0.994247 -0.005242 -0.106983 -0.166753 0.004721 0.999976 -0.005118 -0.066975 0.107007 0.004583 0.994248 3.725294
0.992068 -0.006053 -0.125555 -0.210336 0.005586 0.999976 -0.004067 -0.071418 0.125577 0.003333 0.992078 4.108164
0.989838 -0.004035 -0.142145 -0.285266 0.003586 0.999988 -0.003416 -0.080452 0.142157 0.002871 0.989840 4.518619
0.987541 -0.003037 -0.157335 -0.369552 0.002666 0.999993 -0.002567 -0.090772 0.157342 0.002115 0.987542 4.928088
0.985470 -0.003340 -0.169819 -0.456480 0.002863 0.999991 -0.003054 -0.099116 0.169828 0.002524 0.985471 5.340249
0.983316 -0.005530 -0.181823 -0.550411 0.004822 0.999979 -0.004336 -0.105504 0.181843 0.003387 0.983322 5.770043
0.981732 -0.008773 -0.190064 -0.652308 0.007672 0.999949 -0.006530 -0.113381 0.190112 0.004952 0.981750 6.217679
0.980201 -0.006046 -0.197912 -0.747369 0.004505 0.999956 -0.008237 -0.122773 0.197954 0.007182 0.980185 6.691242
0.978637 -0.006509 -0.205490 -0.852180 0.004502 0.999938 -0.010231 -0.131233 0.205544 0.009088 0.978606 7.161170
0.977020 -0.008304 -0.212988 -0.964957 0.005794 0.999906 -0.012407 -0.139138 0.213071 0.010888 0.976976 7.666048
0.975191 -0.013871 -0.220931 -1.091578 0.011046 0.999841 -0.014020 -0.151463 0.221090 0.011232 0.975189 8.164904
0.973092 -0.019717 -0.229571 -1.195758 0.016672 0.999746 -0.015196 -0.164801 0.229812 0.010959 0.973173 8.668891
0.971168 -0.016497 -0.237825 -1.322328 0.012552 0.999758 -0.018093 -0.184709 0.238066 0.014586 0.971140 9.198654
0.969276 -0.012421 -0.245662 -1.467727 0.007194 0.999728 -0.022164 -0.195056 0.245871 0.019715 0.969102 9.734402
0.966997 -0.010422 -0.254574 -1.628563 0.004303 0.999689 -0.024581 -0.215578 0.254751 0.022675 0.966741 10.285537
0.964518 -0.015209 -0.263578 -1.800460 0.008618 0.999621 -0.026143 -0.234991 0.263876 0.022944 0.964284 10.835115
0.962083 -0.016451 -0.272260 -1.957744 0.009098 0.999560 -0.028246 -0.260067 0.272605 0.024698 0.961809 11.397358
0.960090 -0.014475 -0.279316 -2.129163 0.005938 0.999490 -0.031385 -0.282487 0.279628 0.028474 0.959686 11.985007
0.957831 -0.014267 -0.286978 -2.315177 0.004435 0.999382 -0.034882 -0.312921 0.287298 0.032138 0.957302 12.599548
0.955525 -0.016524 -0.294447 -2.524280 0.004625 0.999146 -0.041063 -0.345577 0.294874 0.037875 0.954785 13.198937
0.953915 -0.016660 -0.299615 -2.730510 0.001990 0.998787 -0.049202 -0.382059 0.300071 0.046339 0.952791 13.807946
0.952969 -0.017301 -0.302572 -2.928123 0.000055 0.998379 -0.056916 -0.419051 0.303067 0.054222 0.951426 14.423804
0.951466 -0.016516 -0.307312 -3.138355 -0.003996 0.997812 -0.065998 -0.459601 0.307729 0.064023 0.949317 15.032956
0.950294 -0.016385 -0.310923 -3.344112 -0.006969 0.997245 -0.073853 -0.509306 0.311277 0.072349 0.947561 15.663409
0.948503 -0.014563 -0.316432 -3.581281 -0.011469 0.996709 -0.080251 -0.567707 0.316559 0.079747 0.945215 16.302459
0.946991 -0.013483 -0.320977 -3.818730 -0.015043 0.996162 -0.086227 -0.634569 0.320907 0.086484 0.943154 16.956493
0.945459 -0.011879 -0.325524 -4.050792 -0.019258 0.995549 -0.092262 -0.702058 0.325171 0.093498 0.941022 17.628964
0.943710 -0.009207 -0.330647 -4.304498 -0.024007 0.995070 -0.096228 -0.773236 0.329903 0.098749 0.938836 18.312421
0.942400 -0.005920 -0.334436 -4.559505 -0.028911 0.994660 -0.099075 -0.850851 0.333237 0.103037 0.937196 19.018076
0.939983 -0.006793 -0.341154 -4.842045 -0.028569 0.994725 -0.098523 -0.925549 0.340023 0.102356 0.934830 19.746771
0.938142 -0.005552 -0.346205 -5.128123 -0.030067 0.994788 -0.097429 -1.012369 0.344942 0.101811 0.933086 20.468407
0.935687 -0.005793 -0.352783 -5.414896 -0.030037 0.994928 -0.096004 -1.098911 0.351550 0.100426 0.930767 21.185477
0.932680 -0.005534 -0.360663 -5.698423 -0.030362 0.995129 -0.093786 -1.177267 0.359426 0.098423 0.927969 21.919782
0.929600 -0.005383 -0.368532 -6.001137 -0.029268 0.995658 -0.088371 -1.259879 0.367407 0.092936 0.925405 22.648386
0.926402 -0.003075 -0.376524 -6.304524 -0.030164 0.996147 -0.082350 -1.334925 0.375327 0.087647 0.922739 23.402387
0.922598 0.001517 -0.385760 -6.631855 -0.034026 0.996415 -0.077459 -1.413414 0.384260 0.084589 0.919342 24.161074
0.919266 0.003992 -0.393615 -6.968488 -0.036386 0.996529 -0.074871 -1.492226 0.391951 0.083148 0.916221 24.911438
0.915061 0.003758 -0.403297 -7.309339 -0.036585 0.996607 -0.073723 -1.562844 0.401652 0.082216 0.912094 25.670508
0.911035 0.004463 -0.412304 -7.660016 -0.037826 0.996630 -0.072791 -1.634204 0.410590 0.081911 0.908134 26.424584
0.907928 0.005350 -0.419092 -8.013165 -0.038786 0.996700 -0.071304 -1.692239 0.417328 0.080994 0.905139 27.201002
0.903067 0.005487 -0.429465 -8.389583 -0.039036 0.996828 -0.069349 -1.766286 0.427723 0.079391 0.900417 27.977741
0.899965 0.005292 -0.435930 -8.782769 -0.038074 0.997060 -0.066500 -1.837648 0.434296 0.076446 0.897520 28.751599
0.895659 0.006728 -0.444691 -9.182282 -0.037823 0.997415 -0.061089 -1.897636 0.443131 0.071534 0.893598 29.549691
0.892371 0.008853 -0.451216 -9.589011 -0.038272 0.997690 -0.056116 -1.963724 0.449678 0.067346 0.890649 30.349665
0.888433 0.008475 -0.458928 -10.000072 -0.036623 0.997951 -0.052469 -2.026056 0.457543 0.063423 0.886923 31.169605
0.885067 0.006072 -0.465423 -10.437733 -0.033795 0.998114 -0.051243 -2.088590 0.464234 0.061083 0.883604 31.994680
0.882370 0.007809 -0.470492 -10.888898 -0.035210 0.998155 -0.049466 -2.143697 0.469238 0.060214 0.881017 32.804756
0.878743 0.007105 -0.477243 -11.345652 -0.033654 0.998323 -0.047104 -2.189753 0.476108 0.057453 0.877508 33.623376
0.875906 0.005336 -0.482452 -11.821815 -0.031504 0.998437 -0.046155 -2.246435 0.481452 0.055627 0.874705 34.445405
0.873212 0.003526 -0.487328 -12.298280 -0.030023 0.998464 -0.046572 -2.302022 0.486415 0.055299 0.871976 35.282708
0.872236 0.002679 -0.489078 -12.786180 -0.029233 0.998483 -0.046666 -2.358168 0.488211 0.055001 0.870991 36.133448
0.869790 0.005299 -0.493393 -13.278843 -0.032507 0.998385 -0.046584 -2.413685 0.492350 0.056557 0.868558 37.006932
0.870241 0.005172 -0.492600 -13.787327 -0.031432 0.998490 -0.045045 -2.467429 0.491623 0.054683 0.869089 37.893976
0.870555 0.003950 -0.492055 -14.298551 -0.029431 0.998595 -0.044055 -2.523024 0.491190 0.052834 0.869448 38.780669
0.869422 0.003208 -0.494059 -14.818686 -0.028476 0.998642 -0.043627 -2.580392 0.493249 0.051999 0.868333 39.675205
0.869348 -0.000458 -0.494200 -15.349893 -0.024324 0.998748 -0.043714 -2.639947 0.493601 0.050023 0.868248 40.584667
0.868033 -0.000183 -0.496507 -15.879598 -0.025109 0.998704 -0.044265 -2.693294 0.495872 0.050890 0.866903 41.511640
0.865716 -0.002091 -0.500531 -16.413015 -0.021713 0.998893 -0.041727 -2.753324 0.500065 0.046992 0.864712 42.440155
0.864740 0.001801 -0.502216 -16.954161 -0.023460 0.999047 -0.036812 -2.812156 0.501671 0.043615 0.863958 43.377512
0.861203 0.000339 -0.508261 -17.495780 -0.019861 0.999258 -0.032986 -2.873016 0.507873 0.038502 0.860571 44.300399
0.856362 -0.000329 -0.516376 -18.039632 -0.019685 0.999252 -0.033283 -2.927469 0.516001 0.038667 0.855715 45.217798
0.851322 -0.005441 -0.524615 -18.611325 -0.015677 0.999236 -0.035803 -2.980721 0.524409 0.038704 0.850587 46.129288
0.846159 -0.008311 -0.532866 -19.174085 -0.014004 0.999186 -0.037821 -3.032947 0.532747 0.039464 0.845354 47.027989
0.838463 -0.006169 -0.544924 -19.746764 -0.015762 0.999243 -0.035565 -3.090512 0.544731 0.038409 0.837731 47.916033
0.833400 -0.002803 -0.552664 -20.342505 -0.016188 0.999434 -0.029479 -3.137428 0.552434 0.033514 0.832883 48.810041
0.828176 0.002126 -0.560464 -20.953816 -0.020197 0.999456 -0.026053 -3.191268 0.560104 0.032897 0.827769 49.703715
0.825520 -0.001138 -0.564372 -21.567471 -0.018745 0.999391 -0.029435 -3.242270 0.564062 0.034878 0.824996 50.581443
0.821979 -0.003045 -0.569509 -22.199877 -0.020790 0.999159 -0.035348 -3.287137 0.569138 0.040896 0.821224 51.441719
0.818985 -0.004760 -0.573794 -22.839855 -0.022590 0.998923 -0.040529 -3.338447 0.573370 0.046154 0.817996 52.302768
0.816383 -0.003580 -0.577499 -23.460211 -0.023237 0.998967 -0.039043 -3.393701 0.577043 0.045293 0.815457 53.157612
0.811585 -0.001509 -0.584232 -24.085158 -0.022950 0.999142 -0.034462 -3.453407 0.583783 0.041377 0.810855 54.018825
0.809070 0.000151 -0.587712 -24.713277 -0.021791 0.999320 -0.029741 -3.511381 0.587308 0.036869 0.808524 54.878164
0.806165 0.001752 -0.591688 -25.350466 -0.022671 0.999353 -0.027930 -3.560767 0.591257 0.035930 0.805683 55.741624
0.802384 0.001229 -0.596807 -25.998384 -0.022742 0.999335 -0.028518 -3.609455 0.596375 0.036454 0.801878 56.591423
0.799983 -0.000429 -0.600023 -26.648581 -0.022663 0.999265 -0.030929 -3.655951 0.599595 0.038341 0.799385 57.448482
0.795839 -0.002772 -0.605502 -27.297542 -0.021022 0.999260 -0.032205 -3.702949 0.605144 0.038359 0.795191 58.311359
0.791116 -0.003095 -0.611658 -27.970748 -0.020888 0.999267 -0.032072 -3.753879 0.611309 0.038149 0.790472 59.167936
0.786213 -0.001888 -0.617952 -28.648362 -0.021644 0.999298 -0.030590 -3.799588 0.617576 0.037425 0.785620 60.018437
0.781500 -0.002668 -0.623900 -29.332037 -0.020865 0.999320 -0.030409 -3.852641 0.623557 0.036783 0.780912 60.850186
0.775837 -0.004529 -0.630917 -30.009786 -0.020205 0.999283 -0.032019 -3.909837 0.630610 0.037589 0.775189 61.683723
0.771097 -0.004565 -0.636701 -30.694944 -0.021040 0.999245 -0.032647 -3.960487 0.636369 0.038570 0.770420 62.524351
0.764871 -0.005533 -0.644160 -31.403037 -0.020391 0.999254 -0.032796 -4.006045 0.643861 0.038220 0.764187 63.355455
0.759775 -0.007511 -0.650143 -32.118723 -0.019525 0.999219 -0.034360 -4.060842 0.649893 0.038800 0.759035 64.172276
0.753290 -0.010486 -0.657605 -32.858728 -0.017076 0.999224 -0.035494 -4.121803 0.657467 0.037967 0.752526 65.003471
0.747238 -0.009917 -0.664482 -33.586631 -0.017339 0.999257 -0.034413 -4.172240 0.664330 0.037236 0.746511 65.829899
0.740884 -0.010325 -0.671553 -34.329309 -0.016170 0.999318 -0.033203 -4.228892 0.671438 0.035459 0.740212 66.640328
0.733568 -0.009995 -0.679542 -35.088977 -0.016235 0.999349 -0.032225 -4.282407 0.679422 0.034671 0.732928 67.458350
0.728957 -0.012298 -0.684449 -35.851899 -0.015622 0.999279 -0.034593 -4.337697 0.684381 0.035909 0.728240 68.271236
0.721814 -0.014082 -0.691944 -36.636011 -0.013653 0.999309 -0.034580 -4.392947 0.691953 0.034408 0.721122 69.089970
0.714697 -0.010751 -0.699351 -37.431815 -0.018111 0.999262 -0.033870 -4.442143 0.699200 0.036873 0.713975 69.890625
0.711333 -0.011904 -0.702754 -38.244028 -0.016556 0.999295 -0.033685 -4.497684 0.702660 0.035595 0.710635 70.695840
0.706004 -0.011723 -0.708110 -39.063140 -0.017326 0.999278 -0.033818 -4.551511 0.707996 0.036144 0.705291 71.481956
0.700998 -0.011888 -0.713064 -39.882971 -0.018304 0.999232 -0.034653 -4.605172 0.712928 0.037343 0.700242 72.270363
0.695409 -0.014717 -0.718463 -40.698893 -0.017447 0.999150 -0.037353 -4.666902 0.718402 0.038510 0.694561 73.057779
0.690030 -0.016178 -0.723600 -41.535051 -0.017452 0.999088 -0.038979 -4.719994 0.723570 0.039525 0.689118 73.854228
0.685989 -0.015109 -0.727455 -42.375445 -0.019163 0.999062 -0.038821 -4.779173 0.727359 0.040571 0.685057 74.654199
0.679825 -0.016395 -0.733191 -43.239745 -0.015445 0.999208 -0.036664 -4.840987 0.733212 0.036249 0.679034 75.442228
0.675743 -0.015711 -0.736970 -44.107080 -0.016659 0.999192 -0.036576 -4.905370 0.736949 0.036994 0.674935 76.234766
0.671183 -0.016832 -0.741100 -44.978407 -0.016179 0.999171 -0.037346 -4.963333 0.741115 0.037056 0.670355 77.026194
0.664755 -0.017522 -0.746856 -45.868315 -0.015395 0.999191 -0.037145 -5.021612 0.746903 0.036190 0.663947 77.800916
0.662815 -0.017460 -0.748580 -46.756699 -0.014786 0.999228 -0.036399 -5.086317 0.748638 0.035195 0.662045 78.587974
0.657104 -0.019330 -0.753552 -47.651606 -0.012412 0.999258 -0.036456 -5.143705 0.753698 0.033308 0.656377 79.357776
0.654356 -0.022236 -0.755860 -48.545478 -0.009532 0.999246 -0.037647 -5.202490 0.756127 0.031839 0.653650 80.118434
0.649672 -0.026108 -0.759766 -49.457951 -0.007210 0.999154 -0.040500 -5.269115 0.760181 0.031789 0.648934 80.884577
0.644278 -0.030349 -0.764189 -50.374113 -0.001435 0.999163 -0.040891 -5.329873 0.764790 0.027442 0.643695 81.658455
0.636333 -0.033694 -0.770678 -51.290143 0.003227 0.999153 -0.041019 -5.394044 0.771408 0.023615 0.635903 82.428242
0.628396 -0.037590 -0.776985 -52.211927 0.008783 0.999111 -0.041233 -5.464095 0.777844 0.019086 0.628168 83.202830
0.619214 -0.036915 -0.784354 -53.171508 0.009454 0.999172 -0.039561 -5.531108 0.785166 0.017081 0.619050 83.971283
0.610636 -0.035733 -0.791104 -54.146306 0.010802 0.999264 -0.036797 -5.592895 0.791838 0.013924 0.610573 84.715878
0.600398 -0.035999 -0.798890 -55.127000 0.010348 0.999252 -0.037251 -5.662000 0.799634 0.014099 0.600322 85.445881
0.592633 -0.036950 -0.804625 -56.113954 0.009731 0.999203 -0.038718 -5.717574 0.805414 0.015116 0.592520 86.174069
0.582844 -0.039868 -0.811605 -57.110105 0.009166 0.999055 -0.042494 -5.791905 0.812533 0.017328 0.582658 86.874531
0.571701 -0.040025 -0.819485 -58.117480 0.010270 0.999080 -0.041632 -5.856012 0.820398 0.015385 0.571586 87.577101
0.562152 -0.041525 -0.825990 -59.133295 0.014848 0.999084 -0.040121 -5.923400 0.826901 0.010290 0.562254 88.278170
0.550925 -0.040872 -0.833553 -60.162006 0.015068 0.999124 -0.039032 -5.989538 0.834419 0.008944 0.551059 88.960419
0.542217 -0.040759 -0.839249 -61.214368 0.013478 0.999116 -0.039815 -6.058708 0.840131 0.010277 0.542287 89.642447
0.531116 -0.041890 -0.846263 -62.274680 0.013530 0.999069 -0.040962 -6.123248 0.847191 0.010306 0.531189 90.301565
0.520669 -0.041771 -0.852736 -63.350276 0.011039 0.999048 -0.042198 -6.191183 0.853687 0.012557 0.520635 90.947847
0.510901 -0.043570 -0.858535 -64.434603 0.011854 0.998977 -0.043643 -6.269201 0.859558 0.012120 0.510894 91.587293
0.500882 -0.042614 -0.864466 -65.526769 0.009984 0.999005 -0.043461 -6.343754 0.865458 0.013138 0.500809 92.231090
0.494058 -0.039001 -0.868554 -66.623565 0.007520 0.999148 -0.040588 -6.408999 0.869397 0.013521 0.493930 92.869531
0.486347 -0.038760 -0.872906 -67.732172 0.010337 0.999201 -0.038609 -6.480731 0.873705 0.009754 0.486359 93.475413
0.479368 -0.039185 -0.876738 -68.870238 0.010175 0.999184 -0.039094 -6.542760 0.877555 0.009819 0.479376 94.064603
0.471993 -0.042193 -0.880592 -69.983249 0.012167 0.999071 -0.041348 -6.616015 0.881518 0.008802 0.472068 94.641911
0.464449 -0.046057 -0.884401 -71.104405 0.016378 0.998923 -0.043420 -6.687059 0.885448 0.005681 0.464703 95.231968
0.458727 -0.048094 -0.887275 -72.237057 0.015150 0.998812 -0.046307 -6.760969 0.888448 0.007800 0.458911 95.814597
0.454188 -0.051438 -0.889420 -73.376438 0.019644 0.998667 -0.047725 -6.841851 0.890690 0.004204 0.454593 96.387873
0.447463 -0.047961 -0.893015 -74.519628 0.015748 0.998829 -0.045753 -6.916319 0.894164 0.006410 0.447694 96.958199
0.445627 -0.048092 -0.893926 -75.663058 0.024018 0.998839 -0.041763 -7.004962 0.894896 -0.002860 0.446265 97.537133
0.442927 -0.044829 -0.895436 -76.814314 0.021773 0.998992 -0.039243 -7.067534 0.896293 -0.002115 0.443457 98.108309
0.438680 -0.046724 -0.897428 -77.947736 0.028854 0.998865 -0.037901 -7.147841 0.898180 -0.009268 0.439530 98.648356
0.435840 -0.045588 -0.898868 -79.079908 0.028708 0.998912 -0.036741 -7.221641 0.899566 -0.009792 0.436675 99.203447
0.434385 -0.043829 -0.899660 -80.206858 0.029652 0.998970 -0.034350 -7.291444 0.900239 -0.011755 0.435237 99.741544
0.432129 -0.044366 -0.900720 -81.318502 0.034166 0.998877 -0.032809 -7.357007 0.901165 -0.016597 0.433159 100.276997
0.429619 -0.045002 -0.901888 -82.418936 0.034911 0.998839 -0.033209 -7.415677 0.902335 -0.017219 0.430691 100.782630
0.427659 -0.044868 -0.902826 -83.521932 0.037825 0.998781 -0.031720 -7.479429 0.903148 -0.020584 0.428835 101.307166
0.425617 -0.042031 -0.903927 -84.626834 0.037403 0.998884 -0.028835 -7.535730 0.904130 -0.021537 0.426714 101.819848
0.423350 -0.042204 -0.904983 -85.719370 0.040494 0.998797 -0.027636 -7.596141 0.905061 -0.024947 0.424550 102.333832
0.421569 -0.043960 -0.905730 -86.815265 0.043576 0.998652 -0.028187 -7.659626 0.905749 -0.027585 0.422916 102.847117
0.420734 -0.045128 -0.906061 -87.893130 0.044653 0.998582 -0.029002 -7.721914 0.906084 -0.028256 0.422153 103.337762
0.420249 -0.045525 -0.906266 -88.965612 0.042766 0.998625 -0.030333 -7.787213 0.906401 -0.026011 0.421618 103.818698
0.422203 -0.045283 -0.905370 -90.018121 0.040676 0.998692 -0.030982 -7.842516 0.905589 -0.023746 0.423492 104.310333
0.424405 -0.045664 -0.904320 -91.053262 0.041286 0.998665 -0.031052 -7.908174 0.904531 -0.024157 0.425723 104.779399
0.430756 -0.045375 -0.901327 -92.074217 0.037767 0.998767 -0.032231 -7.961971 0.901678 -0.020156 0.431938 105.266219
0.435214 -0.045291 -0.899187 -93.084792 0.035790 0.998815 -0.032986 -8.022387 0.899616 -0.017826 0.436319 105.739063
0.440562 -0.046142 -0.896535 -94.077152 0.037855 0.998745 -0.032800 -8.088270 0.896924 -0.019488 0.441756 106.215868
0.447995 -0.043636 -0.892971 -95.063163 0.035152 0.998896 -0.031176 -8.146340 0.893345 -0.017423 0.449034 106.715994
0.456484 -0.042082 -0.888736 -96.045350 0.033289 0.998989 -0.030204 -8.193071 0.889109 -0.015797 0.457424 107.207586
0.465650 -0.041951 -0.883974 -97.020191 0.033101 0.999002 -0.029974 -8.242775 0.884350 -0.015303 0.466574 107.698527
0.474772 -0.042406 -0.879086 -97.991528 0.034138 0.998974 -0.029753 -8.302528 0.879446 -0.015885 0.475733 108.195892
0.484199 -0.043590 -0.873871 -98.958595 0.033073 0.998956 -0.031504 -8.354519 0.874333 -0.013648 0.485136 108.724257
0.494604 -0.044704 -0.867968 -99.901344 0.030476 0.998954 -0.034084 -8.408251 0.868584 -0.009594 0.495449 109.257793
0.506884 -0.045348 -0.860821 -100.852431 0.030529 0.998933 -0.034647 -8.466955 0.861474 -0.008718 0.507727 109.796950
0.521539 -0.041997 -0.852193 -101.771678 0.025550 0.999109 -0.033601 -8.521196 0.852845 -0.004250 0.522147 110.364427
0.533154 -0.038971 -0.845120 -102.689476 0.023817 0.999234 -0.031053 -8.581724 0.845683 -0.003572 0.533674 110.927334
0.545172 -0.037965 -0.837464 -103.596416 0.025464 0.999263 -0.028723 -8.634209 0.837938 -0.005667 0.545736 111.491196
0.555673 -0.037530 -0.830553 -104.489613 0.024684 0.999285 -0.028640 -8.682384 0.831035 -0.004587 0.556202 112.082263
0.567068 -0.037595 -0.822812 -105.370232 0.022887 0.999291 -0.029885 -8.734305 0.823353 -0.001885 0.567527 112.687578
0.578122 -0.039993 -0.814970 -106.228133 0.026223 0.999193 -0.030431 -8.787104 0.815529 -0.003778 0.578704 113.301830
0.589234 -0.042262 -0.806856 -107.089064 0.029602 0.999090 -0.030713 -8.838493 0.807420 -0.005788 0.589949 113.924753
0.600213 -0.040352 -0.798822 -107.925264 0.027310 0.999178 -0.029952 -8.889451 0.799374 -0.003838 0.600822 114.558120
0.609830 -0.037555 -0.791642 -108.753923 0.026335 0.999285 -0.027119 -8.944621 0.792095 -0.004310 0.610383 115.202103
0.620895 -0.034328 -0.783142 -109.568195 0.024996 0.999400 -0.023990 -8.994202 0.783495 -0.004680 0.621380 115.845173
0.630193 -0.034053 -0.775692 -110.369823 0.024559 0.999412 -0.023921 -9.040014 0.776051 -0.003976 0.630658 116.481774
0.640447 -0.033882 -0.767254 -111.150818 0.022797 0.999425 -0.025105 -9.091987 0.767664 -0.001413 0.640851 117.109545
0.649481 -0.033840 -0.759624 -111.929193 0.021472 0.999427 -0.026164 -9.136391 0.760074 0.000683 0.649836 117.751679
0.658663 -0.032011 -0.751757 -112.683338 0.020016 0.999486 -0.025022 -9.182826 0.752172 0.001433 0.658965 118.386296
0.667802 -0.029585 -0.743751 -113.418552 0.019432 0.999562 -0.022313 -9.227246 0.744085 0.000448 0.668085 119.016466
0.675285 -0.027943 -0.737027 -114.114804 0.019458 0.999609 -0.020071 -9.263059 0.737300 -0.000787 0.675565 119.664502
0.683411 -0.028002 -0.729496 -114.811445 0.019929 0.999607 -0.019701 -9.307279 0.729762 -0.001074 0.683701 120.314939
0.690653 -0.027516 -0.722662 -115.488333 0.019340 0.999621 -0.019579 -9.340875 0.722927 -0.000454 0.690924 120.966333
0.698616 -0.025456 -0.715044 -116.148183 0.017498 0.999676 -0.018493 -9.379786 0.715283 0.000408 0.698835 121.623476
0.705889 -0.022329 -0.707970 -116.803866 0.016923 0.999749 -0.014659 -9.412475 0.708121 -0.001633 0.706090 122.289534
0.713062 -0.020090 -0.700813 -117.452226 0.015880 0.999796 -0.012504 -9.448829 0.700922 -0.002213 0.713235 122.942448
0.720387 -0.019207 -0.693307 -118.103922 0.015077 0.999814 -0.012032 -9.486274 0.693409 -0.001785 0.720542 123.608878
0.728483 -0.017920 -0.684830 -118.737603 0.012944 0.999839 -0.012394 -9.522384 0.684942 0.000165 0.728598 124.278625
0.736693 -0.014183 -0.676078 -119.367117 0.010448 0.999899 -0.009590 -9.545013 0.676146 0.000001 0.736768 124.934542
0.746066 -0.011418 -0.665774 -119.970693 0.009717 0.999933 -0.006260 -9.574149 0.665801 -0.001799 0.746127 125.585981
0.755577 -0.007852 -0.655013 -120.565588 0.007176 0.999967 -0.003709 -9.597556 0.655021 -0.001897 0.755608 126.245743
0.765372 -0.005947 -0.643561 -121.127887 0.004978 0.999982 -0.003321 -9.621947 0.643569 -0.000662 0.765388 126.897499
0.775549 -0.006630 -0.631252 -121.656320 0.004555 0.999978 -0.004906 -9.647789 0.631271 0.000930 0.775562 127.551330
0.784948 -0.006976 -0.619522 -122.181661 0.004345 0.999974 -0.005755 -9.666243 0.619547 0.001826 0.784958 128.213137
0.794570 -0.005624 -0.607146 -122.680196 0.003236 0.999982 -0.005029 -9.683315 0.607164 0.002031 0.794574 128.878013
0.805021 -0.003447 -0.593237 -123.174772 0.002575 0.999994 -0.002316 -9.701058 0.593241 0.000337 0.805025 129.551566
0.814629 -0.001202 -0.579982 -123.649384 0.001653 0.999999 0.000249 -9.719943 0.579981 -0.001162 0.814629 130.239070
0.824259 -0.000568 -0.566212 -124.124982 0.002467 0.999994 0.002588 -9.736039 0.566207 -0.003531 0.824255 130.927849
0.832122 0.001326 -0.554591 -124.590491 0.001780 0.999986 0.005062 -9.750307 0.554590 -0.005200 0.832108 131.631419
0.840760 0.001355 -0.541406 -125.042126 0.003000 0.999970 0.007161 -9.764583 0.541400 -0.007645 0.840730 132.337054
0.847332 0.000955 -0.531063 -125.486247 0.004083 0.999957 0.008312 -9.768450 0.531048 -0.009212 0.847292 133.055481
0.853766 0.001886 -0.520654 -125.928941 0.002865 0.999961 0.008321 -9.774581 0.520650 -0.008596 0.853727 133.782243
0.860365 0.002908 -0.509670 -126.355580 0.001906 0.999958 0.008923 -9.786534 0.509675 -0.008649 0.860324 134.517490
0.867052 0.005004 -0.498193 -126.780861 -0.000433 0.999957 0.009290 -9.791127 0.498218 -0.007839 0.867016 135.249951
0.873183 0.004956 -0.487367 -127.211691 -0.000260 0.999953 0.009703 -9.796537 0.487393 -0.008346 0.873143 135.994129
0.878400 0.003921 -0.477910 -127.623011 0.000552 0.999957 0.009218 -9.806758 0.477926 -0.008361 0.878360 136.749456
0.883178 0.002759 -0.469029 -128.019803 0.001366 0.999963 0.008454 -9.810012 0.469035 -0.008107 0.883142 137.501385
0.887429 0.003008 -0.460934 -128.419859 0.000929 0.999965 0.008314 -9.815201 0.460943 -0.007807 0.887396 138.273671
0.890260 0.003700 -0.455437 -128.816316 0.000778 0.999953 0.009644 -9.821769 0.455452 -0.008940 0.890216 139.060744
0.893738 0.007144 -0.448533 -129.200833 -0.000877 0.999899 0.014179 -9.825722 0.448589 -0.012279 0.893654 139.865474
0.896888 0.011071 -0.442118 -129.595001 -0.003586 0.999836 0.017763 -9.825536 0.442242 -0.014346 0.896781 140.660983
0.899988 0.013836 -0.435695 -129.994586 -0.005591 0.999780 0.020200 -9.824561 0.435879 -0.015744 0.899868 141.468392
0.903344 0.016474 -0.428599 -130.393811 -0.007531 0.999717 0.022553 -9.817606 0.428850 -0.017145 0.903213 142.300958
0.906452 0.017241 -0.421956 -130.803955 -0.007517 0.999667 0.024697 -9.809111 0.422241 -0.019215 0.906280 143.138511
0.909528 0.018461 -0.415232 -131.200930 -0.007908 0.999601 0.027120 -9.799974 0.415567 -0.021383 0.909311 143.996314
0.913089 0.018431 -0.407344 -131.604539 -0.007380 0.999561 0.028685 -9.788261 0.407694 -0.023185 0.912824 144.885077
0.916787 0.017939 -0.398974 -131.999095 -0.006792 0.999547 0.029336 -9.775041 0.399320 -0.024185 0.916493 145.762937
0.920473 0.015552 -0.390496 -132.385622 -0.004620 0.999571 0.028918 -9.760009 0.390778 -0.024815 0.920150 146.662619
0.924264 0.014465 -0.381479 -132.760188 -0.003904 0.999588 0.028445 -9.739171 0.381733 -0.024801 0.923940 147.576389
0.928159 0.012648 -0.371969 -133.123687 -0.002886 0.999637 0.026790 -9.731237 0.372173 -0.023792 0.927859 148.498070
0.933153 0.013055 -0.359243 -133.479988 -0.004302 0.999674 0.025153 -9.722157 0.359455 -0.021926 0.932905 149.456097
0.938251 0.015409 -0.345612 -133.845987 -0.007267 0.999665 0.024843 -9.704026 0.345879 -0.020798 0.938049 150.436230
0.944597 0.019798 -0.327636 -134.198220 -0.011591 0.999569 0.026985 -9.691772 0.328029 -0.021693 0.944419 151.415314
0.951352 0.023250 -0.307227 -134.543946 -0.014822 0.999448 0.029738 -9.675731 0.307749 -0.023737 0.951172 152.407654
0.957253 0.025412 -0.288132 -134.877720 -0.017277 0.999378 0.030743 -9.657983 0.288734 -0.024451 0.957097 153.406486
0.963553 0.027714 -0.266078 -135.182535 -0.020076 0.999306 0.031383 -9.641150 0.266763 -0.024897 0.963440 154.431628
0.969012 0.027746 -0.245450 -135.480111 -0.020201 0.999244 0.033206 -9.626293 0.246186 -0.027219 0.968840 155.477887
0.974315 0.029954 -0.223190 -135.737581 -0.022473 0.999100 0.035980 -9.600441 0.224067 -0.030040 0.974111 156.557455
0.979245 0.031560 -0.200209 -135.969752 -0.024113 0.998927 0.039531 -9.579568 0.201242 -0.033882 0.978955 157.645366
0.983061 0.034654 -0.179972 -136.185347 -0.027233 0.998680 0.043543 -9.550385 0.181244 -0.037905 0.982707 158.747854
0.987196 0.035389 -0.155537 -136.379356 -0.028578 0.998541 0.045808 -9.520360 0.156931 -0.040777 0.986767 159.871552
0.990253 0.036696 -0.134358 -136.548601 -0.031046 0.998553 0.043911 -9.487856 0.135775 -0.039312 0.989959 161.010712
0.993106 0.035613 -0.111683 -136.694428 -0.031040 0.998617 0.042428 -9.441086 0.113039 -0.038669 0.992838 162.167600
0.995185 0.035403 -0.091399 -136.798891 -0.031653 0.998609 0.042158 -9.412291 0.092764 -0.039062 0.994922 163.341378
0.996835 0.034875 -0.071441 -136.866803 -0.031789 0.998531 0.043886 -9.384888 0.072866 -0.041476 0.996479 164.523713
0.998111 0.034751 -0.050665 -136.929291 -0.032472 0.998453 0.045137 -9.349696 0.052155 -0.043407 0.997695 165.734568
0.998893 0.035726 -0.030614 -136.976451 -0.034306 0.998366 0.045709 -9.314994 0.032197 -0.044608 0.998486 166.946678
0.999251 0.037429 -0.009865 -137.009636 -0.036938 0.998260 0.045969 -9.275618 0.011568 -0.045571 0.998894 168.167234
0.999225 0.037915 0.010602 -137.021863 -0.038368 0.998189 0.046329 -9.236349 -0.008826 -0.046700 0.998870 169.383337
0.998708 0.039934 0.031438 -136.994842 -0.041339 0.998114 0.045376 -9.200899 -0.029566 -0.046617 0.998475 170.621706
0.997901 0.040083 0.050853 -136.947697 -0.042299 0.998168 0.043263 -9.164505 -0.049025 -0.045324 0.997769 171.867158
0.996695 0.040446 0.070446 -136.882932 -0.043412 0.998212 0.041090 -9.125151 -0.068658 -0.044012 0.996669 173.128224
0.995116 0.042541 0.089078 -136.798332 -0.046096 0.998205 0.038239 -9.089980 -0.087292 -0.042158 0.995290 174.416309
0.993358 0.041838 0.107187 -136.687630 -0.045958 0.998285 0.036259 -9.060706 -0.105486 -0.040944 0.993578 175.704800
0.990956 0.042696 0.127215 -136.542550 -0.047109 0.998381 0.031879 -9.032616 -0.125648 -0.037583 0.991363 177.000005
0.988576 0.043392 0.144342 -136.366909 -0.047552 0.998543 0.025495 -9.017563 -0.143026 -0.032068 0.989199 178.306669
0.985793 0.046579 0.161377 -136.162614 -0.050231 0.998564 0.018624 -9.010947 -0.160278 -0.026466 0.986717 179.632811
0.982428 0.046815 0.180673 -135.932537 -0.050244 0.998633 0.014444 -9.002351 -0.179750 -0.023268 0.983437 180.954285
0.979020 0.050043 0.197522 -135.687044 -0.053073 0.998540 0.010071 -9.007322 -0.196730 -0.020343 0.980247 182.273314
0.975407 0.050793 0.214480 -135.417804 -0.053777 0.998520 0.008097 -9.016804 -0.213751 -0.019432 0.976695 183.604255
0.971402 0.050435 0.232023 -135.116070 -0.053848 0.998514 0.008392 -9.022580 -0.231255 -0.020646 0.972674 184.939781
0.967375 0.048547 0.248655 -134.779909 -0.051700 0.998644 0.006160 -9.039548 -0.248019 -0.018814 0.968573 186.280452
0.963122 0.048897 0.264584 -134.419500 -0.050671 0.998715 -0.000120 -9.058464 -0.264250 -0.013291 0.964363 187.635537
0.958172 0.050435 0.281714 -134.049275 -0.051724 0.998657 -0.002862 -9.074177 -0.281480 -0.011829 0.959494 188.993924
0.952528 0.052835 0.299833 -133.655844 -0.054602 0.998505 -0.002490 -9.092304 -0.299516 -0.014000 0.953989 190.348734
0.946956 0.055690 0.316500 -133.244116 -0.057233 0.998351 -0.004428 -9.130176 -0.316225 -0.013921 0.948582 191.690481
0.941181 0.057772 0.332926 -132.798919 -0.058131 0.998269 -0.008892 -9.157225 -0.332864 -0.010985 0.942911 193.040998
0.934838 0.057101 0.350453 -132.340143 -0.056647 0.998327 -0.011555 -9.185147 -0.350526 -0.009051 0.936509 194.382042
0.928315 0.058858 0.367105 -131.826109 -0.057147 0.998245 -0.015538 -9.223851 -0.367376 -0.006555 0.930050 195.729315
0.920946 0.059559 0.385111 -131.288300 -0.055504 0.998224 -0.021648 -9.277799 -0.385717 -0.001438 0.922616 197.078454
0.912485 0.063100 0.404215 -130.708312 -0.056866 0.998005 -0.027421 -9.336256 -0.405139 0.002035 0.914253 198.421915
0.901938 0.066607 0.426697 -130.121781 -0.059395 0.997777 -0.030205 -9.395702 -0.427761 0.001900 0.903890 199.748708
0.890287 0.070159 0.449962 -129.503883 -0.062327 0.997536 -0.032219 -9.457703 -0.451114 0.000639 0.892466 201.080513
0.876739 0.074446 0.475170 -128.830501 -0.065122 0.997225 -0.036080 -9.536499 -0.476537 0.000689 0.879154 202.398307
0.862492 0.077715 0.500068 -128.131125 -0.066838 0.996975 -0.039659 -9.612683 -0.501638 0.000782 0.865077 203.697131
0.848310 0.081320 0.523218 -127.399118 -0.068909 0.996688 -0.043184 -9.698240 -0.524997 0.000579 0.851104 204.975466
0.833012 0.081874 0.547163 -126.633860 -0.067970 0.996642 -0.045651 -9.788582 -0.549064 0.000837 0.835780 206.239017
0.817584 0.083438 0.569732 -125.820801 -0.067323 0.996511 -0.049329 -9.882979 -0.571861 0.001974 0.820348 207.504586
0.801561 0.085366 0.591787 -124.976490 -0.065277 0.996333 -0.055306 -9.978702 -0.594339 0.005701 0.804195 208.742380
0.785260 0.086978 0.613026 -124.098598 -0.063541 0.996177 -0.059947 -10.086274 -0.615897 0.008121 0.787785 209.950853
0.770236 0.088938 0.631526 -123.187861 -0.062626 0.995990 -0.063885 -10.204023 -0.634676 0.009657 0.772718 211.133400
0.753923 0.089559 0.650830 -122.237514 -0.060626 0.995922 -0.066818 -10.327135 -0.654160 0.010919 0.756278 212.301610
0.739526 0.088775 0.667248 -121.260946 -0.058015 0.995983 -0.068214 -10.451881 -0.670624 0.011736 0.741705 213.434119
0.724224 0.089790 0.683694 -120.250366 -0.056566 0.995880 -0.070870 -10.579078 -0.687241 0.012652 0.726320 214.546899
0.709285 0.090382 0.699103 -119.194454 -0.054010 0.995799 -0.073943 -10.715123 -0.702850 0.014689 0.711187 215.638638
0.695463 0.092242 0.712616 -118.117227 -0.051360 0.995571 -0.078745 -10.864026 -0.716724 0.018164 0.697121 216.721035
0.679878 0.094359 0.727229 -116.993920 -0.049515 0.995331 -0.082855 -11.009418 -0.731652 0.020323 0.681376 217.795555
0.665689 0.095813 0.740053 -115.865834 -0.048368 0.995178 -0.085335 -11.159383 -0.744660 0.021012 0.667113 218.837824
0.649402 0.096564 0.754289 -114.725728 -0.048104 0.995135 -0.085982 -11.320249 -0.758922 0.019553 0.650888 219.862737
0.633448 0.097542 0.767612 -113.567244 -0.049269 0.995094 -0.085791 -11.479636 -0.772215 0.016525 0.635147 220.847746
0.614759 0.099653 0.782394 -112.382026 -0.053012 0.994963 -0.085073 -11.640845 -0.786931 0.010823 0.616946 221.812653
0.597155 0.098758 0.796023 -111.184353 -0.053611 0.995087 -0.083237 -11.801401 -0.800333 0.007030 0.599515 222.759741
0.578870 0.101352 0.809096 -109.996096 -0.056354 0.994845 -0.084301 -11.953019 -0.813470 0.003203 0.581598 223.679720
0.560898 0.104399 0.821276 -108.787270 -0.056689 0.994532 -0.087707 -12.121648 -0.825942 0.002638 0.563750 224.576335
0.541868 0.107177 0.833602 -107.571895 -0.058749 0.994240 -0.089642 -12.291085 -0.838408 -0.000399 0.545043 225.417398
0.523237 0.106460 0.845511 -106.369422 -0.059546 0.994308 -0.088346 -12.451290 -0.850104 -0.004121 0.526598 226.219922
0.501806 0.104984 0.858585 -105.142784 -0.059596 0.994445 -0.086765 -12.619261 -0.862925 -0.007629 0.505275 226.982960
0.481604 0.102787 0.870340 -103.896919 -0.059179 0.994646 -0.084721 -12.778867 -0.874389 -0.010704 0.485108 227.720587
0.458308 0.101637 0.882963 -102.639639 -0.059720 0.994716 -0.083502 -12.931791 -0.886785 -0.014461 0.461957 228.423690
0.436535 0.099791 0.894136 -101.375097 -0.057430 0.994894 -0.082998 -13.086890 -0.897853 -0.015119 0.440037 229.075402
0.415309 0.099900 0.904178 -100.121289 -0.057124 0.994854 -0.083680 -13.238303 -0.907885 -0.016897 0.418878 229.688634
0.396953 0.098636 0.912523 -98.868281 -0.053685 0.995002 -0.084198 -13.383460 -0.916268 -0.015566 0.400265 230.268035
0.375968 0.100025 0.921218 -97.612801 -0.051776 0.994871 -0.086891 -13.535718 -0.925185 -0.015029 0.379219 230.799792
0.354880 0.097791 0.929783 -96.345238 -0.047763 0.995112 -0.086432 -13.684097 -0.933691 -0.013737 0.357817 231.293890
0.332560 0.095937 0.938190 -95.078684 -0.046813 0.995265 -0.085180 -13.827741 -0.941920 -0.015592 0.335476 231.760896
0.312871 0.097186 0.944810 -93.810174 -0.045238 0.995147 -0.087383 -13.979696 -0.948718 -0.015402 0.315749 232.192873
0.292458 0.104874 0.950510 -92.558004 -0.047388 0.994336 -0.095129 -14.127734 -0.955104 -0.017222 0.295772 232.608743
0.273611 0.113414 0.955130 -91.320520 -0.047032 0.993414 -0.104487 -14.288580 -0.960690 -0.016333 0.277142 232.990991
0.253139 0.119810 0.959982 -90.107751 -0.049426 0.992608 -0.110849 -14.456024 -0.966167 -0.019388 0.257190 233.339408
0.234713 0.122744 0.964284 -88.889526 -0.053499 0.992123 -0.113265 -14.627558 -0.970591 -0.025004 0.239431 233.656033
0.214106 0.122336 0.969119 -87.657443 -0.054807 0.992068 -0.113124 -14.792756 -0.975272 -0.028894 0.219113 233.962113
0.195777 0.122989 0.972905 -86.430690 -0.058042 0.991818 -0.113700 -14.966364 -0.978929 -0.034210 0.201314 234.233235
0.174582 0.121546 0.977112 -85.226228 -0.058629 0.991874 -0.112907 -15.135297 -0.982896 -0.037576 0.180289 234.475912
0.156711 0.120849 0.980223 -84.018884 -0.058236 0.991889 -0.112977 -15.299851 -0.985926 -0.039380 0.162478 234.694367
0.138621 0.119848 0.983067 -82.806484 -0.055927 0.992014 -0.113053 -15.462929 -0.988765 -0.039308 0.144216 234.885212
0.119726 0.121566 0.985336 -81.627604 -0.056525 0.991700 -0.115483 -15.623799 -0.991197 -0.041870 0.125603 235.064352
0.100139 0.124791 0.987117 -80.443597 -0.059430 0.991082 -0.119263 -15.792782 -0.993197 -0.046721 0.106662 235.227304
0.080616 0.124256 0.988970 -79.255416 -0.058434 0.991082 -0.119758 -15.960406 -0.995031 -0.048136 0.087158 235.351540
0.065291 0.120636 0.990547 -78.082500 -0.058487 0.991421 -0.116888 -16.123021 -0.996151 -0.050302 0.071787 235.473434
0.052226 0.115858 0.991892 -76.920823 -0.054279 0.992108 -0.113025 -16.286739 -0.997159 -0.047936 0.058102 235.550390
0.036919 0.111268 0.993104 -75.758051 -0.053820 0.992561 -0.109207 -16.437799 -0.997868 -0.049417 0.042632 235.601291
0.025623 0.109061 0.993705 -74.605223 -0.050848 0.992887 -0.107660 -16.588796 -0.998378 -0.047769 0.030987 235.637806
0.015725 0.110268 0.993777 -73.470164 -0.051129 0.992689 -0.109339 -16.742560 -0.998568 -0.049091 0.021248 235.671648
0.008780 0.112109 0.993657 -72.373093 -0.048734 0.992563 -0.111555 -16.891145 -0.998773 -0.047446 0.014178 235.692846
0.001865 0.114411 0.993432 -71.283312 -0.052888 0.992054 -0.114153 -17.033336 -0.998599 -0.052328 0.007901 235.708902
-0.003858 0.120740 0.992676 -70.194425 -0.052818 0.991274 -0.120775 -17.189073 -0.998597 -0.052897 0.002553 235.727790
-0.008860 0.127379 0.991814 -69.118620 -0.050363 0.990538 -0.127665 -17.346557 -0.998692 -0.051082 -0.002361 235.743097
-0.012487 0.126172 0.991930 -68.060021 -0.054511 0.990446 -0.126670 -17.495130 -0.998435 -0.055653 -0.005490 235.735981
-0.015758 0.114659 0.993280 -67.004293 -0.051920 0.991969 -0.115332 -17.641857 -0.998527 -0.053388 -0.009679 235.720943
-0.017886 0.107245 0.994072 -65.945089 -0.051048 0.992836 -0.108030 -17.793162 -0.998536 -0.052678 -0.012283 235.713122
-0.018448 0.106512 0.994140 -64.891177 -0.049751 0.992980 -0.107310 -17.933904 -0.998591 -0.051439 -0.013019 235.696309
-0.017887 0.109253 0.993853 -63.861883 -0.051402 0.992597 -0.110040 -18.060715 -0.998518 -0.053055 -0.012139 235.690649
-0.017504 0.112021 0.993551 -62.844942 -0.050054 0.992360 -0.112769 -18.193519 -0.998593 -0.051705 -0.011764 235.676058
-0.015453 0.113577 0.993409 -61.834905 -0.053086 0.992033 -0.114245 -18.325531 -0.998471 -0.054501 -0.009301 235.682111
-0.013484 0.114671 0.993312 -60.832629 -0.055657 0.991776 -0.115249 -18.463970 -0.998359 -0.056839 -0.006991 235.686323
-0.009957 0.115483 0.993259 -59.845484 -0.056216 0.991673 -0.115862 -18.594919 -0.998369 -0.056991 -0.003382 235.692856
-0.004632 0.116766 0.993148 -58.829519 -0.059691 0.991356 -0.116834 -18.731253 -0.998206 -0.059823 0.002378 235.686793
0.000493 0.116786 0.993157 -57.808123 -0.061340 0.991290 -0.116536 -18.862691 -0.998117 -0.060863 0.007652 235.699758
0.006378 0.116292 0.993194 -56.806429 -0.061170 0.991400 -0.115689 -18.998476 -0.998107 -0.060016 0.013436 235.711943
0.013406 0.113724 0.993422 -55.816031 -0.060658 0.991774 -0.112717 -19.135323 -0.998069 -0.058748 0.020194 235.743809
0.021853 0.114499 0.993183 -54.860458 -0.058122 0.991886 -0.113071 -19.265602 -0.998070 -0.055254 0.028331 235.776319
0.029448 0.114265 0.993014 -53.861511 -0.058303 0.991950 -0.112414 -19.391139 -0.997865 -0.054586 0.035873 235.813718
0.034702 0.114110 0.992862 -52.892314 -0.061536 0.991819 -0.111840 -19.516361 -0.997502 -0.057215 0.041440 235.861163
0.040723 0.113038 0.992756 -51.930457 -0.062832 0.991903 -0.110363 -19.641124 -0.997193 -0.057882 0.047496 235.909722
0.050248 0.110033 0.992657 -50.964717 -0.061645 0.992359 -0.106880 -19.765314 -0.996833 -0.055822 0.056647 235.974684
0.055276 0.109058 0.992497 -49.987824 -0.062634 0.992438 -0.105563 -19.887035 -0.996505 -0.056329 0.061689 236.042481
0.062427 0.109726 0.991999 -49.025803 -0.061087 0.992495 -0.105936 -20.005419 -0.996179 -0.053985 0.068661 236.121588
0.069430 0.112103 0.991268 -48.054146 -0.060137 0.992329 -0.108010 -20.126735 -0.995773 -0.052113 0.075639 236.205450
0.078250 0.113268 0.990478 -47.074303 -0.059989 0.992259 -0.108732 -20.248141 -0.995127 -0.050909 0.084439 236.302967
0.082741 0.114772 0.989940 -46.100258 -0.062219 0.992003 -0.109811 -20.375860 -0.994627 -0.052507 0.089220 236.392423
0.089921 0.115320 0.989250 -45.147755 -0.066395 0.991758 -0.109577 -20.492228 -0.993733 -0.055828 0.096837 236.493388
0.096737 0.114203 0.988736 -44.214826 -0.067470 0.991863 -0.107963 -20.612681 -0.993021 -0.056266 0.103655 236.600331
0.102431 0.110680 0.988563 -43.275714 -0.065512 0.992384 -0.104319 -20.726583 -0.992581 -0.054077 0.108902 236.707776
0.108637 0.110264 0.987947 -42.342309 -0.069041 0.992266 -0.103154 -20.844615 -0.991681 -0.057003 0.115410 236.828122
