1.000000 0.000000 0.000000 0.000000 -0.000000 1.000000 0.000000 0.000000 -0.000000 0.000000 1.000000 0.000000
0.999905 -0.003283 0.013365 0.029592 0.003264 0.999994 0.001457 -0.010178 -0.013370 -0.001413 0.999910 0.334959
0.999811 -0.005587 0.018631 0.048873 0.005567 0.999984 0.001118 -0.014668 -0.018637 -0.001014 0.999826 0.642655
0.999795 -0.008214 0.018495 0.062932 0.008231 0.999966 -0.000844 -0.022797 -0.018487 0.000996 0.999829 0.977269
0.999842 -0.009001 0.015299 0.071458 0.009034 0.999957 -0.002061 -0.022682 -0.015279 0.002199 0.999881 1.296729
0.999888 -0.013697 0.005974 0.067672 0.013716 0.999901 -0.003123 -0.030956 -0.005931 0.003205 0.999977 1.624844
0.999878 -0.012935 -0.008778 0.061804 0.012894 0.999905 -0.004777 -0.031191 0.008839 0.004663 0.999950 1.944517
0.999604 -0.010599 -0.026072 0.043652 0.010492 0.999936 -0.004256 -0.040706 0.026116 0.003981 0.999651 2.268921
0.998931 -0.005174 -0.045941 -0.006865 0.004952 0.999976 -0.004942 -0.048160 0.045965 0.004710 0.998932 2.623100
0.997869 -0.002620 -0.065194 -0.058932 0.002231 0.999979 -0.006032 -0.058954 0.065209 0.005874 0.997854 2.976683
0.996310 -0.003791 -0.085739 -0.120934 0.003323 0.999979 -0.005593 -0.061228 0.085758 0.005288 0.996302 3.328564
0.994237 -0.005149 -0.107079 -0.170962 0.004658 0.999977 -0.004837 -0.063943 0.107102 0.004310 0.994239 3.707481
0.992028 -0.005762 -0.125883 -0.211851 0.005311 0.999978 -0.003912 -0.070282 0.125903 0.003213 0.992037 4.101122
0.989824 -0.004002 -0.142238 -0.276134 0.003595 0.999989 -0.003116 -0.078721 0.142249 0.002573 0.989828 4.512523
0.987528 -0.002782 -0.157419 -0.359204 0.002444 0.999994 -0.002340 -0.088229 0.157425 0.001926 0.987529 4.924771
0.985431 -0.003154 -0.170047 -0.445449 0.002717 0.999992 -0.002804 -0.097453 0.170055 0.002302 0.985432 5.344652
0.983414 -0.005424 -0.181295 -0.529678 0.004759 0.999980 -0.004103 -0.103836 0.181313 0.003172 0.983420 5.776169
0.981780 -0.008721 -0.189821 -0.634148 0.007651 0.999950 -0.006366 -0.111736 0.189867 0.004798 0.981798 6.219048
0.980222 -0.006233 -0.197803 -0.735285 0.004728 0.999956 -0.008079 -0.123377 0.197845 0.006984 0.980208 6.691462
0.978722 -0.006550 -0.205085 -0.834741 0.004616 0.999940 -0.009911 -0.129279 0.205138 0.008754 0.978694 7.168775
0.977048 -0.008271 -0.212859 -0.939600 0.005784 0.999908 -0.012300 -0.137829 0.212941 0.010787 0.977005 7.666896
0.975249 -0.013733 -0.220681 -1.074872 0.011000 0.999847 -0.013609 -0.148130 0.220834 0.010844 0.975251 8.165315
0.973138 -0.019872 -0.229363 -1.185018 0.016907 0.999746 -0.014885 -0.162442 0.229600 0.010608 0.973227 8.673577
0.971230 -0.017018 -0.237533 -1.310235 0.013139 0.999753 -0.017905 -0.184047 0.237779 0.014269 0.971215 9.192983
0.969321 -0.012644 -0.245472 -1.455058 0.007413 0.999726 -0.022220 -0.196088 0.245686 0.019718 0.969149 9.732359
0.966956 -0.010678 -0.254718 -1.620691 0.004550 0.999686 -0.024634 -0.216482 0.254901 0.022661 0.966702 10.282891
0.964671 -0.014881 -0.263038 -1.789483 0.008314 0.999626 -0.026060 -0.232549 0.263327 0.022953 0.964433 10.840180
0.962249 -0.016567 -0.271664 -1.942768 0.009246 0.999559 -0.028207 -0.258984 0.272012 0.024631 0.961979 11.403945
0.960142 -0.014659 -0.279128 -2.119849 0.006126 0.999488 -0.031420 -0.282547 0.279446 0.028457 0.959740 11.985212
0.957803 -0.014430 -0.287063 -2.295939 0.004653 0.999387 -0.034712 -0.310003 0.287388 0.031911 0.957283 12.577608
0.955559 -0.016305 -0.294348 -2.495548 0.004404 0.999147 -0.041049 -0.343294 0.294766 0.037929 0.954816 13.179222
0.953960 -0.016865 -0.299460 -2.698240 0.002187 0.998782 -0.049283 -0.380782 0.299926 0.046359 0.952835 13.791128
0.953082 -0.017528 -0.302205 -2.897841 0.000167 0.998353 -0.057378 -0.421505 0.302713 0.054635 0.951514 14.415138
0.951762 -0.016426 -0.306396 -3.114541 -0.004124 0.997791 -0.066300 -0.460965 0.306809 0.064365 0.949592 15.033465
0.950413 -0.016706 -0.310540 -3.335646 -0.006738 0.997216 -0.074268 -0.512825 0.310916 0.072678 0.947655 15.667926
0.948979 -0.014629 -0.315001 -3.555796 -0.011287 0.996708 -0.080291 -0.568148 0.315138 0.079750 0.945689 16.310774
0.947176 -0.013489 -0.320429 -3.788877 -0.015034 0.996149 -0.086375 -0.632040 0.320360 0.086630 0.943326 16.956112
0.945376 -0.012113 -0.325756 -4.029700 -0.019013 0.995559 -0.092198 -0.701413 0.325426 0.093356 0.940948 17.644018
0.943962 -0.009209 -0.329925 -4.282621 -0.023943 0.995066 -0.096278 -0.773210 0.329184 0.098782 0.939085 18.333015
0.942717 -0.006576 -0.333527 -4.538593 -0.028052 0.994702 -0.098902 -0.848362 0.332411 0.102592 0.937538 19.024960
0.940297 -0.006674 -0.340289 -4.819657 -0.028783 0.994667 -0.099044 -0.927530 0.339135 0.102925 0.935090 19.744910
0.938138 -0.005347 -0.346221 -5.111612 -0.030374 0.994756 -0.097665 -1.012335 0.344928 0.102139 0.933055 20.466143
0.935926 -0.005501 -0.352155 -5.387867 -0.030386 0.994889 -0.096299 -1.100340 0.350885 0.100829 0.930975 21.189058
0.933123 -0.005300 -0.359518 -5.659798 -0.030586 0.995097 -0.094055 -1.177258 0.358254 0.098761 0.928386 21.912095
0.929929 -0.004965 -0.367706 -5.956035 -0.029811 0.995600 -0.088837 -1.262857 0.366529 0.093574 0.925689 22.638686
0.926650 -0.002590 -0.375915 -6.261385 -0.030785 0.996095 -0.082749 -1.335811 0.374662 0.088252 0.922952 23.386490
0.922768 0.002369 -0.385349 -6.583158 -0.035094 0.996342 -0.077912 -1.415958 0.383755 0.085419 0.919476 24.156314
0.919409 0.004249 -0.393280 -6.923557 -0.036855 0.996473 -0.075392 -1.496750 0.391572 0.083811 0.916323 24.901945
0.915259 0.004049 -0.402845 -7.275183 -0.036928 0.996583 -0.073883 -1.563607 0.401170 0.082499 0.912281 25.654540
0.911083 0.004759 -0.412194 -7.624574 -0.038242 0.996597 -0.073022 -1.635989 0.410444 0.082293 0.908165 26.424825
0.908092 0.005728 -0.418732 -7.980154 -0.039299 0.996659 -0.071593 -1.699244 0.416924 0.081469 0.905283 27.193815
0.903775 0.005555 -0.427971 -8.354097 -0.039163 0.996795 -0.069764 -1.769618 0.426212 0.079811 0.901096 27.972474
0.900214 0.005565 -0.435413 -8.735663 -0.038487 0.997022 -0.066827 -1.838854 0.433745 0.076916 0.897747 28.748675
0.895534 0.007003 -0.444938 -9.129686 -0.038356 0.997370 -0.061502 -1.901736 0.443337 0.072143 0.893447 29.542322
0.892974 0.009077 -0.450017 -9.543287 -0.038639 0.997652 -0.056548 -1.961550 0.448447 0.067884 0.891228 30.339045
0.888450 0.008623 -0.458892 -9.966442 -0.036981 0.997918 -0.052846 -2.027949 0.457481 0.063921 0.886919 31.143735
0.885027 0.006680 -0.465492 -10.404156 -0.034639 0.998070 -0.051536 -2.089486 0.464250 0.061735 0.883550 31.969146
0.882235 0.008155 -0.470738 -10.848105 -0.035782 0.998120 -0.049770 -2.143779 0.469447 0.060753 0.880868 32.787395
0.878768 0.008336 -0.477177 -11.305861 -0.035296 0.998245 -0.047561 -2.191129 0.475943 0.058638 0.877519 33.611546
0.876111 0.006731 -0.482063 -11.785362 -0.033396 0.998348 -0.046755 -2.252211 0.480952 0.057061 0.874888 34.450188
0.873772 0.006114 -0.486297 -12.250244 -0.033320 0.998324 -0.047318 -2.306678 0.485193 0.057548 0.872512 35.291961
0.871774 0.003707 -0.489894 -12.736273 -0.030683 0.998421 -0.047046 -2.363515 0.488946 0.056045 0.870512 36.132561
0.870864 0.005922 -0.491488 -13.225563 -0.033296 0.998341 -0.046967 -2.416938 0.490395 0.057266 0.869617 37.004002
0.870137 0.006173 -0.492770 -13.727889 -0.033240 0.998380 -0.046189 -2.472552 0.491687 0.056570 0.868933 37.886326
0.870369 0.005853 -0.492364 -14.255191 -0.031803 0.998510 -0.044349 -2.524162 0.491371 0.054259 0.869258 38.769173
0.870275 0.004236 -0.492548 -14.770991 -0.030114 0.998550 -0.044622 -2.584158 0.491645 0.053666 0.869141 39.672652
0.868718 0.003130 -0.495296 -15.287553 -0.029143 0.998571 -0.044804 -2.641668 0.494448 0.053356 0.867568 40.582469
0.868167 0.001447 -0.496269 -15.800289 -0.027149 0.998637 -0.044582 -2.699729 0.495529 0.052178 0.867023 41.504895
0.866023 0.000779 -0.500003 -16.334104 -0.025496 0.998767 -0.042604 -2.756795 0.499354 0.049645 0.864975 42.441015
0.863760 0.003988 -0.503888 -16.873843 -0.026386 0.998955 -0.037325 -2.813858 0.503213 0.045535 0.862962 43.366917
0.860644 0.002490 -0.509200 -17.435787 -0.022666 0.999184 -0.033424 -2.875773 0.508702 0.040308 0.859999 44.290224
0.856469 0.001802 -0.516196 -18.003574 -0.021883 0.999222 -0.032821 -2.929542 0.515735 0.039406 0.855842 45.207721
0.851329 -0.003469 -0.524621 -18.579402 -0.018028 0.999194 -0.035862 -2.984080 0.524323 0.039988 0.850580 46.108554
0.844665 -0.004690 -0.535274 -19.145632 -0.018359 0.999120 -0.037725 -3.033061 0.534980 0.041692 0.843835 46.998363
0.838051 -0.004465 -0.545574 -19.719909 -0.018293 0.999174 -0.036277 -3.091745 0.545285 0.040382 0.837277 47.895680
0.833662 -0.000025 -0.552276 -20.308621 -0.019527 0.999373 -0.029523 -3.136841 0.551930 0.035396 0.833139 48.785276
0.828323 0.004724 -0.560231 -20.909009 -0.023482 0.999378 -0.026292 -3.190786 0.559759 0.034933 0.827919 49.660435
0.824838 0.001487 -0.565367 -21.520847 -0.022352 0.999300 -0.029983 -3.243918 0.564927 0.037368 0.824295 50.554877
0.821285 0.000653 -0.570517 -22.139620 -0.025335 0.999055 -0.035326 -3.283542 0.569955 0.043467 0.820526 51.411397
0.818818 -0.002204 -0.574049 -22.762296 -0.026044 0.998820 -0.040983 -3.339738 0.573462 0.048508 0.817795 52.276245
0.816275 -0.000926 -0.577663 -23.389187 -0.026755 0.998865 -0.039408 -3.391832 0.577044 0.047623 0.815324 53.127475
0.812337 0.000332 -0.583188 -24.020053 -0.024959 0.999103 -0.034197 -3.449529 0.582654 0.042336 0.811617 53.993218
0.809200 0.003383 -0.587523 -24.639375 -0.025865 0.999219 -0.029870 -3.510739 0.586963 0.039367 0.808656 54.857032
0.806252 0.004643 -0.591554 -25.282825 -0.026592 0.999243 -0.028399 -3.560068 0.590975 0.038627 0.805765 55.727117
0.802965 0.005445 -0.596001 -25.940943 -0.027837 0.999210 -0.028375 -3.602985 0.595375 0.039375 0.802482 56.589366
0.799773 0.001853 -0.600300 -26.609223 -0.025479 0.999199 -0.030861 -3.653653 0.599762 0.039977 0.799179 57.461080
0.795829 -0.000344 -0.605521 -27.266991 -0.024449 0.999166 -0.032702 -3.703980 0.605027 0.040829 0.795157 58.325291
0.791216 0.000010 -0.611537 -27.938168 -0.024969 0.999167 -0.032289 -3.752743 0.611027 0.040816 0.790557 59.166984
0.786329 0.000778 -0.617807 -28.600801 -0.025640 0.999179 -0.031376 -3.799708 0.617275 0.040512 0.785704 60.004169
0.781826 0.000601 -0.623496 -29.269791 -0.025272 0.999208 -0.030727 -3.848858 0.622984 0.039780 0.781222 60.841230
0.775407 -0.001160 -0.631461 -29.947865 -0.024904 0.999164 -0.032415 -3.902127 0.630971 0.040861 0.774730 61.671064
0.771310 -0.000352 -0.636459 -30.634614 -0.026784 0.999096 -0.033012 -3.953345 0.635895 0.042509 0.770604 62.502647
0.765123 -0.002111 -0.643881 -31.333275 -0.025094 0.999137 -0.033094 -4.005766 0.643395 0.041478 0.764410 63.349737
0.758621 -0.003508 -0.651522 -32.059566 -0.024775 0.999107 -0.034228 -4.058638 0.651061 0.042107 0.757857 64.185395
0.754118 -0.006093 -0.656711 -32.788315 -0.022860 0.999107 -0.035520 -4.114928 0.656342 0.041799 0.753305 65.020444
0.747177 -0.006797 -0.664590 -33.536833 -0.021283 0.999190 -0.034148 -4.167164 0.664284 0.039659 0.746427 65.843655
0.741705 -0.006158 -0.670698 -34.281322 -0.021836 0.999206 -0.033323 -4.223475 0.670371 0.039361 0.740981 66.661410
0.734828 -0.005851 -0.678228 -35.030931 -0.021798 0.999243 -0.032237 -4.276059 0.677903 0.038472 0.734144 67.457477
0.728698 -0.009171 -0.684774 -35.798565 -0.018973 0.999256 -0.033573 -4.329655 0.684573 0.037457 0.727982 68.273935
0.721811 -0.009869 -0.692020 -36.573462 -0.019248 0.999225 -0.034327 -4.382643 0.691823 0.038098 0.721062 69.079003
0.715639 -0.007528 -0.698429 -37.352818 -0.022477 0.999176 -0.033800 -4.432027 0.698108 0.039887 0.714880 69.892591
0.710975 -0.007360 -0.703179 -38.147972 -0.022498 0.999195 -0.033206 -4.489763 0.702857 0.039429 0.710237 70.692731
0.706264 -0.007230 -0.707912 -38.970711 -0.023244 0.999172 -0.033394 -4.545452 0.707567 0.040039 0.705511 71.491191
0.701495 -0.007736 -0.712632 -39.806556 -0.023679 0.999136 -0.034154 -4.595662 0.712281 0.040833 0.700706 72.281757
0.695512 -0.010184 -0.718442 -40.643264 -0.023789 0.999025 -0.037191 -4.655659 0.718121 0.042958 0.694591 73.082134
0.690976 -0.010621 -0.722800 -41.486315 -0.025163 0.998933 -0.038734 -4.706140 0.722440 0.044953 0.689971 73.872174
0.687237 -0.010761 -0.726354 -42.325759 -0.024931 0.998952 -0.038389 -4.768391 0.726006 0.044491 0.686248 74.650747
0.680550 -0.010948 -0.732619 -43.176898 -0.023191 0.999066 -0.036472 -4.826287 0.732334 0.041811 0.679661 75.414702
0.675571 -0.010745 -0.737217 -44.034862 -0.023587 0.999067 -0.036176 -4.885804 0.736918 0.041828 0.674687 76.206974
0.671037 -0.011596 -0.741333 -44.908587 -0.022953 0.999074 -0.036403 -4.943924 0.741069 0.041443 0.670149 76.991478
0.666262 -0.012579 -0.745612 -45.792417 -0.021358 0.999126 -0.035941 -4.999584 0.745412 0.039870 0.665410 77.772768
0.662406 -0.012738 -0.749037 -46.680210 -0.020703 0.999162 -0.035300 -5.059850 0.748859 0.038891 0.661587 78.550769
0.657764 -0.013715 -0.753099 -47.575255 -0.019811 0.999173 -0.035500 -5.121386 0.752963 0.038270 0.656949 79.333904
0.654232 -0.017697 -0.756087 -48.476720 -0.015198 0.999217 -0.036538 -5.180515 0.756141 0.035395 0.653450 80.109430
0.649906 -0.021322 -0.759716 -49.376769 -0.012964 0.999150 -0.039132 -5.242358 0.759905 0.035282 0.649077 80.890111
0.644386 -0.025390 -0.764279 -50.282392 -0.007834 0.999177 -0.039799 -5.304226 0.764660 0.031634 0.643657 81.661019
0.637781 -0.028284 -0.769698 -51.195214 -0.004134 0.999185 -0.040143 -5.367025 0.770207 0.028784 0.637145 82.443170
0.629987 -0.031853 -0.775952 -52.124893 0.001217 0.999198 -0.040029 -5.436121 0.776605 0.024274 0.629521 83.210894
0.618937 -0.031568 -0.784806 -53.080648 0.002062 0.999254 -0.038567 -5.501242 0.785438 0.022252 0.618541 83.967361
0.610958 -0.029591 -0.791110 -54.041257 0.002599 0.999371 -0.035374 -5.557478 0.791659 0.019557 0.610651 84.720446
0.602291 -0.031061 -0.797672 -55.032670 0.003871 0.999345 -0.035991 -5.627549 0.798267 0.018589 0.602017 85.455985
0.592889 -0.031540 -0.804666 -56.022600 0.001980 0.999287 -0.037710 -5.684369 0.805282 0.020764 0.592529 86.170707
0.581611 -0.035615 -0.812687 -57.034200 0.003657 0.999146 -0.041169 -5.755314 0.813459 0.020972 0.581244 86.871757
0.571774 -0.034195 -0.819698 -58.044000 0.002030 0.999187 -0.040266 -5.815463 0.820409 0.021359 0.571378 87.595589
0.563416 -0.035410 -0.825414 -59.058245 0.006555 0.999241 -0.038393 -5.882424 0.826147 0.016220 0.563221 88.292344
0.552603 -0.034906 -0.832713 -60.085595 0.006413 0.999271 -0.037632 -5.943843 0.833420 0.015456 0.552424 88.957818
0.543061 -0.036018 -0.838920 -61.134135 0.006527 0.999231 -0.038675 -6.015927 0.839668 0.015527 0.542878 89.628351
0.532208 -0.036298 -0.845835 -62.192489 0.005307 0.999204 -0.039540 -6.071851 0.846597 0.016555 0.531977 90.297023
0.521398 -0.035609 -0.852570 -63.257739 0.002102 0.999179 -0.040447 -6.135722 0.853311 0.019297 0.521045 90.950250
0.512816 -0.037678 -0.857671 -64.346575 0.003221 0.999114 -0.041966 -6.208516 0.858493 0.018758 0.512483 91.595637
0.502127 -0.036574 -0.864020 -65.441980 0.000972 0.999129 -0.041728 -6.280805 0.864794 0.020113 0.501725 92.231199
0.495596 -0.033033 -0.867925 -66.549691 -0.000778 0.999259 -0.038476 -6.344812 0.868553 0.019744 0.495203 92.870661
0.487743 -0.032160 -0.872395 -67.648610 0.001013 0.999341 -0.036274 -6.410817 0.872987 0.016809 0.487454 93.480512
0.480659 -0.032542 -0.876304 -68.764011 0.000686 0.999325 -0.036734 -6.472184 0.876908 0.017055 0.480357 94.077697
0.472130 -0.036485 -0.880774 -69.889157 0.003515 0.999213 -0.039507 -6.541134 0.881522 0.015557 0.471886 94.663291
0.465812 -0.038809 -0.884032 -71.008387 0.005144 0.999140 -0.041152 -6.604643 0.884869 0.014621 0.465611 95.253997
0.460999 -0.041924 -0.886410 -72.150560 0.006458 0.999015 -0.043891 -6.682865 0.887378 0.014509 0.460815 95.852033
0.455839 -0.044587 -0.888945 -73.294203 0.010957 0.998950 -0.044486 -6.752137 0.889995 0.010539 0.455849 96.433483
0.450081 -0.042004 -0.891999 -74.448300 0.008564 0.999050 -0.042724 -6.824163 0.892947 0.011591 0.450013 97.007725
0.447119 -0.042412 -0.893468 -75.581122 0.016899 0.999098 -0.038969 -6.907485 0.894315 0.002325 0.447432 97.582378
0.444148 -0.038335 -0.895133 -76.710672 0.012591 0.999253 -0.036547 -6.968127 0.895865 0.004962 0.444299 98.149194
0.440914 -0.040081 -0.896654 -77.831336 0.020140 0.999193 -0.034761 -7.044742 0.897323 -0.002732 0.441366 98.704931
0.438455 -0.039091 -0.897902 -78.959782 0.020280 0.999230 -0.033600 -7.108908 0.898525 -0.003477 0.438910 99.253820
0.437054 -0.037138 -0.898668 -80.090177 0.020184 0.999301 -0.031481 -7.167132 0.899209 -0.004379 0.437498 99.786942
0.433258 -0.036728 -0.900521 -81.217068 0.022204 0.999301 -0.030074 -7.234366 0.900997 -0.006966 0.433770 100.318276
0.431204 -0.037843 -0.901460 -82.339024 0.024964 0.999238 -0.030006 -7.294868 0.901909 -0.009565 0.431820 100.855636
0.430070 -0.037250 -0.902027 -83.447530 0.027039 0.999232 -0.028372 -7.352061 0.902391 -0.012188 0.430746 101.388257
0.426460 -0.035701 -0.903801 -84.562855 0.029651 0.999235 -0.025480 -7.404241 0.904020 -0.015932 0.427193 101.900755
0.425678 -0.036078 -0.904155 -85.656743 0.032420 0.999171 -0.024606 -7.468075 0.904294 -0.018839 0.426495 102.417318
0.422131 -0.036668 -0.905793 -86.758081 0.034418 0.999109 -0.024405 -7.520593 0.905881 -0.020873 0.423017 102.911036
0.422539 -0.036993 -0.905589 -87.835264 0.033785 0.999115 -0.025049 -7.572380 0.905715 -0.020011 0.423415 103.419991
0.423109 -0.038346 -0.905267 -88.885712 0.033803 0.999077 -0.026521 -7.633359 0.905448 -0.019379 0.424014 103.914542
0.422982 -0.038394 -0.905324 -89.930675 0.033291 0.999086 -0.026817 -7.687033 0.905526 -0.018796 0.423874 104.402329
0.425088 -0.037282 -0.904384 -90.979886 0.030426 0.999175 -0.026888 -7.740253 0.904641 -0.016087 0.425872 104.871232
0.429150 -0.038287 -0.902421 -92.000686 0.029684 0.999159 -0.028275 -7.795697 0.902746 -0.014653 0.429925 105.340413
0.434628 -0.037728 -0.899820 -93.011903 0.027037 0.999218 -0.028836 -7.847300 0.900204 -0.011796 0.435308 105.817008
0.441696 -0.038095 -0.896355 -94.002253 0.027204 0.999207 -0.029061 -7.905978 0.896752 -0.011549 0.442382 106.277674
0.449313 -0.035865 -0.892654 -94.984165 0.025563 0.999301 -0.027282 -7.956397 0.893009 -0.010561 0.449915 106.750481
0.458452 -0.033973 -0.888069 -95.964275 0.021881 0.999398 -0.026937 -8.004031 0.888450 -0.007083 0.458919 107.251692
0.466693 -0.034190 -0.883758 -96.927197 0.023516 0.999379 -0.026245 -8.053436 0.884107 -0.008534 0.467207 107.771337
0.476515 -0.033780 -0.878517 -97.898241 0.022155 0.999406 -0.026412 -8.104351 0.878887 -0.006877 0.476980 108.299994
0.486011 -0.032942 -0.873331 -98.864251 0.016192 0.999457 -0.028688 -8.150299 0.873803 -0.000198 0.486281 108.836687
0.496242 -0.035293 -0.867466 -99.830823 0.016865 0.999377 -0.031012 -8.203601 0.868020 0.000759 0.496528 109.401227
0.509615 -0.036014 -0.859648 -100.799936 0.016223 0.999348 -0.032250 -8.262953 0.860250 0.002489 0.509867 109.958189
0.521351 -0.032332 -0.852729 -101.741466 0.011808 0.999460 -0.030676 -8.304201 0.853261 0.005924 0.521451 110.486140
0.533719 -0.031162 -0.845087 -102.678326 0.013621 0.999508 -0.028254 -8.369357 0.845552 0.003569 0.533881 111.035137
0.545841 -0.028805 -0.837393 -103.582541 0.011911 0.999575 -0.026620 -8.418821 0.837804 0.004556 0.545952 111.605230
0.556018 -0.028589 -0.830678 -104.476034 0.011384 0.999576 -0.026783 -8.466476 0.831092 0.005436 0.556108 112.176419
0.567697 -0.028790 -0.822734 -105.346758 0.010337 0.999559 -0.027844 -8.516747 0.823173 0.007302 0.567744 112.765230
0.578227 -0.031668 -0.815261 -106.209376 0.014476 0.999487 -0.028558 -8.571737 0.815747 0.004712 0.578389 113.375726
0.590082 -0.032287 -0.806697 -107.037419 0.014356 0.999462 -0.029501 -8.613980 0.807216 0.005827 0.590228 113.991302
0.600644 -0.030967 -0.798916 -107.869321 0.013657 0.999501 -0.028474 -8.669087 0.799400 0.006192 0.600768 114.632882
0.611032 -0.028000 -0.791111 -108.674651 0.012265 0.999589 -0.025906 -8.712793 0.791511 0.006126 0.611124 115.280208
0.621672 -0.025405 -0.782866 -109.486564 0.011690 0.999663 -0.023157 -8.763490 0.783191 0.005244 0.621760 115.933101
0.630963 -0.023370 -0.775461 -110.273425 0.007684 0.999685 -0.023876 -8.812103 0.775775 0.009106 0.630944 116.569135
0.641951 -0.023941 -0.766371 -111.052265 0.008333 0.999671 -0.024250 -8.857482 0.766700 0.009181 0.641940 117.210112
0.650642 -0.023600 -0.759018 -111.844289 0.005786 0.999642 -0.026121 -8.901670 0.759363 0.012603 0.650546 117.842458
0.660124 -0.022855 -0.750809 -112.578720 0.006315 0.999671 -0.024878 -8.946732 0.751130 0.011681 0.660051 118.480006
0.666497 -0.019771 -0.745245 -113.315587 0.005016 0.999745 -0.022037 -8.988125 0.745491 0.010950 0.666426 119.105973
0.676000 -0.018226 -0.736676 -114.035956 0.004927 0.999784 -0.020215 -9.027518 0.736886 0.010036 0.675943 119.754573
0.684306 -0.018289 -0.728965 -114.742271 0.005293 0.999784 -0.020114 -9.072228 0.729176 0.009906 0.684255 120.410487
0.691711 -0.015709 -0.722003 -115.419755 0.001179 0.999787 -0.020624 -9.106479 0.722173 0.013415 0.691582 121.059800
0.699326 -0.014994 -0.714646 -116.091033 0.001865 0.999815 -0.019153 -9.144942 0.714801 0.012062 0.699224 121.719380
0.706520 -0.011110 -0.707606 -116.758901 -0.000296 0.999872 -0.015995 -9.178585 0.707693 0.011510 0.706426 122.386099
0.714247 -0.008819 -0.699838 -117.410422 -0.000969 0.999907 -0.013589 -9.213787 0.699893 0.010384 0.714172 123.056778
0.721333 -0.009034 -0.692529 -118.047736 -0.000460 0.999908 -0.013524 -9.257383 0.692588 0.010074 0.721263 123.717960
0.728022 -0.006020 -0.685527 -118.676472 -0.004672 0.999895 -0.013742 -9.286873 0.685538 0.013207 0.727918 124.385901
0.737586 -0.003305 -0.675245 -119.292983 -0.005699 0.999922 -0.011119 -9.311746 0.675229 0.012049 0.737510 125.020135
0.746457 0.000227 -0.665434 -119.903427 -0.007232 0.999944 -0.007772 -9.338797 0.665395 0.010614 0.746416 125.676904
0.755644 0.003930 -0.654971 -120.470653 -0.009968 0.999935 -0.005500 -9.363865 0.654907 0.010685 0.755634 126.313812
0.764865 0.005364 -0.644168 -121.027828 -0.011433 0.999921 -0.005249 -9.387941 0.644089 0.011379 0.764866 126.952316
0.775323 0.004744 -0.631547 -121.557054 -0.011995 0.999902 -0.007215 -9.417944 0.631451 0.013170 0.775304 127.606535
0.785058 0.004655 -0.619405 -122.083574 -0.012337 0.999891 -0.008121 -9.434464 0.619299 0.014017 0.785030 128.270228
0.794793 0.006506 -0.606846 -122.596073 -0.013965 0.999874 -0.007570 -9.449778 0.606720 0.014491 0.794784 128.942949
0.804762 0.009180 -0.593527 -123.102860 -0.015111 0.999873 -0.005023 -9.472556 0.593406 0.013011 0.804798 129.625440
0.814914 0.009671 -0.579502 -123.591193 -0.014052 0.999897 -0.003073 -9.496168 0.579412 0.010648 0.814965 130.323510
0.824495 0.011687 -0.565748 -124.057323 -0.014531 0.999894 -0.000522 -9.512986 0.565683 0.008651 0.824578 131.017483
0.832370 0.013724 -0.554050 -124.522614 -0.015276 0.999882 0.001818 -9.529679 0.554010 0.006951 0.832481 131.721397
0.840983 0.013647 -0.540890 -124.973226 -0.013964 0.999896 0.003517 -9.543609 0.540882 0.004595 0.841086 132.417132
0.847178 0.013100 -0.531148 -125.413534 -0.012538 0.999911 0.004663 -9.549789 0.531161 0.002709 0.847266 133.135770
0.854008 0.014188 -0.520066 -125.845776 -0.013839 0.999894 0.004554 -9.562954 0.520075 0.003308 0.854114 133.862639
0.860548 0.014895 -0.509151 -126.279092 -0.014567 0.999883 0.004630 -9.578322 0.509161 0.003433 0.860665 134.585497
0.867430 0.016764 -0.497277 -126.707293 -0.016422 0.999852 0.005060 -9.585992 0.497288 0.003777 0.867577 135.331498
0.873410 0.016959 -0.486691 -127.137696 -0.016443 0.999851 0.005333 -9.593930 0.486709 0.003344 0.873558 136.074912
0.879002 0.015879 -0.476554 -127.540300 -0.015593 0.999868 0.004556 -9.607773 0.476563 0.003426 0.879134 136.832135
0.883444 0.015089 -0.468294 -127.941787 -0.015036 0.999880 0.003852 -9.613994 0.468296 0.003638 0.883564 137.586812
0.887582 0.014822 -0.460411 -128.328402 -0.014981 0.999882 0.003310 -9.625837 0.460406 0.003959 0.887700 138.354190
0.890214 0.016083 -0.455259 -128.723233 -0.015559 0.999867 0.004898 -9.635218 0.455277 0.002723 0.890346 139.133292
0.893522 0.019027 -0.448616 -129.127199 -0.016753 0.999819 0.009036 -9.643059 0.448707 -0.000558 0.893679 139.923010
0.896725 0.023699 -0.441954 -129.525176 -0.020172 0.999716 0.012679 -9.646188 0.442129 -0.002454 0.896948 140.723037
0.900121 0.025761 -0.434877 -129.917565 -0.021374 0.999659 0.014976 -9.650605 0.435115 -0.004185 0.900365 141.539045
0.903006 0.028329 -0.428692 -130.313665 -0.023250 0.999584 0.017080 -9.649075 0.428998 -0.005456 0.903289 142.365826
0.906277 0.029182 -0.421676 -130.713147 -0.023279 0.999546 0.019142 -9.644229 0.422043 -0.007532 0.906544 143.210889
0.909615 0.030554 -0.414326 -131.117957 -0.023755 0.999485 0.021556 -9.639951 0.414772 -0.009765 0.909873 144.071404
0.913099 0.030481 -0.406597 -131.516532 -0.022983 0.999464 0.023312 -9.631268 0.407090 -0.011942 0.913310 144.954339
0.916864 0.030379 -0.398042 -131.918877 -0.022726 0.999455 0.023930 -9.623752 0.398552 -0.012895 0.917055 145.852365
0.920698 0.027966 -0.389272 -132.318100 -0.020594 0.999521 0.023098 -9.613882 0.389731 -0.013250 0.920833 146.756190
0.924107 0.026636 -0.381204 -132.683494 -0.019575 0.999558 0.022389 -9.602802 0.381632 -0.013228 0.924220 147.664162
0.928330 0.024606 -0.370943 -133.049666 -0.018156 0.999617 0.020872 -9.598651 0.371315 -0.012641 0.928421 148.587213
0.933089 0.024644 -0.358801 -133.411243 -0.019182 0.999640 0.018775 -9.594549 0.359134 -0.010636 0.933225 149.544207
0.938505 0.027283 -0.344186 -133.770615 -0.022155 0.999577 0.018823 -9.582456 0.344555 -0.010040 0.938713 150.514160
0.944530 0.031884 -0.326873 -134.121762 -0.026785 0.999439 0.020091 -9.577526 0.327330 -0.010221 0.944855 151.489248
0.951026 0.035088 -0.307114 -134.462608 -0.029488 0.999304 0.022855 -9.571380 0.307702 -0.012679 0.951398 152.477617
0.957127 0.037447 -0.287237 -134.788414 -0.032098 0.999213 0.023311 -9.561360 0.287884 -0.013091 0.957576 153.488065
0.963352 0.039426 -0.265325 -135.083274 -0.034241 0.999122 0.024140 -9.551582 0.266044 -0.014170 0.963857 154.513408
0.968897 0.039340 -0.244317 -135.358336 -0.034093 0.999089 0.025671 -9.544213 0.245104 -0.016543 0.969356 155.560944
0.974083 0.041541 -0.222343 -135.606494 -0.036177 0.998949 0.028146 -9.529661 0.223279 -0.019372 0.974562 156.625317
0.978743 0.042788 -0.200579 -135.848908 -0.037285 0.998819 0.031138 -9.520389 0.201675 -0.022998 0.979183 157.702387
0.982983 0.046340 -0.177757 -136.080695 -0.040723 0.998553 0.035121 -9.497890 0.179128 -0.027285 0.983447 158.804973
0.986681 0.046883 -0.155764 -136.281365 -0.041591 0.998447 0.037065 -9.474052 0.157260 -0.030093 0.987099 159.933357
0.989985 0.048117 -0.132716 -136.450520 -0.043844 0.998427 0.034935 -9.453473 0.134189 -0.028766 0.990538 161.060913
0.992611 0.046664 -0.112007 -136.585900 -0.043260 0.998531 0.032631 -9.425627 0.113365 -0.027544 0.993172 162.222899
0.994808 0.046478 -0.090532 -136.687946 -0.043675 0.998510 0.032708 -9.403008 0.091917 -0.028584 0.995356 163.388173
0.996453 0.046229 -0.070314 -136.768548 -0.043906 0.998449 0.034224 -9.382427 0.071787 -0.031015 0.996938 164.578421
0.997722 0.045765 -0.049561 -136.831355 -0.044055 0.998414 0.035066 -9.362510 0.051087 -0.032802 0.998155 165.786161
0.998504 0.046590 -0.028629 -136.872693 -0.045570 0.998338 0.035284 -9.345775 0.030225 -0.033926 0.998967 166.988639
0.998789 0.048514 -0.008125 -136.889154 -0.048197 0.998209 0.035448 -9.320027 0.009830 -0.035013 0.999338 168.203334
0.998722 0.049106 0.011932 -136.903695 -0.049501 0.998143 0.035501 -9.288786 -0.010167 -0.036046 0.999298 169.425406
0.998191 0.050642 0.032393 -136.892401 -0.051756 0.998063 0.034528 -9.265088 -0.030581 -0.036143 0.998879 170.672687
0.997308 0.050841 0.052835 -136.834272 -0.052601 0.998087 0.032486 -9.239580 -0.051082 -0.035177 0.998075 171.925913
0.996103 0.051369 0.071692 -136.752500 -0.053620 0.998116 0.029833 -9.216901 -0.070024 -0.033561 0.996981 173.202583
0.994454 0.053321 0.090651 -136.656692 -0.055948 0.998077 0.026685 -9.201277 -0.089053 -0.031609 0.995525 174.477000
0.992586 0.052500 0.109625 -136.538774 -0.055496 0.998159 0.024457 -9.187635 -0.108139 -0.030359 0.993672 175.749889
0.990283 0.053662 0.128295 -136.383174 -0.056691 0.998190 0.020072 -9.176085 -0.126985 -0.027151 0.991533 177.044665
0.987788 0.053936 0.146170 -136.209912 -0.056527 0.998308 0.013626 -9.175709 -0.145188 -0.021722 0.989166 178.340315
0.984831 0.056956 0.163901 -136.009607 -0.058822 0.998247 0.006552 -9.182656 -0.163241 -0.016094 0.986455 179.651759
0.981846 0.057032 0.180905 -135.784582 -0.058400 0.998291 0.002239 -9.193863 -0.180469 -0.012763 0.983498 180.974041
0.978219 0.060447 0.198581 -135.533050 -0.061206 0.998122 -0.002322 -9.214307 -0.198349 -0.009882 0.980082 182.309982
0.974358 0.061466 0.216445 -135.258568 -0.061988 0.998067 -0.004386 -9.237460 -0.216297 -0.009143 0.976285 183.638802
0.970530 0.060648 0.233223 -134.952518 -0.061281 0.998110 -0.004537 -9.270513 -0.233058 -0.009889 0.972413 184.984034
0.966144 0.058539 0.251276 -134.620792 -0.058705 0.998252 -0.006844 -9.298357 -0.251238 -0.008139 0.967891 186.325835
0.961828 0.059411 0.267128 -134.264680 -0.057974 0.998230 -0.013271 -9.338928 -0.267443 -0.002722 0.963570 187.673500
0.956890 0.060959 0.283981 -133.880229 -0.058800 0.998139 -0.016127 -9.371414 -0.284436 -0.001266 0.958694 189.024930
0.951596 0.062739 0.300879 -133.487267 -0.060740 0.998025 -0.016005 -9.412083 -0.301289 -0.003045 0.953528 190.356642
0.945741 0.065883 0.318171 -133.062696 -0.063432 0.997823 -0.018070 -9.467455 -0.318669 -0.003092 0.947861 191.699058
0.939493 0.067740 0.335803 -132.611888 -0.063892 0.997703 -0.022509 -9.511578 -0.336556 -0.000308 0.941663 193.039798
0.933929 0.067827 0.350965 -132.137885 -0.062902 0.997696 -0.025429 -9.565330 -0.351881 0.001673 0.936043 194.389925
0.926781 0.069316 0.369151 -131.607155 -0.062808 0.997586 -0.029634 -9.624931 -0.370314 0.004279 0.928897 195.737132
0.919528 0.070366 0.386674 -131.065909 -0.061233 0.997478 -0.035902 -9.699166 -0.388226 0.009336 0.921517 197.073309
0.910942 0.073431 0.405947 -130.498410 -0.061823 0.997218 -0.041654 -9.776034 -0.407877 0.012848 0.912947 198.412732
0.900518 0.077321 0.427889 -129.907049 -0.064359 0.996925 -0.044701 -9.856503 -0.430030 0.012716 0.902725 199.743759
0.887946 0.080197 0.452903 -129.280120 -0.066132 0.996711 -0.046835 -9.940351 -0.455169 0.011636 0.890329 201.084451
0.874889 0.085075 0.476793 -128.619941 -0.069131 0.996307 -0.050921 -10.043154 -0.479364 0.011589 0.877540 202.405292
0.861073 0.088458 0.500728 -127.916051 -0.070587 0.996012 -0.054570 -10.134084 -0.503558 0.011644 0.863883 203.701525
0.846460 0.091848 0.524471 -127.185321 -0.072105 0.995709 -0.058002 -10.237157 -0.527548 0.011279 0.849450 204.975922
0.831968 0.092488 0.547061 -126.421476 -0.070847 0.995646 -0.060584 -10.350251 -0.550282 0.011646 0.834898 206.229371
0.816041 0.094189 0.570267 -125.607968 -0.070008 0.995476 -0.064240 -10.465107 -0.573738 0.012499 0.818944 207.463285
0.800076 0.096304 0.592118 -124.755612 -0.067710 0.995220 -0.070377 -10.585228 -0.596066 0.016215 0.802772 208.670475
0.784329 0.097657 0.612610 -123.859281 -0.065246 0.995040 -0.075085 -10.719195 -0.616904 0.018921 0.786811 209.876743
0.768607 0.099575 0.631924 -122.933608 -0.063861 0.994820 -0.079084 -10.856431 -0.636526 0.020429 0.770985 211.062637
0.752844 0.100516 0.650478 -121.970447 -0.061817 0.994700 -0.082162 -11.003538 -0.655290 0.021645 0.755068 212.228771
0.736291 0.100200 0.669205 -120.979745 -0.059313 0.994726 -0.083682 -11.150549 -0.674061 0.021922 0.738351 213.374403
0.722204 0.100914 0.684279 -119.968152 -0.057183 0.994624 -0.086331 -11.305155 -0.689312 0.023220 0.724092 214.497661
0.707981 0.101182 0.698946 -118.909702 -0.054027 0.994543 -0.089248 -11.462962 -0.704162 0.025424 0.709584 215.596427
0.692152 0.103072 0.714354 -117.825538 -0.051081 0.994264 -0.093966 -11.631209 -0.719942 0.028549 0.693446 216.665905
0.677355 0.105565 0.728043 -116.726542 -0.049388 0.993943 -0.098170 -11.798903 -0.733997 0.030539 0.678466 217.727897
0.661913 0.106980 0.741908 -115.601434 -0.047855 0.993775 -0.100604 -11.972643 -0.748052 0.031087 0.662912 218.760492
0.647569 0.107745 0.754351 -114.474044 -0.047407 0.993732 -0.101240 -12.153553 -0.760531 0.029798 0.648618 219.774315
0.631413 0.108271 0.767851 -113.307350 -0.047659 0.993751 -0.100934 -12.335910 -0.773981 0.027136 0.632627 220.771135
0.612743 0.110000 0.782589 -112.135299 -0.050655 0.993696 -0.100011 -12.522584 -0.788657 0.021639 0.614452 221.740578
0.595198 0.109712 0.796054 -110.935329 -0.051479 0.993807 -0.098477 -12.708340 -0.801928 0.017633 0.597160 222.674000
0.576006 0.113399 0.809541 -109.732479 -0.055087 0.993465 -0.099967 -12.886679 -0.815587 0.012987 0.578489 223.570946
0.557992 0.115559 0.821761 -108.510166 -0.053933 0.993213 -0.103047 -13.081981 -0.828092 0.013180 0.560438 224.442779
0.538856 0.118137 0.834073 -107.287710 -0.055533 0.992946 -0.104762 -13.274597 -0.840565 0.010133 0.541616 225.288303
0.519379 0.116631 0.846547 -106.075644 -0.055324 0.993153 -0.102886 -13.445939 -0.852751 0.006603 0.522275 226.105048
0.498589 0.115165 0.859154 -104.850213 -0.055223 0.993342 -0.101105 -13.632197 -0.865078 0.002965 0.501629 226.867268
0.477301 0.113960 0.871319 -103.601064 -0.055437 0.993485 -0.099570 -13.823220 -0.876990 -0.000778 0.480509 227.591252
0.453351 0.113202 0.884114 -102.360255 -0.055778 0.993561 -0.098614 -13.998178 -0.889585 -0.004608 0.456746 228.279394
0.434937 0.111368 0.893547 -101.095563 -0.052846 0.993769 -0.098136 -14.179246 -0.898909 -0.004537 0.438112 228.915763
0.412298 0.111188 0.904239 -99.844408 -0.052329 0.993776 -0.098338 -14.343980 -0.909545 -0.006773 0.415550 229.514868
0.392354 0.109770 0.913241 -98.589712 -0.048199 0.993943 -0.098762 -14.511102 -0.918551 -0.005267 0.395268 230.082193
0.371669 0.110661 0.921746 -97.333092 -0.045688 0.993848 -0.100895 -14.680068 -0.927241 -0.004613 0.374438 230.619640
0.351601 0.108747 0.929812 -96.073083 -0.041466 0.994064 -0.100582 -14.847287 -0.935231 -0.003191 0.354023 231.097987
0.329307 0.107371 0.938098 -94.806337 -0.040370 0.994206 -0.099622 -15.011840 -0.943360 -0.005065 0.331734 231.554538
0.308136 0.108100 0.945181 -93.560601 -0.038118 0.994128 -0.101272 -15.180637 -0.950579 -0.004823 0.310447 231.991053
0.290243 0.115690 0.949934 -92.315404 -0.039920 0.993265 -0.108770 -15.349176 -0.956120 -0.006351 0.292906 232.403240
0.270457 0.124479 0.954650 -91.083566 -0.039878 0.992203 -0.118078 -15.522134 -0.961906 -0.006134 0.273313 232.773166
0.250735 0.131179 0.959126 -89.856169 -0.042305 0.991315 -0.124522 -15.707332 -0.967131 -0.009354 0.254107 233.123412
0.229064 0.133496 0.964214 -88.636210 -0.045340 0.990939 -0.126425 -15.897329 -0.972355 -0.014758 0.233042 233.428420
0.212211 0.133215 0.968101 -87.409878 -0.046700 0.990915 -0.126118 -16.080732 -0.976108 -0.018446 0.216504 233.730068
0.191285 0.133751 0.972379 -86.192196 -0.049558 0.990725 -0.126525 -16.271538 -0.980283 -0.023987 0.196140 234.009823
0.170891 0.132211 0.976379 -85.000512 -0.049619 0.990854 -0.125487 -16.454210 -0.984040 -0.027002 0.175888 234.273520
0.153621 0.131183 0.979383 -83.796311 -0.048616 0.990951 -0.125107 -16.632517 -0.986933 -0.028394 0.158608 234.488447
0.133386 0.129766 0.982532 -82.605643 -0.046014 0.991133 -0.124655 -16.803862 -0.989996 -0.028583 0.138175 234.678762
0.116633 0.131754 0.984397 -81.418983 -0.046506 0.990799 -0.127101 -16.982338 -0.992086 -0.030956 0.121687 234.840691
0.096946 0.134968 0.986096 -80.213270 -0.048963 0.990210 -0.130718 -17.165382 -0.994085 -0.035610 0.102606 234.972405
0.078826 0.135125 0.987688 -79.001270 -0.048781 0.990107 -0.131563 -17.355876 -0.995694 -0.037810 0.084637 235.091968
0.061726 0.131118 0.989443 -77.827909 -0.047641 0.990591 -0.128298 -17.529255 -0.996956 -0.039219 0.067392 235.176893
0.046509 0.126055 0.990932 -76.684265 -0.043213 0.991331 -0.124077 -17.700721 -0.997983 -0.037050 0.051553 235.267447
0.034511 0.121991 0.991931 -75.521617 -0.043488 0.991765 -0.120458 -17.869192 -0.998458 -0.038980 0.039532 235.334317
0.021978 0.119371 0.992606 -74.381330 -0.038780 0.992201 -0.118464 -18.035888 -0.999006 -0.035890 0.026436 235.364661
0.010071 0.120486 0.992664 -73.241775 -0.039403 0.991991 -0.120005 -18.200199 -0.999173 -0.037905 0.014738 235.411620
0.005015 0.122594 0.992444 -72.125243 -0.037243 0.991791 -0.122325 -18.362216 -0.999294 -0.036349 0.009539 235.445699
-0.004129 0.124323 0.992233 -71.027097 -0.039828 0.991434 -0.124389 -18.518436 -0.999198 -0.040032 0.000858 235.453445
-0.009255 0.130907 0.991351 -69.944835 -0.040853 0.990517 -0.131179 -18.680408 -0.999122 -0.041714 -0.003820 235.464411
-0.013571 0.138047 0.990333 -68.883171 -0.040517 0.989535 -0.138491 -18.853473 -0.999087 -0.042005 -0.007836 235.465253
-0.015953 0.136875 0.990460 -67.844274 -0.042936 0.989578 -0.137445 -19.015983 -0.998951 -0.044719 -0.009910 235.427397
-0.020040 0.125036 0.991950 -66.797332 -0.040498 0.991233 -0.125764 -19.172409 -0.998979 -0.042692 -0.014801 235.392366
-0.021621 0.117860 0.992795 -65.737789 -0.039391 0.992155 -0.118642 -19.335365 -0.998990 -0.041673 -0.016809 235.377772
-0.021316 0.117241 0.992875 -64.675711 -0.038220 0.992279 -0.117991 -19.491766 -0.999042 -0.040462 -0.016670 235.370144
-0.022769 0.119763 0.992541 -63.624833 -0.038796 0.991945 -0.120581 -19.631201 -0.998988 -0.041252 -0.017939 235.372409
-0.020992 0.122456 0.992252 -62.608526 -0.037874 0.991661 -0.123184 -19.772422 -0.999062 -0.040166 -0.016179 235.371721
-0.019409 0.124371 0.992046 -61.601934 -0.041074 0.991296 -0.125081 -19.916929 -0.998968 -0.043175 -0.014131 235.364799
-0.016053 0.125588 0.991952 -60.593161 -0.043837 0.991038 -0.126181 -20.068024 -0.998910 -0.045510 -0.010404 235.365038
-0.013493 0.126286 0.991902 -59.598298 -0.045154 0.990904 -0.126773 -20.209067 -0.998889 -0.046499 -0.007668 235.351970
-0.008579 0.127998 0.991737 -58.596361 -0.048971 0.990530 -0.128266 -20.360684 -0.998764 -0.049666 -0.002230 235.359443
-0.003861 0.127952 0.991773 -57.607799 -0.049887 0.990521 -0.127984 -20.503140 -0.998748 -0.049971 0.002559 235.370124
0.003532 0.127773 0.991797 -56.599739 -0.052977 0.990434 -0.127409 -20.646450 -0.998590 -0.052093 0.010268 235.395337
0.009888 0.125071 0.992098 -55.604785 -0.049046 0.991013 -0.124446 -20.796653 -0.998748 -0.047428 0.015933 235.412142
0.018090 0.125605 0.991915 -54.629908 -0.047198 0.991079 -0.124638 -20.936757 -0.998722 -0.044561 0.023857 235.428473
0.025309 0.125836 0.991728 -53.677001 -0.048358 0.991039 -0.124514 -21.069314 -0.998510 -0.044806 0.031168 235.455822
0.031898 0.125363 0.991598 -52.702900 -0.050300 0.991047 -0.123676 -21.206658 -0.998225 -0.045933 0.037919 235.502069
0.038449 0.124028 0.991533 -51.697710 -0.052132 0.991165 -0.121961 -21.345192 -0.997900 -0.047001 0.044575 235.562344
0.047136 0.121692 0.991448 -50.718920 -0.051813 0.991513 -0.119236 -21.484118 -0.997544 -0.045750 0.053041 235.619856
0.052423 0.120728 0.991300 -49.743235 -0.051979 0.991650 -0.118022 -21.625291 -0.997271 -0.045340 0.058261 235.682726
0.060905 0.122016 0.990658 -48.760327 -0.051490 0.991563 -0.118962 -21.758651 -0.996815 -0.043764 0.066673 235.757719
0.065775 0.123661 0.990142 -47.801190 -0.050686 0.991424 -0.120454 -21.890620 -0.996546 -0.042263 0.071479 235.833312
0.072337 0.124844 0.989536 -46.865894 -0.050684 0.991313 -0.121364 -22.019446 -0.996092 -0.041374 0.078037 235.918221
0.078804 0.126504 0.988831 -45.921603 -0.054707 0.990970 -0.122417 -22.149443 -0.995388 -0.044449 0.085013 236.005829
0.086107 0.127350 0.988113 -44.976788 -0.056489 0.990825 -0.122777 -22.279593 -0.994683 -0.045245 0.092511 236.111421
0.093373 0.125564 0.987681 -44.031829 -0.056296 0.991094 -0.120676 -22.410569 -0.994039 -0.044335 0.099610 236.216822
0.099215 0.123214 0.987408 -43.066931 -0.058578 0.991306 -0.117815 -22.541880 -0.993341 -0.046151 0.105570 236.319400
0.105341 0.122265 0.986891 -42.107955 -0.060353 0.991370 -0.116378 -22.675329 -0.992603 -0.047302 0.111811 236.439627
