1.000000 0.000000 0.000000 0.000000 -0.000000 1.000000 0.000000 0.000000 -0.000000 0.000000 1.000000 0.000000
0.999905 -0.003283 0.013365 0.029592 0.003264 0.999994 0.001457 -0.010178 -0.013370 -0.001413 0.999910 0.334959
0.999813 -0.005705 0.018484 0.047072 0.005686 0.999983 0.001060 -0.014940 -0.018489 -0.000955 0.999829 0.636276
0.999792 -0.008163 0.018679 0.059284 0.008182 0.999966 -0.000940 -0.022150 -0.018671 0.001093 0.999825 0.969237
0.999843 -0.009109 0.015192 0.069866 0.009143 0.999956 -0.002138 -0.023163 -0.015172 0.002276 0.999882 1.295345
0.999889 -0.013582 0.006064 0.057631 0.013602 0.999902 -0.003276 -0.031730 -0.006019 0.003358 0.999976 1.629963
0.999880 -0.013061 -0.008302 0.055968 0.013021 0.999903 -0.004953 -0.031992 0.008366 0.004845 0.999953 1.960426
0.999620 -0.010322 -0.025560 0.035830 0.010209 0.999938 -0.004539 -0.042670 0.025606 0.004276 0.999663 2.283266
0.998940 -0.005540 -0.045691 -0.010324 0.005316 0.999973 -0.005007 -0.049047 0.045718 0.004758 0.998943 2.631796
0.997859 -0.002373 -0.065360 -0.070074 0.001968 0.999978 -0.006264 -0.059875 0.065374 0.006122 0.997842 2.973213
0.996374 -0.004110 -0.084982 -0.125723 0.003629 0.999977 -0.005810 -0.063350 0.085004 0.005480 0.996366 3.332299
0.994234 -0.004957 -0.107115 -0.177106 0.004429 0.999977 -0.005166 -0.066622 0.107138 0.004662 0.994233 3.713915
0.992042 -0.005991 -0.125768 -0.216814 0.005519 0.999976 -0.004100 -0.071969 0.125790 0.003374 0.992051 4.107877
0.989828 -0.003880 -0.142216 -0.286171 0.003445 0.999989 -0.003300 -0.079426 0.142227 0.002777 0.989830 4.513115
0.987580 -0.002826 -0.157094 -0.373651 0.002441 0.999994 -0.002640 -0.091381 0.157101 0.002224 0.987580 4.937101
0.985503 -0.003119 -0.169630 -0.459689 0.002615 0.999991 -0.003198 -0.100480 0.169639 0.002709 0.985503 5.359846
0.983416 -0.005494 -0.181282 -0.549640 0.004769 0.999979 -0.004438 -0.108088 0.181303 0.003500 0.983421 5.786133
0.981877 -0.008646 -0.189320 -0.647040 0.007535 0.999950 -0.006587 -0.113988 0.189368 0.005041 0.981893 6.229953
0.980205 -0.006236 -0.197887 -0.753221 0.004693 0.999955 -0.008266 -0.123816 0.197929 0.007173 0.980190 6.688654
0.978678 -0.006300 -0.205304 -0.853824 0.004306 0.999939 -0.010161 -0.130505 0.205356 0.009060 0.978645 7.157345
0.976985 -0.007888 -0.213163 -0.950753 0.005350 0.999908 -0.012481 -0.139029 0.213242 0.011053 0.976937 7.661657
0.975317 -0.013792 -0.220378 -1.081372 0.010966 0.999841 -0.014040 -0.151583 0.220537 0.011277 0.975314 8.168200
0.973160 -0.019797 -0.229277 -1.198406 0.016748 0.999744 -0.015236 -0.165250 0.229520 0.010987 0.973242 8.679730
0.971302 -0.016177 -0.237299 -1.324801 0.012202 0.999760 -0.018208 -0.186216 0.237536 0.014790 0.971266 9.212405
0.969243 -0.012522 -0.245786 -1.473115 0.007283 0.999727 -0.022215 -0.197371 0.245997 0.019742 0.969070 9.739243
0.966977 -0.010182 -0.254661 -1.635568 0.004024 0.999687 -0.024690 -0.217735 0.254833 0.022850 0.966715 10.285705
0.964608 -0.015025 -0.263259 -1.810723 0.008441 0.999623 -0.026124 -0.235154 0.263552 0.022977 0.964372 10.839614
0.962113 -0.016284 -0.272163 -1.962469 0.008912 0.999560 -0.028303 -0.260277 0.272505 0.024805 0.961835 11.403460
0.960137 -0.014399 -0.279158 -2.128685 0.005875 0.999491 -0.031349 -0.282738 0.279467 0.028460 0.959733 11.980603
0.957849 -0.014001 -0.286931 -2.301813 0.004197 0.999387 -0.034758 -0.310805 0.287242 0.032088 0.957321 12.584640
0.955613 -0.016033 -0.294189 -2.505516 0.004155 0.999152 -0.040956 -0.343412 0.294596 0.037915 0.954869 13.185540
0.953883 -0.016922 -0.299700 -2.720322 0.002257 0.998786 -0.049212 -0.383070 0.300169 0.046267 0.952763 13.801044
0.952936 -0.017329 -0.302675 -2.931534 0.000093 0.998382 -0.056869 -0.419082 0.303170 0.054164 0.951396 14.418067
0.951692 -0.016348 -0.306618 -3.147743 -0.004119 0.997812 -0.065984 -0.460979 0.307026 0.064059 0.949543 15.047912
0.950390 -0.016390 -0.310629 -3.359448 -0.006974 0.997237 -0.073956 -0.511704 0.310983 0.072454 0.947650 15.684354
0.948872 -0.014583 -0.315323 -3.584730 -0.011325 0.996716 -0.080177 -0.567947 0.315457 0.079649 0.945591 16.330497
0.947272 -0.013388 -0.320149 -3.821892 -0.015072 0.996159 -0.086251 -0.634288 0.320075 0.086529 0.943433 16.990253
0.945557 -0.011688 -0.325246 -4.054458 -0.019461 0.995536 -0.092354 -0.703532 0.324873 0.093656 0.941109 17.668315
0.944100 -0.009101 -0.329534 -4.303123 -0.023966 0.995079 -0.096144 -0.774468 0.328787 0.098667 0.939236 18.345301
0.942187 -0.006478 -0.335024 -4.569072 -0.028360 0.994684 -0.098990 -0.851165 0.333884 0.102768 0.936995 19.026732
0.940050 -0.006885 -0.340967 -4.846238 -0.028481 0.994719 -0.098607 -0.926237 0.339846 0.102407 0.934889 19.736640
0.938345 -0.005788 -0.345651 -5.119417 -0.029614 0.994839 -0.097052 -1.008301 0.344429 0.101304 0.933331 20.458607
0.935669 -0.005653 -0.352834 -5.411873 -0.030258 0.994904 -0.096180 -1.102218 0.351580 0.100668 0.930730 21.184345
0.932606 -0.005506 -0.360853 -5.701627 -0.030418 0.995126 -0.093798 -1.177345 0.359611 0.098453 0.927894 21.922898
0.929763 -0.005420 -0.368117 -6.001941 -0.029220 0.995651 -0.088462 -1.263240 0.366996 0.093006 0.925561 22.659339
0.926673 -0.003393 -0.375852 -6.301357 -0.029649 0.996183 -0.082094 -1.331879 0.374697 0.087218 0.923036 23.404530
0.922758 0.001949 -0.385375 -6.616269 -0.034315 0.996431 -0.077125 -1.409556 0.383850 0.084392 0.919531 24.166639
0.919085 0.004457 -0.394035 -6.954553 -0.036942 0.996507 -0.074896 -1.490822 0.392325 0.083393 0.916039 24.915799
0.915052 0.003764 -0.403318 -7.302009 -0.036557 0.996615 -0.073641 -1.565255 0.401675 0.082130 0.912092 25.678564
0.911169 0.004860 -0.412004 -7.660985 -0.038261 0.996608 -0.072859 -1.636777 0.410253 0.082150 0.908264 26.440006
0.908034 0.005580 -0.418860 -8.016574 -0.038927 0.996709 -0.071110 -1.692305 0.417085 0.080876 0.905262 27.214619
0.903386 0.005527 -0.428793 -8.395109 -0.039060 0.996821 -0.069444 -1.767296 0.427047 0.079483 0.900730 27.981458
0.899977 0.004540 -0.435913 -8.780048 -0.037029 0.997128 -0.066063 -1.834801 0.434361 0.075597 0.897561 28.759823
0.895456 0.006585 -0.445102 -9.171544 -0.037538 0.997446 -0.060762 -1.894890 0.443565 0.071118 0.893416 29.550415
0.892400 0.009028 -0.451156 -9.573838 -0.038375 0.997696 -0.055943 -1.961471 0.449611 0.067237 0.890690 30.354585
0.888161 0.008409 -0.459456 -9.996550 -0.036509 0.997963 -0.052310 -2.024289 0.458080 0.063234 0.886659 31.168301
0.885107 0.005591 -0.465354 -10.429828 -0.033127 0.998148 -0.051016 -2.084002 0.464207 0.060570 0.883653 31.978163
0.882472 0.007895 -0.470298 -10.880185 -0.035255 0.998157 -0.049397 -2.139994 0.469042 0.060172 0.881124 32.796905
0.878253 0.006933 -0.478145 -11.340528 -0.033381 0.998345 -0.046839 -2.188034 0.477029 0.057098 0.877031 33.632401
0.876087 0.007083 -0.482102 -11.812853 -0.033707 0.998345 -0.046585 -2.248010 0.480974 0.057062 0.874876 34.478517
0.873777 0.003811 -0.486312 -12.292608 -0.030446 0.998436 -0.046879 -2.306798 0.485373 0.055768 0.872527 35.315517
0.871656 0.003440 -0.490105 -12.784546 -0.030164 0.998456 -0.046639 -2.360252 0.489188 0.055437 0.870415 36.159953
0.870083 0.004461 -0.492885 -13.285681 -0.031454 0.998424 -0.046488 -2.415393 0.491901 0.055951 0.868852 37.031339
0.870378 0.005302 -0.492356 -13.784072 -0.031550 0.998488 -0.045021 -2.466657 0.491373 0.054719 0.869229 37.904526
0.869877 0.004356 -0.493250 -14.306297 -0.029637 0.998616 -0.043447 -2.521250 0.492378 0.052412 0.868802 38.793613
0.869312 0.002905 -0.494255 -14.827872 -0.028147 0.998651 -0.043636 -2.579419 0.493461 0.051845 0.868221 39.697554
0.868828 -0.000671 -0.495114 -15.337728 -0.024253 0.998741 -0.043914 -2.639215 0.494520 0.050161 0.867718 40.611764
0.867400 -0.000261 -0.497611 -15.867002 -0.024904 0.998724 -0.043935 -2.691425 0.496987 0.050502 0.866287 41.528788
0.865875 -0.002881 -0.500252 -16.398999 -0.020888 0.998903 -0.041907 -2.753244 0.499825 0.046736 0.864865 42.458265
0.864547 0.001061 -0.502550 -16.937715 -0.022555 0.999072 -0.036693 -2.809522 0.502045 0.043058 0.863769 43.383110
0.860044 0.000471 -0.510219 -17.501109 -0.020147 0.999251 -0.033036 -2.871868 0.509822 0.038692 0.859410 44.306770
0.856306 -0.000838 -0.516468 -18.052057 -0.018985 0.999272 -0.033100 -2.928814 0.516120 0.038149 0.855666 45.235424
0.850838 -0.005207 -0.525403 -18.618979 -0.015608 0.999259 -0.035180 -2.979824 0.525197 0.038133 0.850126 46.134981
0.844370 -0.007069 -0.535713 -19.184263 -0.015565 0.999167 -0.037716 -3.032724 0.535534 0.040185 0.843557 47.036323
0.838477 -0.005564 -0.544909 -19.761363 -0.016141 0.999256 -0.035040 -3.090734 0.544699 0.038175 0.837763 47.924369
0.833333 -0.002609 -0.552765 -20.352260 -0.016245 0.999441 -0.029208 -3.134402 0.552533 0.033320 0.832825 48.811720
0.828419 0.001908 -0.560106 -20.964101 -0.019797 0.999469 -0.025875 -3.186466 0.559760 0.032523 0.828017 49.685239
0.824928 -0.000306 -0.565237 -21.570599 -0.019724 0.999375 -0.029327 -3.239868 0.564893 0.035341 0.824407 50.576828
0.821286 -0.002606 -0.570510 -22.194863 -0.021222 0.999158 -0.035114 -3.283945 0.570122 0.040946 0.820539 51.437187
0.818381 -0.003984 -0.574662 -22.825311 -0.023667 0.998894 -0.040629 -3.337714 0.574189 0.046850 0.817381 52.295779
0.815591 -0.003878 -0.578616 -23.456234 -0.022903 0.998978 -0.038978 -3.391714 0.578176 0.045042 0.814668 53.157523
0.811574 -0.001868 -0.584246 -24.098656 -0.022369 0.999162 -0.034266 -3.445123 0.583821 0.040878 0.810853 54.011434
0.808891 0.001086 -0.587957 -24.723591 -0.022835 0.999302 -0.029571 -3.505483 0.587515 0.037346 0.808351 54.868970
0.805635 0.001486 -0.592410 -25.366024 -0.022535 0.999350 -0.028139 -3.560323 0.591983 0.036020 0.805145 55.720518
0.802283 0.000397 -0.596944 -26.008281 -0.021763 0.999354 -0.028585 -3.604552 0.596547 0.035925 0.801774 56.579103
0.798643 -0.000477 -0.601805 -26.660223 -0.022436 0.999281 -0.030567 -3.653998 0.601387 0.037915 0.798058 57.453749
0.795059 -0.002757 -0.606526 -27.307115 -0.020602 0.999290 -0.031549 -3.697092 0.606183 0.037579 0.794437 58.312951
0.790448 -0.002933 -0.612522 -27.984083 -0.021412 0.999245 -0.032416 -3.750017 0.612155 0.038738 0.789788 59.162936
0.785908 -0.001363 -0.618342 -28.644926 -0.022367 0.999280 -0.030630 -3.799118 0.617939 0.037903 0.785312 60.008277
0.781121 -0.002156 -0.624375 -29.324191 -0.021547 0.999305 -0.030406 -3.849921 0.624007 0.037204 0.780532 60.839992
0.775871 -0.004420 -0.630877 -30.008842 -0.020503 0.999271 -0.032216 -3.904084 0.630559 0.037930 0.775214 61.662585
0.769767 -0.004327 -0.638310 -30.714518 -0.020991 0.999265 -0.032088 -3.953173 0.637980 0.038099 0.769110 62.495975
0.764505 -0.005276 -0.644596 -31.410514 -0.020757 0.999246 -0.032798 -4.002829 0.644283 0.038454 0.763820 63.322097
0.758567 -0.006972 -0.651558 -32.118341 -0.020496 0.999193 -0.034554 -4.058771 0.651273 0.039566 0.757811 64.149050
0.753082 -0.009503 -0.657858 -32.847748 -0.018302 0.999206 -0.035385 -4.116985 0.657672 0.038688 0.752310 64.980267
0.746675 -0.009861 -0.665116 -33.597732 -0.017100 0.999275 -0.034012 -4.166643 0.664969 0.036770 0.745965 65.807031
0.739976 -0.009904 -0.672560 -34.355340 -0.016386 0.999329 -0.032744 -4.221311 0.672433 0.035251 0.739318 66.628152
0.733657 -0.010689 -0.679435 -35.106547 -0.015614 0.999347 -0.032581 -4.277847 0.679340 0.034512 0.733011 67.436322
0.727296 -0.011590 -0.686226 -35.867334 -0.015567 0.999322 -0.033377 -4.332588 0.686148 0.034957 0.726622 68.257565
0.720731 -0.013359 -0.693086 -36.649011 -0.014456 0.999307 -0.034294 -4.382904 0.693064 0.034736 0.720039 69.075523
0.714469 -0.010636 -0.699586 -37.433605 -0.018402 0.999253 -0.033986 -4.438477 0.699425 0.037156 0.713740 69.889772
0.711145 -0.010858 -0.702961 -38.229832 -0.017878 0.999278 -0.033520 -4.493371 0.702818 0.036405 0.710437 70.686038
0.705313 -0.012143 -0.708792 -39.053311 -0.016699 0.999291 -0.033738 -4.549488 0.708699 0.035632 0.704610 71.481170
0.700160 -0.011543 -0.713892 -39.882960 -0.018462 0.999242 -0.034263 -4.599529 0.713747 0.037170 0.699417 72.274575
0.695365 -0.014072 -0.718519 -40.719679 -0.018533 0.999125 -0.037502 -4.663349 0.718418 0.039394 0.694496 73.046799
0.689783 -0.015238 -0.723856 -41.559628 -0.018787 0.999065 -0.038933 -4.715174 0.723772 0.040454 0.688852 73.824070
0.687250 -0.015341 -0.726259 -42.399335 -0.018694 0.999072 -0.038793 -4.772857 0.726181 0.040237 0.686326 74.597481
0.679654 -0.014986 -0.733380 -43.252817 -0.017416 0.999180 -0.036557 -4.833594 0.733327 0.037619 0.678835 75.367517
0.674503 -0.015181 -0.738116 -44.112069 -0.017462 0.999181 -0.036508 -4.894108 0.738066 0.037514 0.673685 76.180319
0.670354 -0.015842 -0.741872 -44.984199 -0.017411 0.999161 -0.037068 -4.955642 0.741837 0.037765 0.669516 76.975625
0.665178 -0.016651 -0.746499 -45.868204 -0.016884 0.999160 -0.037332 -5.016358 0.746494 0.037436 0.664338 77.765020
0.661623 -0.016708 -0.749650 -46.759073 -0.016013 0.999209 -0.036403 -5.081578 0.749666 0.036089 0.660832 78.544133
0.657286 -0.018700 -0.753409 -47.671133 -0.013058 0.999259 -0.036194 -5.139466 0.753528 0.033628 0.656555 79.315485
0.653156 -0.021799 -0.756909 -48.581624 -0.010177 0.999243 -0.037561 -5.196832 0.757155 0.032236 0.652440 80.080393
0.649738 -0.025936 -0.759715 -49.488705 -0.007406 0.999154 -0.040444 -5.267157 0.760122 0.031904 0.648997 80.850134
0.643375 -0.030929 -0.764926 -50.409106 -0.000135 0.999179 -0.040514 -5.327506 0.765551 0.026169 0.642842 81.625048
0.636769 -0.032842 -0.770354 -51.320710 0.001649 0.999148 -0.041232 -5.389643 0.771053 0.024985 0.636281 82.387922
0.627593 -0.037551 -0.777636 -52.253155 0.008727 0.999113 -0.041202 -5.464367 0.778493 0.019071 0.627363 83.160952
0.618444 -0.036756 -0.784968 -53.201028 0.009332 0.999179 -0.039434 -5.526735 0.785773 0.017063 0.618279 83.917454
0.609816 -0.034644 -0.791785 -54.164479 0.009051 0.999283 -0.036752 -5.593656 0.792491 0.015245 0.609693 84.672757
0.600383 -0.035779 -0.798911 -55.157121 0.009633 0.999250 -0.037513 -5.661366 0.799655 0.014826 0.600277 85.426425
0.591854 -0.038033 -0.805147 -56.151712 0.011301 0.999180 -0.038891 -5.715758 0.805966 0.013919 0.591798 86.156337
0.581492 -0.039785 -0.812578 -57.154030 0.009492 0.999067 -0.042124 -5.786220 0.813497 0.016782 0.581328 86.848655
0.571004 -0.039583 -0.819993 -58.151214 0.009701 0.999093 -0.041473 -5.848854 0.820890 0.015726 0.570869 87.539257
0.561742 -0.041384 -0.826277 -59.163096 0.015103 0.999095 -0.039771 -5.918855 0.827175 0.009862 0.561859 88.209752
0.550274 -0.040700 -0.833992 -60.194761 0.014355 0.999125 -0.039287 -5.986264 0.834861 0.009647 0.550377 88.879374
0.541333 -0.040291 -0.839843 -61.238023 0.012782 0.999130 -0.039694 -6.054619 0.840712 0.010752 0.541377 89.550685
0.530787 -0.041900 -0.846469 -62.274240 0.013858 0.999073 -0.040764 -6.118748 0.847392 0.009906 0.530875 90.218585
0.520046 -0.041356 -0.853136 -63.340400 0.010254 0.999057 -0.042179 -6.185365 0.854077 0.013187 0.519980 90.875914
0.510280 -0.043035 -0.858931 -64.434899 0.011445 0.998999 -0.043254 -6.259330 0.859932 0.012241 0.510262 91.516350
0.501718 -0.042031 -0.864009 -65.526010 0.008489 0.999010 -0.043668 -6.334852 0.864990 0.014575 0.501578 92.148995
0.494328 -0.038982 -0.868401 -66.628893 0.008416 0.999162 -0.040061 -6.403240 0.869235 0.012495 0.494242 92.767291
0.486029 -0.038025 -0.873115 -67.744831 0.009680 0.999226 -0.038128 -6.472884 0.873889 0.010079 0.486021 93.391347
0.478217 -0.038795 -0.877384 -68.883003 0.009641 0.999196 -0.038926 -6.537742 0.878189 0.010156 0.478206 93.995136
0.470254 -0.042664 -0.881499 -70.012763 0.012785 0.999055 -0.041533 -6.614726 0.882439 0.008261 0.470355 94.594901
0.464670 -0.045797 -0.884298 -71.144845 0.016358 0.998935 -0.043138 -6.682245 0.885333 0.005579 0.464925 95.177626
0.457939 -0.048366 -0.887667 -72.293638 0.016688 0.998811 -0.045813 -6.754385 0.888827 0.006166 0.458202 95.757182
0.453050 -0.050630 -0.890046 -73.426690 0.017937 0.998702 -0.047680 -6.836057 0.891305 0.005636 0.453370 96.325000
0.448028 -0.048649 -0.892695 -74.561734 0.017557 0.998805 -0.045620 -6.914360 0.893847 0.004766 0.448347 96.914728
0.444214 -0.047459 -0.894663 -75.699126 0.022531 0.998872 -0.041800 -6.996374 0.895638 -0.001590 0.444782 97.473128
0.441286 -0.045713 -0.896201 -76.843719 0.023977 0.998946 -0.039148 -7.069126 0.897046 -0.004213 0.441917 98.038806
0.438765 -0.045740 -0.897437 -77.974995 0.027007 0.998924 -0.037709 -7.138684 0.898196 -0.007692 0.439528 98.590426
0.435636 -0.044180 -0.899038 -79.098077 0.025827 0.998997 -0.036577 -7.213351 0.899753 -0.007285 0.436340 99.119472
0.432949 -0.044720 -0.900308 -80.219389 0.031159 0.998914 -0.034634 -7.286123 0.900880 -0.013058 0.433872 99.655252
0.430146 -0.044377 -0.901668 -81.334418 0.033542 0.998887 -0.033161 -7.349712 0.902136 -0.015980 0.431155 100.172470
0.428944 -0.044605 -0.902229 -82.453978 0.034390 0.998862 -0.033033 -7.412315 0.902676 -0.016858 0.429990 100.706970
0.426176 -0.043537 -0.903592 -83.546816 0.034218 0.998902 -0.031990 -7.472328 0.903993 -0.017286 0.427198 101.231436
0.424156 -0.043257 -0.904555 -84.642136 0.040514 0.998765 -0.028765 -7.535556 0.904683 -0.024447 0.425384 101.759624
0.422579 -0.042102 -0.905347 -85.742080 0.040373 0.998803 -0.027603 -7.593406 0.905427 -0.024887 0.423773 102.273270
0.420940 -0.042858 -0.906075 -86.839669 0.041396 0.998750 -0.028009 -7.651531 0.906144 -0.025718 0.422188 102.784822
0.419641 -0.044783 -0.906585 -87.937391 0.044500 0.998596 -0.028730 -7.717946 0.906599 -0.028287 0.421045 103.275979
0.419640 -0.044986 -0.906575 -89.017921 0.041578 0.998675 -0.030310 -7.782012 0.906738 -0.024974 0.420954 103.768291
0.420513 -0.045845 -0.906128 -90.071033 0.043232 0.998601 -0.030460 -7.843861 0.906256 -0.026365 0.421906 104.249678
0.423354 -0.045237 -0.904834 -91.100518 0.040387 0.998702 -0.031033 -7.903513 0.905064 -0.023405 0.424631 104.722291
0.429321 -0.045133 -0.902023 -92.103526 0.036808 0.998795 -0.032456 -7.960501 0.902402 -0.019267 0.430465 105.180817
0.434245 -0.045334 -0.899653 -93.097798 0.035335 0.998821 -0.033276 -8.021075 0.900102 -0.017340 0.435335 105.650919
0.440573 -0.045549 -0.896560 -94.091678 0.035421 0.998816 -0.033338 -8.086955 0.897018 -0.017069 0.441665 106.137106
0.444730 -0.042485 -0.894657 -95.086041 0.033555 0.998963 -0.030758 -8.138231 0.895036 -0.016341 0.445694 106.617463
0.455393 -0.040971 -0.889347 -96.059660 0.030935 0.999065 -0.030185 -8.182843 0.889753 -0.013766 0.456235 107.119070
0.465017 -0.042534 -0.884279 -97.024579 0.035271 0.998942 -0.029501 -8.241470 0.884599 -0.017470 0.466025 107.614162
0.473848 -0.040378 -0.879680 -97.974750 0.029485 0.999116 -0.029978 -8.292209 0.880113 -0.011733 0.474619 108.113812
0.483668 -0.042797 -0.874204 -98.942765 0.031633 0.999006 -0.031405 -8.346289 0.874680 -0.012464 0.484541 108.635437
0.493632 -0.044287 -0.868542 -99.902993 0.029738 0.998978 -0.034037 -8.401597 0.869162 -0.009027 0.494445 109.166389
0.504630 -0.044200 -0.862203 -100.880196 0.028138 0.999000 -0.034744 -8.462010 0.862877 -0.006728 0.505370 109.715879
0.518999 -0.041658 -0.853759 -101.839606 0.025251 0.999123 -0.033400 -8.518744 0.854402 -0.004224 0.519596 110.290899
0.531415 -0.039391 -0.846195 -102.771847 0.025036 0.999212 -0.030791 -8.580485 0.846741 -0.004823 0.531983 110.842410
0.542902 -0.037220 -0.838971 -103.694151 0.023665 0.999299 -0.029019 -8.633599 0.839463 -0.004100 0.543402 111.412570
0.555417 -0.038050 -0.830701 -104.585472 0.024861 0.999266 -0.029149 -8.686586 0.831200 -0.004462 0.555955 111.985127
0.565076 -0.036515 -0.824230 -105.466067 0.020558 0.999333 -0.030178 -8.734519 0.824783 0.000108 0.565450 112.604125
0.576961 -0.038645 -0.815857 -106.314204 0.023001 0.999253 -0.031066 -8.788845 0.816448 -0.000841 0.577419 113.227343
0.587887 -0.039970 -0.807955 -107.148905 0.025663 0.999197 -0.030759 -8.834674 0.808536 -0.002652 0.588441 113.838886
0.598191 -0.040175 -0.800346 -107.975373 0.027450 0.999184 -0.029640 -8.887280 0.800883 -0.004239 0.598806 114.451314
0.608724 -0.036103 -0.792560 -108.800992 0.023778 0.999346 -0.027259 -8.939709 0.793026 -0.002252 0.609184 115.067891
0.618716 -0.034371 -0.784862 -109.611007 0.024477 0.999401 -0.024470 -8.994247 0.785233 -0.004071 0.619187 115.695224
0.628251 -0.033124 -0.777305 -110.402064 0.022757 0.999448 -0.024197 -9.036502 0.777678 -0.002487 0.628659 116.320045
0.637073 -0.032893 -0.770102 -111.186057 0.021093 0.999459 -0.025241 -9.089595 0.770515 -0.000163 0.637422 116.966039
0.647843 -0.031905 -0.761105 -111.944174 0.017872 0.999484 -0.026685 -9.135326 0.761564 0.003685 0.648079 117.622670
0.657201 -0.031548 -0.753054 -112.690353 0.019411 0.999501 -0.024932 -9.176267 0.753465 0.001767 0.657486 118.246167
0.665375 -0.028760 -0.745955 -113.429920 0.017533 0.999584 -0.022900 -9.226435 0.746304 0.002159 0.665602 118.867791
0.673415 -0.028026 -0.738733 -114.142008 0.019218 0.999607 -0.020405 -9.264871 0.739015 -0.000456 0.673689 119.517109
0.681478 -0.026689 -0.731351 -114.854250 0.017776 0.999644 -0.019916 -9.302563 0.731623 0.000572 0.681710 120.182333
0.690411 -0.027077 -0.722911 -115.536442 0.018234 0.999633 -0.020028 -9.345193 0.723188 0.000646 0.690651 120.838892
0.696493 -0.023666 -0.717173 -116.216654 0.014461 0.999716 -0.018945 -9.380990 0.717418 0.002824 0.696637 121.486773
0.704068 -0.022055 -0.709790 -116.871895 0.016329 0.999756 -0.014868 -9.414469 0.709945 -0.001122 0.704256 122.147030
0.711050 -0.019116 -0.702882 -117.525507 0.014391 0.999817 -0.012634 -9.446544 0.702994 -0.001132 0.711195 122.818511
0.719211 -0.019250 -0.694525 -118.155854 0.014917 0.999814 -0.012264 -9.489264 0.694632 -0.001539 0.719364 123.481907
0.726093 -0.017745 -0.687368 -118.796739 0.012533 0.999842 -0.012573 -9.524305 0.687483 0.000514 0.726201 124.152717
0.735264 -0.013346 -0.677649 -119.418960 0.008760 0.999910 -0.010188 -9.547352 0.677724 0.001555 0.735314 124.794145
0.744451 -0.010477 -0.667595 -120.025948 0.008293 0.999945 -0.006445 -9.574215 0.667626 -0.000738 0.744497 125.449237
0.753758 -0.006978 -0.657115 -120.604934 0.005850 0.999975 -0.003908 -9.599290 0.657126 -0.000898 0.753780 126.091828
0.764603 -0.005124 -0.644482 -121.166937 0.003769 0.999987 -0.003479 -9.622557 0.644491 0.000231 0.764612 126.748350
0.773603 -0.005924 -0.633642 -121.720093 0.003180 0.999980 -0.005467 -9.651956 0.633662 0.002215 0.773607 127.403082
0.783685 -0.006518 -0.621124 -122.252333 0.003499 0.999975 -0.006079 -9.668983 0.621149 0.002591 0.783689 128.058829
0.793184 -0.004858 -0.608963 -122.769601 0.002248 0.999985 -0.005049 -9.686810 0.608978 0.002636 0.793183 128.733325
0.803330 -0.002472 -0.595529 -123.256356 0.001235 0.999996 -0.002485 -9.701967 0.595533 0.001261 0.803330 129.415044
0.813934 -0.000264 -0.580957 -123.729791 0.000039 1.000000 -0.000400 -9.728337 0.580958 0.000303 0.813934 130.101139
0.822672 0.000001 -0.568516 -124.206446 0.001487 0.999997 0.002154 -9.742879 0.568514 -0.002618 0.822669 130.784503
0.831531 0.002310 -0.555473 -124.664584 0.000422 0.999988 0.004790 -9.752546 0.555478 -0.004217 0.831521 131.497097
0.839169 0.002240 -0.543866 -125.114540 0.001625 0.999977 0.006626 -9.765692 0.543868 -0.006444 0.839146 132.213590
0.846486 0.001975 -0.532406 -125.569875 0.002536 0.999967 0.007742 -9.771934 0.532404 -0.007904 0.846453 132.932479
0.852564 0.002441 -0.522617 -126.016398 0.001925 0.999968 0.007812 -9.782964 0.522619 -0.007666 0.852532 133.651448
0.859287 0.003675 -0.511481 -126.444776 0.000650 0.999966 0.008276 -9.791115 0.511494 -0.007444 0.859255 134.381083
0.866168 0.005393 -0.499724 -126.874179 -0.001108 0.999960 0.008871 -9.798123 0.499752 -0.007131 0.866139 135.109163
0.871831 0.005470 -0.489776 -127.296172 -0.001178 0.999958 0.009072 -9.806939 0.489805 -0.007332 0.871801 135.833100
0.877398 0.004111 -0.479746 -127.699344 0.000019 0.999963 0.008604 -9.813483 0.479764 -0.007558 0.877365 136.576422
0.881789 0.003498 -0.471631 -128.105381 0.000234 0.999969 0.007854 -9.820262 0.471644 -0.007036 0.881761 137.326769
0.886224 0.003579 -0.463242 -128.509441 0.000044 0.999969 0.007811 -9.825035 0.463256 -0.006943 0.886197 138.099067
0.889523 0.004531 -0.456868 -128.909600 -0.000397 0.999958 0.009143 -9.831313 0.456891 -0.007952 0.889487 138.896654
0.892614 0.007476 -0.450760 -129.311792 -0.001683 0.999911 0.013251 -9.835084 0.450819 -0.011069 0.892547 139.688651
0.895668 0.011919 -0.444564 -129.716981 -0.004862 0.999843 0.017011 -9.836928 0.444698 -0.013075 0.895585 140.496674
0.899204 0.013884 -0.437308 -130.126536 -0.005942 0.999792 0.019522 -9.836894 0.437489 -0.014956 0.899100 141.323322
0.902753 0.016754 -0.429833 -130.524022 -0.008301 0.999734 0.021533 -9.829959 0.430080 -0.015871 0.902652 142.149998
0.905376 0.017828 -0.424237 -130.923870 -0.008320 0.999671 0.024252 -9.821613 0.424530 -0.018428 0.905227 142.986965
0.908805 0.019038 -0.416788 -131.313138 -0.008839 0.999613 0.026387 -9.814536 0.417129 -0.020297 0.908621 143.842119
0.912122 0.019204 -0.409468 -131.702629 -0.008265 0.999560 0.028469 -9.798390 0.409835 -0.022584 0.911880 144.723533
0.916060 0.019089 -0.400586 -132.102880 -0.008126 0.999545 0.029047 -9.787680 0.400958 -0.023354 0.915799 145.612599
0.919775 0.016456 -0.392101 -132.498798 -0.005889 0.999587 0.028136 -9.775552 0.392402 -0.023570 0.919492 146.513614
0.923293 0.015064 -0.383802 -132.875968 -0.004857 0.999609 0.027552 -9.758615 0.384067 -0.023574 0.923004 147.421637
0.927895 0.013105 -0.372611 -133.248681 -0.003643 0.999653 0.026087 -9.748437 0.372823 -0.022849 0.927621 148.353279
0.932538 0.013288 -0.360828 -133.625265 -0.004757 0.999688 0.024521 -9.737673 0.361042 -0.021151 0.932310 149.309566
0.938003 0.016071 -0.346255 -133.982183 -0.008191 0.999673 0.024209 -9.720911 0.346531 -0.019872 0.937828 150.277047
0.944127 0.020509 -0.328943 -134.343603 -0.012516 0.999573 0.026399 -9.708205 0.329344 -0.020807 0.943981 151.256457
0.950395 0.024041 -0.310114 -134.678605 -0.015813 0.999454 0.029020 -9.695699 0.310642 -0.022677 0.950256 152.249217
0.956750 0.026123 -0.289736 -135.011894 -0.018274 0.999390 0.029762 -9.680073 0.290337 -0.023180 0.956644 153.255669
0.962764 0.028360 -0.268850 -135.308606 -0.020938 0.999317 0.030435 -9.664912 0.269530 -0.023672 0.962701 154.284400
0.968563 0.028105 -0.247176 -135.588298 -0.020735 0.999261 0.032368 -9.648144 0.247903 -0.026225 0.968430 155.329344
0.973687 0.030621 -0.225824 -135.839374 -0.023322 0.999118 0.034918 -9.629135 0.226694 -0.028732 0.973542 156.404758
0.978764 0.031905 -0.202495 -136.081211 -0.024564 0.998950 0.038668 -9.604363 0.203516 -0.032872 0.978520 157.474549
0.982796 0.035614 -0.181229 -136.307175 -0.028250 0.998673 0.043051 -9.573051 0.182522 -0.037191 0.982498 158.575958
0.986590 0.036033 -0.159193 -136.513232 -0.029338 0.998591 0.044210 -9.547934 0.160562 -0.038946 0.986257 159.693767
0.990001 0.036969 -0.136133 -136.690192 -0.031347 0.998574 0.043213 -9.516884 0.137537 -0.038513 0.989748 160.837536
0.992818 0.036125 -0.114049 -136.837947 -0.031585 0.998645 0.041363 -9.475059 0.115389 -0.037463 0.992614 161.987334
0.994916 0.035626 -0.094192 -136.955091 -0.031849 0.998639 0.041296 -9.444204 0.095535 -0.038086 0.994697 163.153347
0.996652 0.035542 -0.073633 -137.037680 -0.032435 0.998550 0.042967 -9.412520 0.075053 -0.040435 0.996359 164.351374
0.997935 0.035386 -0.053596 -137.110042 -0.033029 0.998475 0.044243 -9.380798 0.055080 -0.042381 0.997582 165.545912
0.998803 0.036407 -0.032669 -137.137332 -0.034931 0.998390 0.044683 -9.349984 0.034244 -0.043488 0.998467 166.764217
0.999217 0.037853 -0.011529 -137.160841 -0.037296 0.998281 0.045207 -9.311762 0.013220 -0.044742 0.998911 167.997113
0.999206 0.038920 0.008464 -137.171394 -0.039264 0.998207 0.045184 -9.271577 -0.006690 -0.045480 0.998943 169.233547
0.998753 0.040685 0.028925 -137.153572 -0.041942 0.998140 0.044242 -9.238374 -0.027071 -0.045400 0.998602 170.463120
0.997978 0.040775 0.048763 -137.116545 -0.042849 0.998187 0.042269 -9.201378 -0.046951 -0.044273 0.997916 171.691321
0.996893 0.041620 0.066876 -137.056701 -0.044367 0.998209 0.040139 -9.162466 -0.065086 -0.042982 0.996954 172.956772
0.995336 0.043862 0.085922 -136.959568 -0.047161 0.998211 0.036745 -9.137395 -0.084157 -0.040626 0.995624 174.243538
0.993498 0.043033 0.105406 -136.832565 -0.046955 0.998283 0.035012 -9.107599 -0.103719 -0.039734 0.993813 175.539687
0.991316 0.044009 0.123920 -136.694030 -0.048155 0.998369 0.030662 -9.082979 -0.122368 -0.036363 0.991818 176.840562
0.988830 0.044292 0.142313 -136.528536 -0.048211 0.998544 0.024203 -9.066604 -0.141034 -0.030793 0.989526 178.149680
0.985850 0.046850 0.160948 -136.327061 -0.050323 0.998578 0.017572 -9.061441 -0.159896 -0.025423 0.986807 179.477628
0.982862 0.047717 0.178058 -136.094485 -0.050890 0.998616 0.013294 -9.055618 -0.177177 -0.022127 0.983930 180.812592
0.979324 0.050759 0.195826 -135.835793 -0.053549 0.998525 0.008979 -9.063400 -0.195082 -0.019280 0.980597 182.127251
0.975740 0.051605 0.212764 -135.566589 -0.054278 0.998503 0.006738 -9.074397 -0.212098 -0.018123 0.977080 183.455593
0.971826 0.051011 0.230112 -135.266993 -0.054100 0.998510 0.007128 -9.083971 -0.229405 -0.019377 0.973138 184.793478
0.967628 0.049819 0.247416 -134.942378 -0.052627 0.998603 0.004745 -9.098519 -0.246834 -0.017613 0.968898 186.142443
0.963298 0.050045 0.263728 -134.585219 -0.051521 0.998671 -0.001324 -9.116109 -0.263444 -0.012312 0.964596 187.494707
0.958329 0.051268 0.281029 -134.209234 -0.052169 0.998629 -0.004278 -9.140756 -0.280863 -0.010562 0.959690 188.836247
0.953520 0.053506 0.296541 -133.829099 -0.054783 0.998490 -0.004009 -9.163502 -0.296308 -0.012422 0.955012 190.193242
0.947348 0.056389 0.315200 -133.396916 -0.057517 0.998328 -0.005731 -9.199020 -0.314996 -0.012700 0.949008 191.535529
0.941616 0.059123 0.331457 -132.944913 -0.059060 0.998202 -0.010272 -9.225389 -0.331468 -0.009904 0.943414 192.884301
0.935091 0.058396 0.349564 -132.477157 -0.057484 0.998262 -0.012991 -9.260884 -0.349716 -0.007946 0.936822 194.225037
0.928858 0.060158 0.365519 -131.956303 -0.057919 0.998175 -0.017097 -9.303599 -0.365881 -0.005289 0.930647 195.584923
0.921585 0.060454 0.383441 -131.407694 -0.055812 0.998171 -0.023230 -9.358773 -0.384145 0.000008 0.923273 196.927555
0.913096 0.064059 0.402680 -130.850342 -0.057223 0.997940 -0.029000 -9.416132 -0.403709 0.003437 0.914881 198.271104
0.902126 0.067459 0.426166 -130.250010 -0.059529 0.997716 -0.031918 -9.482193 -0.427346 0.003425 0.904082 199.609823
0.890441 0.070355 0.449627 -129.628215 -0.061714 0.997519 -0.033868 -9.551221 -0.450895 0.002409 0.892574 200.934207
0.876880 0.075337 0.474770 -128.971183 -0.065232 0.997156 -0.037749 -9.627922 -0.476264 0.002131 0.879300 202.250305
0.863265 0.078245 0.498649 -128.275646 -0.066580 0.996931 -0.041169 -9.706326 -0.500340 0.002339 0.865826 203.550584
0.849110 0.081850 0.521835 -127.540975 -0.068586 0.996642 -0.044722 -9.792951 -0.523744 0.002183 0.851873 204.842554
0.833740 0.082522 0.545956 -126.778296 -0.067751 0.996587 -0.047171 -9.883232 -0.547985 0.002339 0.836485 206.113296
0.819101 0.084204 0.567436 -125.984166 -0.067155 0.996442 -0.050927 -9.979310 -0.569705 0.003609 0.821841 207.366247
0.801710 0.085924 0.591505 -125.142722 -0.064957 0.996277 -0.056681 -10.077335 -0.594174 0.007020 0.804306 208.600421
0.787185 0.087896 0.610421 -124.244133 -0.063585 0.996084 -0.061431 -10.190457 -0.613431 0.009544 0.789691 209.792012
0.771008 0.089762 0.630467 -123.306386 -0.062272 0.995899 -0.065635 -10.315470 -0.633773 0.011345 0.773436 210.976887
0.755844 0.090268 0.648500 -122.344008 -0.060183 0.995836 -0.068470 -10.438147 -0.651981 0.012724 0.758129 212.151961
0.739942 0.089810 0.666648 -121.343606 -0.057801 0.995871 -0.070006 -10.564899 -0.670182 0.013267 0.742078 213.286559
0.725488 0.091313 0.682150 -120.321277 -0.056715 0.995720 -0.072969 -10.704185 -0.685894 0.014250 0.727562 214.401629
0.710605 0.091160 0.697661 -119.265541 -0.053191 0.995694 -0.075924 -10.847633 -0.701578 0.016843 0.712393 215.488234
0.695823 0.093423 0.712112 -118.191420 -0.051149 0.995432 -0.080613 -10.991634 -0.716390 0.019669 0.697423 216.567323
0.681207 0.095294 0.725862 -117.099967 -0.049223 0.995210 -0.084460 -11.130980 -0.730434 0.021805 0.682635 217.638821
0.666064 0.096791 0.739587 -115.982856 -0.047986 0.995051 -0.087008 -11.283609 -0.744349 0.022463 0.667413 218.675121
0.650898 0.097992 0.752815 -114.845893 -0.048215 0.994968 -0.087825 -11.449306 -0.757633 0.020868 0.652347 219.698089
0.634702 0.098594 0.766441 -113.686102 -0.048840 0.994963 -0.087545 -11.608587 -0.771212 0.018132 0.636320 220.706381
0.617016 0.100273 0.780536 -112.515482 -0.052333 0.994882 -0.086441 -11.770763 -0.785209 0.012488 0.619106 221.683836
0.598298 0.099722 0.795044 -111.314041 -0.052985 0.994977 -0.084927 -11.937617 -0.799520 0.008686 0.600577 222.637287
0.579693 0.102806 0.808323 -110.109509 -0.056084 0.994690 -0.086288 -12.098207 -0.812903 0.004686 0.582381 223.561151
0.563003 0.105638 0.819675 -108.900527 -0.056045 0.994394 -0.089660 -12.271733 -0.824552 0.004540 0.565768 224.456280
0.543381 0.108435 0.832453 -107.686712 -0.058307 0.994103 -0.091432 -12.441329 -0.837459 0.001144 0.546499 225.303813
0.524588 0.106976 0.844608 -106.472380 -0.058139 0.994260 -0.089821 -12.600016 -0.849369 -0.001985 0.527796 226.103842
0.501924 0.105622 0.858438 -105.246072 -0.058376 0.994389 -0.088218 -12.773560 -0.862939 -0.005833 0.505274 226.867480
0.482707 0.103468 0.869648 -104.010024 -0.057913 0.994594 -0.086189 -12.936992 -0.873865 -0.008760 0.486090 227.595226
0.460398 0.103281 0.881684 -102.777785 -0.059618 0.994564 -0.085372 -13.087628 -0.885709 -0.013259 0.464052 228.277125
0.441177 0.100921 0.891727 -101.533565 -0.056392 0.994810 -0.084688 -13.248264 -0.895647 -0.012923 0.444579 228.923360
0.417766 0.101542 0.902863 -100.270607 -0.057028 0.994706 -0.085483 -13.395973 -0.906763 -0.015776 0.421345 229.535619
0.398209 0.100066 0.911820 -99.002566 -0.053190 0.994878 -0.085952 -13.547468 -0.915751 -0.014273 0.401492 230.121900
0.377026 0.101486 0.920626 -97.724424 -0.051214 0.994742 -0.088682 -13.706706 -0.924786 -0.013714 0.380241 230.648131
0.355619 0.099014 0.929371 -96.457298 -0.046702 0.995013 -0.088137 -13.858423 -0.933464 -0.012060 0.358469 231.137056
0.333092 0.097550 0.937835 -95.199153 -0.046032 0.995130 -0.087160 -14.003703 -0.941770 -0.014138 0.335960 231.594694
0.314494 0.098688 0.944116 -93.950045 -0.044462 0.995021 -0.089198 -14.155627 -0.948218 -0.013925 0.317316 232.036531
0.294868 0.106251 0.949612 -92.702326 -0.046309 0.994220 -0.096862 -14.306324 -0.954415 -0.015414 0.298084 232.469869
0.275516 0.114710 0.954428 -91.468741 -0.046045 0.993290 -0.106089 -14.465803 -0.960193 -0.014718 0.278949 232.867550
0.256552 0.120549 0.958983 -90.258506 -0.047831 0.992559 -0.111973 -14.625793 -0.965346 -0.017142 0.260409 233.224785
0.237353 0.124341 0.963433 -89.033419 -0.052871 0.991958 -0.114997 -14.804603 -0.969984 -0.023643 0.242018 233.530140
0.216078 0.123489 0.968535 -87.802902 -0.053714 0.991971 -0.114494 -14.971672 -0.974898 -0.027284 0.220977 233.822461
0.197539 0.124378 0.972372 -86.583183 -0.057342 0.991686 -0.115199 -15.147499 -0.978617 -0.033002 0.203029 234.112906
0.177417 0.122135 0.976527 -85.382115 -0.056910 0.991882 -0.113716 -15.309012 -0.982489 -0.035399 0.182927 234.379372
0.158514 0.121954 0.979796 -84.167677 -0.057331 0.991805 -0.114174 -15.478316 -0.985691 -0.038074 0.164207 234.601529
0.140505 0.120639 0.982703 -82.958229 -0.054465 0.991988 -0.113991 -15.645478 -0.988581 -0.037507 0.145949 234.800426
0.121918 0.122752 0.984920 -81.769218 -0.055499 0.991613 -0.116716 -15.810852 -0.990987 -0.040432 0.127709 234.976502
0.103107 0.125692 0.986697 -80.579107 -0.057640 0.991072 -0.120226 -15.979823 -0.992999 -0.044477 0.109431 235.145253
0.083979 0.124612 0.988645 -79.388211 -0.056074 0.991169 -0.120167 -16.138742 -0.994889 -0.045346 0.090225 235.271171
0.068133 0.121737 0.990221 -78.212636 -0.057500 0.991357 -0.117920 -16.307332 -0.996018 -0.048903 0.074544 235.354889
0.053690 0.117158 0.991661 -77.059919 -0.053580 0.992001 -0.114298 -16.476527 -0.997119 -0.046997 0.059538 235.429989
0.038625 0.112382 0.992914 -75.893976 -0.052512 0.992511 -0.110294 -16.632361 -0.997873 -0.047880 0.044238 235.501003
0.028813 0.110101 0.993503 -74.751107 -0.049540 0.992851 -0.108592 -16.783967 -0.998357 -0.046090 0.034062 235.547558
0.018808 0.111727 0.993561 -73.624201 -0.050667 0.992566 -0.110656 -16.939043 -0.998539 -0.048260 0.024329 235.568673
0.011160 0.113931 0.993426 -72.514211 -0.050330 0.992293 -0.113236 -17.089215 -0.998670 -0.048735 0.016809 235.587531
0.004937 0.115558 0.993288 -71.414461 -0.052216 0.991975 -0.115146 -17.229879 -0.998624 -0.051297 0.010931 235.605981
-0.002445 0.121670 0.992567 -70.329456 -0.051044 0.991261 -0.121636 -17.385469 -0.998694 -0.050962 0.003787 235.623550
-0.006355 0.128935 0.991633 -69.262094 -0.052254 0.990255 -0.129091 -17.543073 -0.998614 -0.052638 0.000444 235.639716
-0.010589 0.127264 0.991812 -68.215173 -0.053851 0.990356 -0.127652 -17.693614 -0.998493 -0.054762 -0.003633 235.626879
-0.013046 0.115735 0.993194 -67.159529 -0.051447 0.991886 -0.116258 -17.842124 -0.998591 -0.052614 -0.006986 235.618853
-0.014664 0.108709 0.993965 -66.102234 -0.051862 0.992652 -0.109330 -17.994018 -0.998547 -0.053152 -0.008919 235.609747
-0.016216 0.107733 0.994047 -65.041077 -0.050343 0.992829 -0.108422 -18.136423 -0.998601 -0.051801 -0.010676 235.609525
-0.016206 0.110260 0.993770 -64.007988 -0.049505 0.992594 -0.110937 -18.264689 -0.998643 -0.050994 -0.010628 235.617354
-0.014230 0.112995 0.993493 -62.989266 -0.049646 0.992289 -0.113569 -18.397336 -0.998666 -0.050939 -0.008510 235.616893
-0.013103 0.114699 0.993314 -61.971025 -0.052080 0.991972 -0.115231 -18.535671 -0.998557 -0.053242 -0.007025 235.611468
-0.009770 0.115856 0.993218 -60.950688 -0.056071 0.991639 -0.116224 -18.672851 -0.998379 -0.056826 -0.003192 235.622351
-0.007409 0.116607 0.993150 -59.961019 -0.056779 0.991526 -0.116840 -18.803459 -0.998359 -0.057256 -0.000725 235.621707
-0.002282 0.117948 0.993017 -58.951679 -0.058468 0.991305 -0.117879 -18.941334 -0.998287 -0.058329 0.004634 235.642079
0.002667 0.117755 0.993039 -57.954045 -0.059534 0.991300 -0.117389 -19.071953 -0.998223 -0.058807 0.009655 235.657464
0.008077 0.117165 0.993079 -56.949396 -0.061799 0.991272 -0.116449 -19.204773 -0.998056 -0.060431 0.015247 235.678129
0.016785 0.114533 0.993277 -55.959848 -0.059442 0.991775 -0.113355 -19.346089 -0.998091 -0.057140 0.023455 235.703556
0.023525 0.115537 0.993024 -54.973636 -0.056462 0.991868 -0.114065 -19.477197 -0.998128 -0.053384 0.029857 235.730929
0.031425 0.115741 0.992782 -54.018658 -0.057971 0.991812 -0.113793 -19.602494 -0.997824 -0.053977 0.037877 235.775565
0.037506 0.114958 0.992662 -53.040797 -0.058879 0.991889 -0.112643 -19.729108 -0.997560 -0.054222 0.043971 235.818209
0.044326 0.113320 0.992569 -52.046787 -0.061429 0.991975 -0.110509 -19.855384 -0.997127 -0.056074 0.050932 235.871787
0.051688 0.111446 0.992425 -51.065991 -0.060438 0.992281 -0.108282 -19.983123 -0.996833 -0.054384 0.058025 235.945976
0.058798 0.110224 0.992166 -50.091272 -0.061313 0.992408 -0.106617 -20.106642 -0.996385 -0.054564 0.065109 236.026049
0.067655 0.111134 0.991500 -49.124824 -0.060371 0.992412 -0.107117 -20.229565 -0.995881 -0.052611 0.073851 236.095618
0.072071 0.113120 0.990964 -48.159689 -0.059451 0.992268 -0.108945 -20.348473 -0.995626 -0.051062 0.078239 236.173171
0.078634 0.114754 0.990277 -47.216795 -0.060427 0.992075 -0.110164 -20.467591 -0.995071 -0.051177 0.084945 236.271926
0.085318 0.115842 0.989596 -46.270902 -0.063451 0.991834 -0.110633 -20.589716 -0.994331 -0.053352 0.091972 236.374529
0.091719 0.116354 0.988964 -45.326359 -0.064883 0.991738 -0.110663 -20.709872 -0.993669 -0.054017 0.098511 236.476592
0.098946 0.115119 0.988411 -44.373588 -0.064651 0.991931 -0.109057 -20.830916 -0.992991 -0.053111 0.105590 236.584974
0.105406 0.112219 0.988077 -43.419561 -0.066071 0.992207 -0.105640 -20.947601 -0.992232 -0.054148 0.111999 236.696232
0.111891 0.111110 0.987489 -42.467866 -0.066832 0.992321 -0.104081 -21.066415 -0.991471 -0.054350 0.118457 236.826962
