1.000000 0.000000 0.000000 0.000000 -0.000000 1.000000 0.000000 0.000000 -0.000000 0.000000 1.000000 0.000000
0.999923 -0.003694 0.011825 0.010508 0.003676 0.999992 0.001564 -0.009989 -0.011831 -0.001520 0.999929 0.329265
0.999813 -0.005512 0.018511 0.043077 0.005491 0.999984 0.001173 -0.011684 -0.018517 -0.001071 0.999828 0.632944
0.999794 -0.008002 0.018667 0.052723 0.008020 0.999967 -0.000896 -0.020539 -0.018659 0.001046 0.999825 0.968694
0.999839 -0.009593 0.015143 0.064451 0.009623 0.999952 -0.001939 -0.023469 -0.015124 0.002084 0.999883 1.286889
0.999890 -0.013244 0.006638 0.057466 0.013267 0.999906 -0.003454 -0.030601 -0.006592 0.003541 0.999972 1.617916
0.999887 -0.012984 -0.007612 0.050345 0.012948 0.999905 -0.004811 -0.028090 0.007674 0.004712 0.999959 1.944560
0.999628 -0.010569 -0.025151 0.037160 0.010460 0.999935 -0.004455 -0.041244 0.025197 0.004190 0.999674 2.274224
0.998959 -0.005480 -0.045286 -0.008887 0.005257 0.999973 -0.005043 -0.048602 0.045313 0.004800 0.998961 2.615394
0.997860 -0.002377 -0.065339 -0.064016 0.001978 0.999979 -0.006172 -0.058392 0.065352 0.006030 0.997844 2.972507
0.996394 -0.003832 -0.084760 -0.113195 0.003338 0.999977 -0.005977 -0.063481 0.084781 0.005673 0.996384 3.346316
0.994373 -0.005239 -0.105807 -0.168877 0.004716 0.999975 -0.005193 -0.067744 0.105832 0.004665 0.994373 3.737423
0.992138 -0.006111 -0.124998 -0.215588 0.005629 0.999975 -0.004207 -0.072703 0.125021 0.003470 0.992148 4.117432
0.989967 -0.004229 -0.141236 -0.287589 0.003783 0.999987 -0.003430 -0.080133 0.141249 0.002861 0.989970 4.521333
0.987576 -0.003243 -0.157112 -0.374401 0.002872 0.999993 -0.002588 -0.091384 0.157119 0.002104 0.987577 4.927335
0.985573 -0.003419 -0.169219 -0.460476 0.002933 0.999991 -0.003127 -0.099255 0.169228 0.002586 0.985574 5.348762
0.983405 -0.005190 -0.181348 -0.557028 0.004462 0.999980 -0.004422 -0.104500 0.181367 0.003540 0.983409 5.763184
0.981817 -0.008488 -0.189641 -0.653217 0.007364 0.999951 -0.006629 -0.111972 0.189688 0.005112 0.981831 6.212257
0.980386 -0.005959 -0.196996 -0.752665 0.004397 0.999955 -0.008365 -0.122278 0.197037 0.007334 0.980369 6.691529
0.978719 -0.005983 -0.205116 -0.854409 0.003978 0.999940 -0.010187 -0.128027 0.205165 0.009154 0.978685 7.169183
0.977154 -0.008004 -0.212384 -0.972948 0.005464 0.999906 -0.012543 -0.139596 0.212464 0.011096 0.977106 7.668542
0.975291 -0.013774 -0.220496 -1.096500 0.010935 0.999841 -0.014091 -0.151793 0.220655 0.011332 0.975286 8.166142
0.973203 -0.019503 -0.229117 -1.208879 0.016423 0.999747 -0.015342 -0.164183 0.229359 0.011168 0.973278 8.669411
0.971161 -0.016607 -0.237844 -1.337244 0.012673 0.999757 -0.018060 -0.183732 0.238086 0.014525 0.971135 9.194762
0.969279 -0.012738 -0.245634 -1.483960 0.007546 0.999728 -0.022067 -0.194367 0.245849 0.019536 0.969111 9.726675
0.966896 -0.010532 -0.254952 -1.646077 0.004431 0.999690 -0.024493 -0.214629 0.255131 0.022552 0.966643 10.267522
0.964584 -0.014799 -0.263360 -1.816018 0.008204 0.999625 -0.026125 -0.233518 0.263648 0.023039 0.964344 10.839075
0.962145 -0.016303 -0.272050 -1.966137 0.008932 0.999559 -0.028311 -0.259836 0.272391 0.024809 0.961867 11.411249
0.960126 -0.014337 -0.279201 -2.141611 0.005786 0.999489 -0.031428 -0.281804 0.279509 0.028559 0.959718 11.987795
0.957795 -0.014578 -0.287083 -2.317966 0.004727 0.999377 -0.034978 -0.314766 0.287414 0.032145 0.957267 12.593871
0.955663 -0.016244 -0.294014 -2.514012 0.004366 0.999149 -0.041011 -0.344769 0.294430 0.037909 0.954921 13.198462
0.953937 -0.016805 -0.299537 -2.723786 0.002104 0.998780 -0.049334 -0.383608 0.300001 0.046431 0.952808 13.811188
0.953062 -0.017505 -0.302270 -2.935091 0.000279 0.998378 -0.056937 -0.419904 0.302776 0.054180 0.951520 14.421441
0.951689 -0.016402 -0.306625 -3.143537 -0.004123 0.997800 -0.066169 -0.461093 0.307036 0.064237 0.949528 15.034547
0.950503 -0.016589 -0.310273 -3.351132 -0.006661 0.997256 -0.073725 -0.509719 0.310644 0.072143 0.947785 15.672331
0.948740 -0.014659 -0.315717 -3.589785 -0.011390 0.996689 -0.080503 -0.569815 0.315852 0.079972 0.945432 16.318862
0.947266 -0.013145 -0.320179 -3.828090 -0.015389 0.996139 -0.086427 -0.634859 0.320079 0.086797 0.943407 16.981934
0.945727 -0.012195 -0.324734 -4.061423 -0.018836 0.995558 -0.092243 -0.702665 0.324417 0.093353 0.941296 17.655934
0.944073 -0.009384 -0.329603 -4.318438 -0.023718 0.995073 -0.096266 -0.773816 0.328883 0.098700 0.939199 18.346627
0.942384 -0.006785 -0.334465 -4.586047 -0.028012 0.994683 -0.099104 -0.853324 0.333360 0.102763 0.937183 19.044221
0.940139 -0.006708 -0.340724 -4.867683 -0.028672 0.994704 -0.098698 -0.925845 0.339582 0.102559 0.934968 19.768156
0.938354 -0.005978 -0.345623 -5.148268 -0.029504 0.994817 -0.097307 -1.011129 0.344413 0.101506 0.933315 20.482966
0.935866 -0.005305 -0.352316 -5.427372 -0.030601 0.994885 -0.096268 -1.098733 0.351024 0.100875 0.930917 21.204480
0.933082 -0.005157 -0.359627 -5.695883 -0.030667 0.995115 -0.093838 -1.173026 0.358354 0.098587 0.928366 21.945216
0.929810 -0.005333 -0.368002 -6.004637 -0.029290 0.995651 -0.088435 -1.259877 0.366874 0.093006 0.925610 22.684573
0.926691 -0.003051 -0.375812 -6.306278 -0.030174 0.996135 -0.082491 -1.333473 0.374611 0.087783 0.923017 23.436602
0.923016 0.001778 -0.384759 -6.635662 -0.034258 0.996397 -0.077579 -1.411329 0.383235 0.084788 0.919751 24.172574
0.919148 0.004007 -0.393891 -6.971735 -0.036423 0.996529 -0.074855 -1.490085 0.392224 0.083150 0.916104 24.908382
0.915272 0.004306 -0.402813 -7.309736 -0.037107 0.996593 -0.073660 -1.560327 0.401123 0.082366 0.912314 25.662779
0.911507 0.005332 -0.411250 -7.655146 -0.038723 0.996587 -0.072905 -1.633667 0.409458 0.082378 0.908602 26.420082
0.907116 0.005225 -0.420848 -8.013397 -0.038716 0.996719 -0.071077 -1.688459 0.419096 0.080769 0.904342 27.192178
0.903596 0.006732 -0.428332 -8.395782 -0.040367 0.996765 -0.069491 -1.763635 0.426479 0.080083 0.900945 27.976455
0.899850 0.006267 -0.436154 -8.784255 -0.039170 0.997018 -0.066488 -1.836063 0.434437 0.076914 0.897412 28.764233
0.895544 0.007120 -0.444915 -9.189155 -0.038338 0.997389 -0.061206 -1.900692 0.443318 0.071869 0.893479 29.560810
0.892449 0.009295 -0.451053 -9.601964 -0.038677 0.997683 -0.055966 -1.965142 0.449488 0.067392 0.890740 30.383071
0.888783 0.008622 -0.458246 -10.029752 -0.036645 0.997959 -0.052298 -2.026293 0.456860 0.063274 0.887285 31.198663
0.885096 0.007455 -0.465348 -10.464313 -0.035186 0.998082 -0.050936 -2.086505 0.464076 0.061457 0.883661 32.005311
0.881942 0.009225 -0.471268 -10.907155 -0.037052 0.998072 -0.049801 -2.144751 0.469900 0.061383 0.880583 32.816242
0.878633 0.006605 -0.477452 -11.360525 -0.033181 0.998332 -0.047252 -2.195102 0.476344 0.057359 0.877386 33.642063
0.875604 0.006790 -0.482982 -11.827603 -0.033348 0.998365 -0.046422 -2.244120 0.481877 0.056754 0.874399 34.461739
0.873643 0.003372 -0.486556 -12.306631 -0.029804 0.998469 -0.046594 -2.303244 0.485655 0.055208 0.872406 35.289639
0.871184 0.004530 -0.490936 -12.789807 -0.031548 0.998407 -0.046770 -2.358112 0.489942 0.056233 0.869939 36.154549
0.871058 0.005639 -0.491147 -13.279473 -0.032753 0.998375 -0.046625 -2.414043 0.490086 0.056700 0.869828 37.025288
0.870205 0.004951 -0.492665 -13.804241 -0.031389 0.998475 -0.045410 -2.470317 0.491690 0.054980 0.869033 37.912876
0.870687 0.005475 -0.491806 -14.316490 -0.031081 0.998552 -0.043910 -2.525269 0.490854 0.053517 0.869597 38.786951
0.869990 0.002509 -0.493063 -14.833237 -0.027436 0.998684 -0.043328 -2.580972 0.492305 0.051223 0.868914 39.669969
0.868147 0.001604 -0.496305 -15.341922 -0.027083 0.998658 -0.044147 -2.641108 0.495568 0.051767 0.867025 40.585273
0.867513 0.000251 -0.497414 -15.866027 -0.025502 0.998707 -0.043974 -2.694514 0.496760 0.050834 0.866398 41.509630
0.866171 -0.000033 -0.499747 -16.405527 -0.024230 0.998821 -0.042062 -2.755821 0.499160 0.048542 0.865149 42.443772
0.864264 0.002444 -0.503033 -16.957877 -0.024188 0.999033 -0.036703 -2.814549 0.502457 0.043888 0.863487 43.368395
0.860393 -0.000275 -0.509631 -17.502749 -0.019109 0.999279 -0.032800 -2.874402 0.509273 0.037959 0.859767 44.294008
0.856130 0.000191 -0.516760 -18.055640 -0.020125 0.999254 -0.032973 -2.931098 0.516368 0.038629 0.855495 45.215964
0.851354 -0.004706 -0.524570 -18.621300 -0.016133 0.999252 -0.035147 -2.983645 0.524343 0.038386 0.850641 46.106655
0.844872 -0.006849 -0.534925 -19.185421 -0.015763 0.999165 -0.037690 -3.035624 0.534737 0.040276 0.844058 46.992908
0.838545 -0.005471 -0.544805 -19.759462 -0.016598 0.999229 -0.035581 -3.094900 0.544580 0.038879 0.837808 47.888695
0.832864 -0.002367 -0.553472 -20.361900 -0.016598 0.999434 -0.029251 -3.141043 0.553228 0.033549 0.832354 48.779744
0.828407 0.002440 -0.560121 -20.990859 -0.020648 0.999444 -0.026185 -3.195273 0.559746 0.033257 0.827997 49.677722
0.825114 0.000532 -0.564966 -21.600445 -0.020678 0.999358 -0.029259 -3.243815 0.564588 0.035824 0.824595 50.567498
0.820910 -0.003670 -0.571046 -22.229689 -0.020006 0.999181 -0.035182 -3.295996 0.570707 0.040306 0.820164 51.420649
0.817735 -0.003660 -0.575583 -22.854034 -0.024603 0.998844 -0.041304 -3.351798 0.575069 0.047937 0.816699 52.270181
0.814658 -0.003955 -0.579928 -23.480488 -0.022911 0.998977 -0.038997 -3.401764 0.579489 0.045055 0.813734 53.129379
0.811208 -0.000937 -0.584756 -24.107312 -0.023931 0.999108 -0.034798 -3.459680 0.584267 0.042222 0.810462 53.998853
0.808845 0.000510 -0.588021 -24.740435 -0.022148 0.999316 -0.029600 -3.522013 0.587604 0.036965 0.808304 54.866362
0.805391 0.001492 -0.592743 -25.382904 -0.022258 0.999368 -0.027728 -3.570462 0.592327 0.035525 0.804914 55.724546
0.802196 0.001964 -0.597058 -26.021868 -0.023819 0.999304 -0.028716 -3.616415 0.596586 0.037257 0.801684 56.561463
0.798808 -0.000400 -0.601586 -26.666425 -0.022663 0.999270 -0.030757 -3.663626 0.601159 0.038203 0.798216 57.411567
0.794583 -0.002410 -0.607151 -27.328726 -0.021777 0.999236 -0.032466 -3.715661 0.606765 0.039018 0.793923 58.276416
0.790660 -0.001924 -0.612252 -27.993585 -0.022824 0.999207 -0.032616 -3.767613 0.611830 0.039762 0.789990 59.134998
0.785826 -0.001627 -0.618446 -28.679340 -0.022233 0.999276 -0.030880 -3.810723 0.618049 0.038016 0.785220 59.966666
0.780589 -0.001464 -0.625043 -29.358168 -0.022093 0.999308 -0.029931 -3.858580 0.624654 0.037173 0.780016 60.799468
0.774922 -0.004014 -0.632044 -30.037378 -0.021098 0.999258 -0.032213 -3.921180 0.631705 0.038297 0.774262 61.628975
0.769971 -0.004431 -0.638064 -30.725089 -0.021241 0.999244 -0.032571 -3.977490 0.637726 0.038632 0.769294 62.478508
0.764205 -0.005710 -0.644948 -31.425549 -0.020302 0.999252 -0.032903 -4.019242 0.644654 0.038239 0.763518 63.315823
0.758608 -0.006038 -0.651520 -32.143680 -0.021682 0.999169 -0.034506 -4.079729 0.651187 0.040303 0.757846 64.151939
0.752788 -0.009224 -0.658198 -32.876938 -0.018491 0.999211 -0.035151 -4.135067 0.658003 0.038632 0.752023 64.957048
0.746120 -0.009113 -0.665750 -33.621274 -0.018108 0.999259 -0.033972 -4.187085 0.665566 0.037403 0.745401 65.781613
0.739137 -0.010238 -0.673477 -34.381582 -0.016337 0.999318 -0.033121 -4.249889 0.673357 0.035483 0.738466 66.607597
0.733480 -0.010863 -0.679624 -35.141908 -0.015334 0.999353 -0.032523 -4.307253 0.679538 0.034277 0.732839 67.432749
0.727344 -0.011810 -0.686171 -35.925208 -0.015769 0.999300 -0.033914 -4.362184 0.686092 0.035488 0.726649 68.227909
0.720371 -0.013847 -0.693451 -36.712660 -0.014182 0.999298 -0.034687 -4.410578 0.693444 0.034822 0.719668 69.029885
0.715311 -0.010273 -0.698731 -37.496623 -0.018526 0.999262 -0.033656 -4.460852 0.698561 0.037019 0.714592 69.834893
0.710130 -0.011219 -0.703981 -38.281726 -0.017826 0.999266 -0.033906 -4.521435 0.703845 0.036626 0.709408 70.626226
0.704961 -0.011546 -0.709152 -39.096645 -0.017631 0.999273 -0.033796 -4.578131 0.709027 0.036328 0.704245 71.416087
0.699663 -0.011723 -0.714377 -39.927016 -0.018734 0.999221 -0.034745 -4.628085 0.714228 0.037693 0.698898 72.211799
0.694463 -0.014652 -0.719379 -40.763752 -0.017571 0.999149 -0.037312 -4.692496 0.719314 0.038552 0.693615 73.015203
0.690229 -0.015542 -0.723424 -41.600106 -0.018939 0.999039 -0.039533 -4.744569 0.723343 0.040988 0.689271 73.798632
0.686138 -0.016211 -0.727291 -42.468626 -0.018116 0.999061 -0.039360 -4.810381 0.727246 0.040181 0.685200 74.594429
0.679457 -0.015990 -0.733541 -43.343723 -0.016791 0.999162 -0.037334 -4.871129 0.733523 0.037684 0.678619 75.367113
0.674439 -0.015283 -0.738172 -44.188913 -0.017325 0.999183 -0.036517 -4.933008 0.738127 0.037417 0.673623 76.145050
0.668934 -0.016926 -0.743129 -45.055274 -0.016148 0.999174 -0.037293 -4.991332 0.743146 0.036946 0.668108 76.941565
0.664790 -0.017531 -0.746824 -45.933808 -0.015184 0.999201 -0.036972 -5.046143 0.746876 0.035918 0.663993 77.714955
0.660402 -0.017298 -0.750713 -46.831676 -0.015080 0.999228 -0.036290 -5.110661 0.750761 0.035286 0.659631 78.487885
0.656796 -0.018753 -0.753835 -47.729904 -0.013547 0.999236 -0.036662 -5.174814 0.753946 0.034291 0.656040 79.263030
0.651877 -0.022259 -0.757998 -48.633605 -0.009894 0.999234 -0.037853 -5.237129 0.758260 0.032175 0.651158 80.030029
0.648675 -0.026630 -0.760600 -49.535779 -0.006545 0.999156 -0.040564 -5.304704 0.761038 0.031291 0.647952 80.815469
0.642812 -0.030997 -0.765396 -50.447288 -0.000895 0.999150 -0.041216 -5.365765 0.766023 0.027179 0.642238 81.583193
0.634879 -0.032676 -0.771920 -51.374801 0.000977 0.999138 -0.041491 -5.426291 0.772611 0.025587 0.634364 82.355417
0.627281 -0.036676 -0.777929 -52.305937 0.006468 0.999101 -0.041888 -5.500991 0.778766 0.021244 0.626955 83.119152
0.617538 -0.036691 -0.785685 -53.264371 0.008235 0.999158 -0.040187 -5.569685 0.786498 0.018347 0.617320 83.870648
0.608074 -0.035846 -0.793070 -54.234986 0.010520 0.999256 -0.037099 -5.636595 0.793811 0.014216 0.607999 84.613343
0.599877 -0.035408 -0.799308 -55.195137 0.008411 0.999244 -0.037953 -5.701275 0.800048 0.016045 0.599722 85.352159
0.589872 -0.037326 -0.806633 -56.203571 0.009305 0.999179 -0.039431 -5.759416 0.807443 0.015754 0.589735 86.078560
0.579837 -0.039735 -0.813763 -57.211570 0.008975 0.999061 -0.042388 -5.833538 0.814683 0.017274 0.579649 86.780338
0.570047 -0.040283 -0.820624 -58.222781 0.009966 0.999063 -0.042120 -5.894484 0.821552 0.015832 0.569914 87.475173
0.560412 -0.041375 -0.827180 -59.231774 0.014380 0.999087 -0.040231 -5.965758 0.828089 0.010651 0.560495 88.146239
0.550991 -0.040520 -0.833527 -60.251844 0.013663 0.999125 -0.039538 -6.031723 0.834400 0.010396 0.551062 88.849136
0.540289 -0.040445 -0.840507 -61.293668 0.011978 0.999113 -0.040378 -6.105549 0.841394 0.011748 0.540294 89.528796
0.530121 -0.041183 -0.846921 -62.355402 0.010643 0.999064 -0.041920 -6.169343 0.847856 0.013209 0.530063 90.183291
0.518638 -0.042122 -0.853955 -63.444317 0.011127 0.999034 -0.042520 -6.234852 0.854922 0.012550 0.518606 90.821513
0.509004 -0.041406 -0.859768 -64.520107 0.007069 0.999010 -0.043927 -6.309195 0.860735 0.016281 0.508792 91.457804
0.500201 -0.042253 -0.864877 -65.617493 0.009108 0.999010 -0.043538 -6.386565 0.865861 0.013900 0.500091 92.075671
0.492193 -0.038605 -0.869630 -66.715460 0.006503 0.999151 -0.040674 -6.453249 0.870462 0.014364 0.492026 92.709201
0.483668 -0.038007 -0.874426 -67.818811 0.008744 0.999217 -0.038595 -6.524514 0.875208 0.011021 0.483621 93.305703
0.477183 -0.039451 -0.877918 -68.955931 0.009022 0.999159 -0.039996 -6.589226 0.878758 0.011164 0.477138 93.915458
0.467913 -0.044314 -0.882663 -70.075570 0.014932 0.998996 -0.042239 -6.668416 0.883649 0.006584 0.468105 94.487180
0.461638 -0.045079 -0.885922 -71.208046 0.014120 0.998955 -0.043473 -6.733619 0.886956 0.007560 0.461792 95.096216
0.456194 -0.048632 -0.888550 -72.365580 0.015676 0.998790 -0.046618 -6.814999 0.889742 0.007338 0.456404 95.688650
0.450869 -0.050954 -0.891134 -73.510823 0.016733 0.998676 -0.048637 -6.894924 0.892433 0.007018 0.451125 96.267127
0.446184 -0.049811 -0.893554 -74.657332 0.017860 0.998747 -0.046757 -6.974167 0.894763 0.004903 0.446514 96.838159
0.442727 -0.047366 -0.895405 -75.811711 0.020389 0.998877 -0.042759 -7.052398 0.896425 0.000674 0.443195 97.398627
0.439851 -0.046523 -0.896865 -76.973446 0.023599 0.998911 -0.040242 -7.130021 0.897761 -0.003465 0.440470 97.950805
0.436781 -0.045718 -0.898405 -78.114669 0.024434 0.998942 -0.038955 -7.203578 0.899236 -0.004937 0.437436 98.505986
0.432689 -0.045697 -0.900384 -79.240235 0.027417 0.998920 -0.037523 -7.286117 0.901126 -0.008450 0.433475 99.039421
0.431616 -0.044432 -0.900962 -80.344987 0.028535 0.998959 -0.035594 -7.352890 0.901606 -0.010346 0.432434 99.570390
0.429961 -0.043494 -0.901799 -81.447520 0.029551 0.998982 -0.034092 -7.418318 0.902364 -0.011990 0.430808 100.111271
0.427086 -0.044042 -0.903138 -82.559034 0.031904 0.998925 -0.033626 -7.478329 0.903648 -0.014452 0.428032 100.634568
0.424769 -0.043684 -0.904247 -83.689923 0.033785 0.998904 -0.032386 -7.544425 0.904671 -0.016793 0.425780 101.166511
0.421977 -0.042707 -0.905600 -84.793959 0.038466 0.998834 -0.029180 -7.604074 0.905790 -0.022521 0.423127 101.677883
0.421196 -0.042463 -0.905975 -85.917380 0.038949 0.998829 -0.028708 -7.671395 0.906133 -0.023195 0.422357 102.200853
0.419406 -0.043307 -0.906765 -87.010682 0.040981 0.998746 -0.028745 -7.730895 0.906873 -0.025104 0.420655 102.691992
0.418701 -0.044805 -0.907018 -88.059118 0.042411 0.998657 -0.029754 -7.795048 0.907133 -0.026009 0.420039 103.164068
0.418053 -0.045216 -0.907296 -89.094572 0.040700 0.998690 -0.031018 -7.853277 0.907511 -0.023960 0.419346 103.647728
0.418473 -0.045577 -0.907085 -90.155807 0.041187 0.998665 -0.031177 -7.914656 0.907295 -0.024313 0.419792 104.129506
0.421595 -0.044671 -0.905683 -91.180319 0.037361 0.998793 -0.031872 -7.974298 0.906015 -0.020400 0.422755 104.593537
0.426230 -0.045486 -0.903470 -92.186798 0.037770 0.998759 -0.032464 -8.037457 0.903826 -0.020287 0.427419 105.059612
0.432691 -0.045499 -0.900393 -93.185259 0.034784 0.998825 -0.033757 -8.091455 0.900871 -0.016713 0.433765 105.534228
0.438818 -0.044859 -0.897455 -94.174547 0.032900 0.998886 -0.033842 -8.157500 0.897974 -0.014676 0.439805 106.011368
0.444982 -0.044565 -0.894430 -95.159034 0.036199 0.998840 -0.031758 -8.219684 0.894808 -0.018246 0.446079 106.506880
0.454330 -0.041081 -0.889885 -96.167190 0.029103 0.999087 -0.031264 -8.264671 0.890358 -0.011694 0.455111 107.004916
0.462453 -0.042568 -0.885621 -97.164774 0.033157 0.998978 -0.030703 -8.329260 0.886024 -0.015165 0.463392 107.515979
0.472246 -0.041481 -0.880490 -98.129533 0.030916 0.999057 -0.030485 -8.376107 0.880925 -0.012825 0.473083 108.014373
0.482802 -0.042912 -0.874677 -99.084423 0.029794 0.999025 -0.032566 -8.432075 0.875223 -0.010337 0.483610 108.533628
0.493563 -0.044526 -0.868570 -100.028305 0.028476 0.998980 -0.035030 -8.491221 0.869244 -0.007444 0.494327 109.064300
0.503901 -0.044163 -0.862632 -100.975210 0.026154 0.999014 -0.035868 -8.547165 0.863366 -0.004488 0.504559 109.607404
0.517104 -0.040259 -0.854975 -101.941427 0.021248 0.999189 -0.034198 -8.596319 0.855659 -0.000483 0.517540 110.173091
0.530822 -0.039418 -0.846566 -102.871752 0.023088 0.999220 -0.032049 -8.668346 0.847169 -0.002533 0.531318 110.743801
0.541125 -0.037280 -0.840115 -103.801010 0.022320 0.999302 -0.029967 -8.721638 0.840646 -0.002536 0.541579 111.322800
0.553652 -0.036562 -0.831945 -104.703832 0.020724 0.999331 -0.030127 -8.771282 0.832490 -0.000561 0.554040 111.898484
0.563795 -0.038248 -0.825029 -105.591599 0.023472 0.999266 -0.030286 -8.823164 0.825581 -0.002290 0.564279 112.470988
0.574782 -0.039726 -0.817342 -106.441520 0.024637 0.999208 -0.031240 -8.875141 0.817936 -0.002181 0.575306 113.060937
0.586372 -0.041112 -0.808998 -107.275801 0.026372 0.999151 -0.031660 -8.922227 0.809613 -0.002770 0.586958 113.693853
0.597066 -0.037805 -0.801301 -108.093894 0.020994 0.999283 -0.031502 -8.976583 0.801917 0.001987 0.597432 114.333312
0.607573 -0.037281 -0.793388 -108.927909 0.023991 0.999303 -0.028586 -9.040359 0.793902 -0.001666 0.608044 114.975143
0.618005 -0.034642 -0.785411 -109.759557 0.023360 0.999397 -0.025700 -9.092717 0.785828 -0.002464 0.618441 115.598922
0.628055 -0.033371 -0.777453 -110.576145 0.021795 0.999442 -0.025293 -9.136745 0.777864 -0.001059 0.628432 116.248252
0.637346 -0.032237 -0.769903 -111.365150 0.018479 0.999477 -0.026552 -9.184039 0.770357 0.002695 0.637608 116.878479
0.647201 -0.032906 -0.761609 -112.133860 0.018650 0.999452 -0.027334 -9.231856 0.762092 0.003487 0.647460 117.510224
0.655154 -0.031056 -0.754857 -112.885604 0.017158 0.999509 -0.026230 -9.278713 0.755301 0.004233 0.655365 118.146253
0.664195 -0.028645 -0.747010 -113.591574 0.016682 0.999585 -0.023497 -9.319218 0.747374 0.003145 0.664397 118.775697
0.673870 -0.028122 -0.738315 -114.281699 0.018025 0.999604 -0.021622 -9.363741 0.738631 0.001263 0.674109 119.425180
0.680997 -0.025779 -0.731832 -114.971947 0.014872 0.999661 -0.021375 -9.400080 0.732135 0.003673 0.681150 120.077361
0.689032 -0.026570 -0.724244 -115.663066 0.016022 0.999642 -0.021430 -9.450447 0.724554 0.003161 0.689211 120.728083
0.696038 -0.024418 -0.717590 -116.332210 0.014148 0.999694 -0.020294 -9.489208 0.717866 0.003972 0.696170 121.376632
0.703935 -0.021536 -0.709938 -116.984065 0.013755 0.999766 -0.016690 -9.520647 0.710132 0.001984 0.704066 122.049577
0.711079 -0.018900 -0.702858 -117.652495 0.012550 0.999821 -0.014188 -9.557480 0.703001 0.001268 0.711188 122.725666
0.718345 -0.018444 -0.695442 -118.313793 0.012914 0.999830 -0.013178 -9.594403 0.695567 0.000485 0.718461 123.380144
0.725797 -0.017312 -0.687691 -118.955666 0.011012 0.999848 -0.013548 -9.626252 0.687821 0.002260 0.725877 124.020087
0.734624 -0.013615 -0.678338 -119.573228 0.007990 0.999903 -0.011416 -9.655550 0.678428 0.002967 0.734661 124.661953
0.743945 -0.010254 -0.668163 -120.162478 0.006690 0.999946 -0.007897 -9.687001 0.668208 0.001405 0.743973 125.318457
0.752623 -0.006270 -0.658421 -120.741118 0.003452 0.999978 -0.005576 -9.712205 0.658442 0.001924 0.752629 125.967783
0.763536 -0.004737 -0.645748 -121.301862 0.002058 0.999986 -0.004902 -9.739577 0.645762 0.002414 0.763535 126.634959
0.773386 -0.005120 -0.633915 -121.835006 0.001292 0.999978 -0.006500 -9.765051 0.633935 0.004208 0.773375 127.293517
0.783036 -0.005695 -0.621950 -122.364685 0.001397 0.999972 -0.007396 -9.782313 0.621975 0.004922 0.783022 127.939992
0.793071 -0.004319 -0.609114 -122.867778 0.000355 0.999978 -0.006628 -9.800775 0.609130 0.005040 0.793055 128.596820
0.802508 -0.002480 -0.596636 -123.350029 0.000254 0.999993 -0.003816 -9.815472 0.596642 0.002911 0.802502 129.267373
0.812508 -0.000731 -0.582949 -123.847439 -0.000444 0.999998 -0.001873 -9.840533 0.582950 0.001780 0.812506 129.964346
0.821719 0.000605 -0.569892 -124.337260 -0.000126 1.000000 0.000879 -9.858327 0.569893 -0.000651 0.821719 130.659430
0.830727 0.002753 -0.556673 -124.813821 -0.001178 0.999994 0.003186 -9.874411 0.556679 -0.001991 0.830725 131.376754
0.838812 0.002636 -0.544415 -125.269281 0.000008 0.999988 0.004855 -9.889607 0.544421 -0.004077 0.838802 132.083138
0.844992 0.002424 -0.534774 -125.709516 0.001084 0.999980 0.006245 -9.892713 0.534778 -0.005857 0.844972 132.789723
0.852122 0.002699 -0.523336 -126.147288 0.000673 0.999980 0.006253 -9.908925 0.523343 -0.005680 0.852103 133.507110
0.858366 0.003762 -0.513024 -126.586394 -0.000284 0.999976 0.006858 -9.916234 0.513038 -0.005740 0.858347 134.233705
0.865303 0.006027 -0.501213 -126.999522 -0.002815 0.999970 0.007164 -9.927655 0.501241 -0.004788 0.865294 134.968822
0.871301 0.006366 -0.490708 -127.423059 -0.002887 0.999965 0.007846 -9.937559 0.490741 -0.005419 0.871289 135.718053
0.876953 0.005428 -0.480545 -127.829791 -0.002243 0.999972 0.007202 -9.941380 0.480571 -0.005238 0.876940 136.467036
0.881721 0.004082 -0.471754 -128.243681 -0.001110 0.999978 0.006578 -9.950838 0.471771 -0.005277 0.881705 137.217497
0.885945 0.003943 -0.463774 -128.658764 -0.001120 0.999979 0.006362 -9.957923 0.463790 -0.005117 0.885931 137.977448
0.888983 0.005306 -0.457909 -129.056317 -0.001926 0.999967 0.007847 -9.966724 0.457936 -0.006094 0.888964 138.757199
0.892295 0.007888 -0.451384 -129.447100 -0.002848 0.999926 0.011844 -9.972734 0.451444 -0.009283 0.892251 139.559526
0.895511 0.012752 -0.444856 -129.851205 -0.006281 0.999852 0.016017 -9.971899 0.444995 -0.011549 0.895459 140.370140
0.898312 0.014427 -0.439120 -130.251812 -0.007291 0.999813 0.017932 -9.973978 0.439297 -0.012907 0.898249 141.183551
0.901450 0.017147 -0.432544 -130.655905 -0.009418 0.999756 0.020005 -9.971403 0.432781 -0.013959 0.901391 142.004611
0.904924 0.018613 -0.425166 -131.060755 -0.009867 0.999692 0.022766 -9.963183 0.425459 -0.016406 0.904829 142.843309
0.908630 0.019654 -0.417140 -131.482021 -0.010213 0.999639 0.024853 -9.959702 0.417478 -0.018322 0.908502 143.716102
0.911770 0.019670 -0.410229 -131.879960 -0.009628 0.999602 0.026531 -9.946515 0.410587 -0.020241 0.911597 144.591096
0.915504 0.019375 -0.401843 -132.273627 -0.009162 0.999585 0.027321 -9.936965 0.402205 -0.021330 0.915301 145.466530
0.919301 0.017314 -0.393175 -132.654845 -0.007587 0.999626 0.026280 -9.925885 0.393483 -0.021176 0.919088 146.365044
0.923184 0.015540 -0.384045 -133.029707 -0.006065 0.999647 0.025870 -9.911892 0.384312 -0.021554 0.922952 147.300241
0.927532 0.013841 -0.373488 -133.405091 -0.005122 0.999691 0.024327 -9.901910 0.373710 -0.020651 0.927316 148.233321
0.931810 0.014175 -0.362669 -133.779119 -0.006455 0.999726 0.022489 -9.893605 0.362889 -0.018614 0.931646 149.177918
0.937546 0.017121 -0.347439 -134.154851 -0.009923 0.999698 0.022487 -9.876234 0.347719 -0.017635 0.937433 150.138273
0.943638 0.021289 -0.330293 -134.522911 -0.014019 0.999605 0.024377 -9.868470 0.330681 -0.018373 0.943564 151.111497
0.949873 0.024088 -0.311706 -134.850859 -0.016545 0.999503 0.026819 -9.862274 0.312197 -0.020318 0.949800 152.116229
0.956380 0.026496 -0.290921 -135.166098 -0.019250 0.999430 0.027743 -9.848130 0.291490 -0.020933 0.956345 153.123573
0.962637 0.028585 -0.269283 -135.468707 -0.021778 0.999364 0.028235 -9.834596 0.269919 -0.021316 0.962647 154.145227
0.968183 0.028943 -0.248564 -135.753353 -0.022117 0.999299 0.030210 -9.819158 0.249264 -0.023751 0.968144 155.184320
0.973304 0.030986 -0.227418 -136.026399 -0.024214 0.999178 0.032506 -9.804157 0.228239 -0.026132 0.973254 156.272962
0.978546 0.032486 -0.203451 -136.264128 -0.025577 0.999006 0.036498 -9.777932 0.204435 -0.030511 0.978405 157.363363
0.982678 0.035809 -0.181830 -136.480423 -0.028880 0.998757 0.040615 -9.752498 0.183058 -0.034660 0.982491 158.479997
0.986603 0.036485 -0.159010 -136.670178 -0.030127 0.998654 0.042213 -9.731682 0.160336 -0.036857 0.986374 159.621725
0.989964 0.037466 -0.136262 -136.846481 -0.032144 0.998640 0.041055 -9.697810 0.137615 -0.036263 0.989822 160.774122
0.992754 0.036789 -0.114399 -136.978092 -0.032508 0.998708 0.039059 -9.661155 0.115688 -0.035057 0.992667 161.910421
0.994891 0.036513 -0.094119 -137.089361 -0.032980 0.998702 0.038818 -9.636091 0.095414 -0.035516 0.994804 163.073035
0.996518 0.036170 -0.075123 -137.185249 -0.033193 0.998628 0.040509 -9.604614 0.076486 -0.037875 0.996351 164.240466
0.997899 0.036235 -0.053717 -137.252556 -0.033988 0.998532 0.042174 -9.572093 0.055166 -0.040259 0.997665 165.428253
0.998761 0.037188 -0.033070 -137.300442 -0.035771 0.998458 0.042442 -9.543914 0.034598 -0.041207 0.998551 166.638067
0.999165 0.038720 -0.013028 -137.345800 -0.038130 0.998354 0.042850 -9.509489 0.014666 -0.042317 0.998997 167.869251
0.999186 0.039706 0.007087 -137.346410 -0.039973 0.998291 0.042637 -9.474899 -0.005382 -0.042885 0.999066 169.101806
0.998755 0.041255 0.028057 -137.319853 -0.042403 0.998233 0.041632 -9.446717 -0.026290 -0.042770 0.998739 170.348176
0.997964 0.042116 0.047899 -137.275745 -0.044031 0.998242 0.039664 -9.413595 -0.046145 -0.041692 0.998064 171.614241
0.996883 0.041835 0.066886 -137.205462 -0.044390 0.998322 0.037188 -9.379763 -0.065218 -0.040041 0.997067 172.895651
0.995275 0.043846 0.086628 -137.119007 -0.046974 0.998304 0.034402 -9.351184 -0.084973 -0.038309 0.995647 174.169585
0.993568 0.043696 0.104462 -136.996384 -0.047346 0.998343 0.032717 -9.321916 -0.102860 -0.037452 0.993991 175.454160
0.991244 0.044697 0.124250 -136.844566 -0.048544 0.998425 0.028112 -9.309711 -0.122798 -0.033897 0.991853 176.751730
0.988864 0.044921 0.141884 -136.667866 -0.048452 0.998593 0.021530 -9.297512 -0.140717 -0.028165 0.989649 178.056867
0.986012 0.047170 0.159861 -136.460474 -0.050220 0.998624 0.015088 -9.290913 -0.158929 -0.022905 0.987024 179.369606
0.982858 0.048448 0.177882 -136.241390 -0.051144 0.998635 0.010595 -9.292071 -0.177126 -0.019510 0.983995 180.698256
0.979613 0.051431 0.194198 -135.995489 -0.053696 0.998537 0.006413 -9.301934 -0.193584 -0.016710 0.980941 182.037247
0.975617 0.052118 0.213202 -135.719945 -0.054311 0.998514 0.004434 -9.311523 -0.212654 -0.015905 0.976998 183.364881
0.971763 0.051702 0.230227 -135.430703 -0.054195 0.998520 0.004515 -9.327550 -0.229653 -0.016864 0.973127 184.711748
0.967723 0.049866 0.247035 -135.095845 -0.052074 0.998640 0.002406 -9.342784 -0.246579 -0.015193 0.969004 186.033424
0.963378 0.050364 0.263377 -134.746946 -0.051181 0.998682 -0.003762 -9.372232 -0.263219 -0.009855 0.964686 187.382994
0.958683 0.052314 0.279626 -134.391515 -0.052537 0.998596 -0.006701 -9.394267 -0.279584 -0.008267 0.960086 188.710064
0.953694 0.053714 0.295944 -134.006680 -0.054240 0.998507 -0.006438 -9.424224 -0.295848 -0.009912 0.955184 190.055053
0.947648 0.056822 0.314219 -133.575747 -0.057136 0.998333 -0.008216 -9.462482 -0.314163 -0.010167 0.949315 191.394575
0.941942 0.059311 0.330496 -133.121126 -0.058452 0.998211 -0.012546 -9.493303 -0.330649 -0.007501 0.943724 192.757056
0.935736 0.058558 0.347807 -132.636673 -0.056723 0.998270 -0.015465 -9.533686 -0.348111 -0.005258 0.937439 194.119566
0.928915 0.060449 0.365326 -132.130269 -0.057318 0.998167 -0.019420 -9.577834 -0.365830 -0.002900 0.930677 195.482791
0.921713 0.060998 0.383046 -131.591519 -0.055401 0.998135 -0.025640 -9.637792 -0.383896 0.002411 0.923373 196.823975
0.913150 0.064395 0.402506 -131.015712 -0.056628 0.997908 -0.031180 -9.698187 -0.403672 0.005678 0.914886 198.155203
0.903059 0.067974 0.424104 -130.423599 -0.058895 0.997668 -0.034495 -9.772142 -0.425460 0.006174 0.904956 199.494141
0.891223 0.070798 0.448005 -129.818292 -0.061035 0.997479 -0.036213 -9.842808 -0.449440 0.004930 0.893297 200.814818
0.877802 0.076166 0.472930 -129.153009 -0.064893 0.997085 -0.040133 -9.921248 -0.474608 0.004539 0.880186 202.139840
0.864258 0.078890 0.496825 -128.453777 -0.065892 0.996871 -0.043667 -10.002464 -0.498715 0.005003 0.866752 203.441540
0.849704 0.082527 0.520761 -127.713866 -0.067949 0.996578 -0.047063 -10.092589 -0.522863 0.004605 0.852404 204.733238
0.834317 0.083062 0.544991 -126.937525 -0.066859 0.996532 -0.049528 -10.186666 -0.547215 0.004885 0.836978 206.007146
0.819424 0.084742 0.566889 -126.111297 -0.066169 0.996384 -0.053301 -10.293514 -0.569356 0.006166 0.822068 207.275648
0.803579 0.087060 0.588796 -125.253572 -0.064402 0.996155 -0.059398 -10.398624 -0.591703 0.009812 0.806096 208.499576
0.787464 0.088739 0.609939 -124.347149 -0.062411 0.995975 -0.064327 -10.518175 -0.613192 0.012588 0.789833 209.694393
0.771470 0.090492 0.629798 -123.430032 -0.061144 0.995797 -0.068183 -10.640466 -0.633321 0.014093 0.773761 210.865071
0.756960 0.091159 0.647072 -122.471488 -0.059072 0.995713 -0.071172 -10.771063 -0.650786 0.015650 0.759100 212.024939
0.739907 0.090530 0.666590 -121.471029 -0.056551 0.995766 -0.072465 -10.900204 -0.670329 0.015922 0.741894 213.169279
0.725319 0.092246 0.682205 -120.449616 -0.055642 0.995595 -0.075462 -11.039914 -0.686161 0.016775 0.727256 214.299814
0.711837 0.092189 0.696268 -119.421385 -0.052331 0.995554 -0.078314 -11.182051 -0.700393 0.019311 0.713496 215.398192
0.697159 0.094147 0.710707 -118.348593 -0.049800 0.995305 -0.082996 -11.332037 -0.715185 0.022468 0.698574 216.479783
0.681697 0.096315 0.725267 -117.252248 -0.048034 0.995050 -0.086993 -11.478640 -0.730056 0.024465 0.682949 217.551606
0.666666 0.097884 0.738901 -116.137194 -0.046833 0.994882 -0.089539 -11.637961 -0.743884 0.025088 0.667838 218.588503
0.651215 0.098336 0.752495 -114.998435 -0.046225 0.994868 -0.090006 -11.802651 -0.757484 0.023829 0.652419 219.602947
0.636104 0.099014 0.765224 -113.839618 -0.046932 0.994861 -0.089714 -11.966981 -0.770175 0.021154 0.637482 220.591889
0.617148 0.100708 0.780375 -112.647343 -0.049968 0.994790 -0.088862 -12.136598 -0.785259 0.015847 0.618965 221.553741
0.599513 0.100459 0.794036 -111.449332 -0.051065 0.994871 -0.087313 -12.307058 -0.798735 0.011798 0.601568 222.506246
0.580552 0.104088 0.807542 -110.241256 -0.054750 0.994541 -0.088831 -12.473033 -0.812380 0.007358 0.583082 223.430823
0.563783 0.106570 0.819018 -109.021025 -0.054389 0.994278 -0.091935 -12.644639 -0.824130 0.007286 0.566354 224.334293
0.543593 0.109318 0.832199 -107.796326 -0.056569 0.993999 -0.093622 -12.820444 -0.837441 0.003816 0.546515 225.187381
0.524685 0.107547 0.844476 -106.594336 -0.055858 0.994199 -0.091910 -12.986733 -0.849462 0.001053 0.527648 226.001315
0.503541 0.106338 0.857402 -105.374877 -0.056215 0.994326 -0.090306 -13.157597 -0.862141 -0.002726 0.506662 226.747371
0.483780 0.104241 0.868959 -104.126437 -0.056005 0.994534 -0.088125 -13.319927 -0.873396 -0.006033 0.486974 227.492140
0.459038 0.103603 0.882355 -102.866138 -0.056739 0.994568 -0.087260 -13.481065 -0.886603 -0.010008 0.462423 228.165812
0.439060 0.101930 0.892657 -101.603634 -0.054457 0.994736 -0.086802 -13.647303 -0.896806 -0.010500 0.442300 228.815944
0.419902 0.102092 0.901809 -100.351592 -0.054219 0.994700 -0.087363 -13.799821 -0.905948 -0.012212 0.423212 229.431904
0.397934 0.101180 0.911817 -99.095323 -0.050970 0.994803 -0.088144 -13.959007 -0.915997 -0.011400 0.401023 229.995239
0.377098 0.101431 0.920602 -97.841910 -0.048003 0.994789 -0.089942 -14.108778 -0.924929 -0.010274 0.380002 230.537484
0.357165 0.099563 0.928720 -96.598392 -0.044181 0.994991 -0.089676 -14.257631 -0.932996 -0.009002 0.359775 231.032981
0.334668 0.098177 0.937208 -95.330972 -0.043243 0.995110 -0.088801 -14.408408 -0.941344 -0.010809 0.337277 231.493030
0.315407 0.098494 0.943831 -94.065440 -0.041048 0.995084 -0.090125 -14.558257 -0.948068 -0.010317 0.317900 231.923727
0.295532 0.106742 0.949351 -92.825727 -0.043779 0.994208 -0.098157 -14.711269 -0.954329 -0.012553 0.298493 232.351964
0.276102 0.115810 0.954125 -91.605838 -0.044408 0.993191 -0.107701 -14.877811 -0.960102 -0.012634 0.279365 232.744994
0.257798 0.121745 0.958498 -90.386838 -0.045578 0.992458 -0.113800 -15.044113 -0.965123 -0.014349 0.261403 233.102090
0.237282 0.124312 0.963454 -89.153172 -0.049356 0.992040 -0.115845 -15.214983 -0.970186 -0.020064 0.241528 233.408694
0.216598 0.124869 0.968242 -87.928621 -0.051840 0.991858 -0.116318 -15.392154 -0.974884 -0.024999 0.221307 233.695551
0.197313 0.124952 0.972345 -86.692171 -0.054441 0.991710 -0.116393 -15.571444 -0.978828 -0.029969 0.202480 233.985172
0.176638 0.123589 0.976486 -85.490626 -0.054805 0.991782 -0.115611 -15.743006 -0.982749 -0.033095 0.181960 234.242743
0.158915 0.122719 0.979635 -84.307772 -0.054519 0.991822 -0.115402 -15.904048 -0.985786 -0.035070 0.164306 234.480755
0.140021 0.121717 0.982639 -83.117263 -0.052219 0.991942 -0.115429 -16.071012 -0.988771 -0.035150 0.145248 234.696584
0.122355 0.124094 0.984698 -81.936338 -0.053637 0.991529 -0.118290 -16.241613 -0.991036 -0.038343 0.127975 234.870224
0.102822 0.126185 0.986663 -80.733771 -0.054760 0.991135 -0.121051 -16.402629 -0.993192 -0.041583 0.108820 235.013378
0.085270 0.126535 0.988290 -79.529024 -0.055114 0.990983 -0.122125 -16.573815 -0.994833 -0.044055 0.091475 235.123770
0.067775 0.122111 0.990199 -78.357020 -0.053200 0.991512 -0.118632 -16.740538 -0.996281 -0.044639 0.073696 235.233735
0.054097 0.117403 0.991610 -77.199346 -0.049852 0.992143 -0.114746 -16.901955 -0.997291 -0.043226 0.059525 235.329836
0.039021 0.113452 0.992777 -76.057994 -0.050420 0.992492 -0.111438 -17.060156 -0.997966 -0.045708 0.044449 235.377159
0.030551 0.110880 0.993364 -74.932247 -0.046901 0.992892 -0.109385 -17.204138 -0.998432 -0.043248 0.035534 235.424569
0.018778 0.112051 0.993525 -73.774820 -0.046905 0.992705 -0.111072 -17.365603 -0.998723 -0.044515 0.023897 235.452109
0.011905 0.114409 0.993362 -72.649984 -0.046582 0.992418 -0.113742 -17.519222 -0.998844 -0.044919 0.017144 235.467152
0.004020 0.116656 0.993164 -71.541651 -0.050661 0.991921 -0.116305 -17.672888 -0.998708 -0.049848 0.009898 235.490181
-0.001769 0.122191 0.992505 -70.461848 -0.048023 0.991351 -0.122135 -17.819468 -0.998845 -0.047879 0.004115 235.526978
-0.006964 0.129840 0.991510 -69.399942 -0.050376 0.990230 -0.130026 -17.981086 -0.998706 -0.050854 -0.000355 235.538907
-0.010550 0.127880 0.991733 -68.334765 -0.050508 0.990455 -0.128253 -18.130958 -0.998668 -0.051444 -0.003990 235.541526
-0.013923 0.116451 0.993099 -67.274076 -0.048485 0.991948 -0.116995 -18.283329 -0.998727 -0.049780 -0.008165 235.534361
-0.015078 0.109230 0.993902 -66.226656 -0.047974 0.992791 -0.109836 -18.431367 -0.998735 -0.049337 -0.009729 235.514607
-0.015687 0.108246 0.994000 -65.186645 -0.047117 0.992938 -0.108874 -18.569372 -0.998766 -0.048542 -0.010476 235.499314
-0.016116 0.111148 0.993673 -64.148634 -0.048111 0.992565 -0.111804 -18.704590 -0.998712 -0.049608 -0.010648 235.495244
-0.015078 0.113668 0.993404 -63.121043 -0.045932 0.992390 -0.114249 -18.836809 -0.998831 -0.047352 -0.009742 235.501132
-0.014238 0.115423 0.993214 -62.105772 -0.049970 0.991992 -0.115997 -18.971785 -0.998649 -0.051282 -0.008356 235.505079
-0.010894 0.116607 0.993118 -61.091376 -0.051651 0.991786 -0.117017 -19.111812 -0.998606 -0.052570 -0.004782 235.516357
-0.007489 0.117406 0.993056 -60.096136 -0.053272 0.991627 -0.117639 -19.247820 -0.998552 -0.053783 -0.001171 235.513034
-0.002805 0.118746 0.992921 -59.098864 -0.056452 0.991322 -0.118714 -19.382875 -0.998402 -0.056385 0.003923 235.509432
0.001875 0.118727 0.992925 -58.101473 -0.057799 0.991280 -0.118421 -19.517599 -0.998327 -0.057168 0.008721 235.517344
0.008874 0.118110 0.992961 -57.125640 -0.058387 0.991367 -0.117399 -19.648821 -0.998255 -0.056934 0.015693 235.551210
0.015642 0.115727 0.993158 -56.146752 -0.057557 0.991737 -0.114655 -19.786998 -0.998220 -0.055370 0.022173 235.583128
0.025203 0.116520 0.992868 -55.140770 -0.054171 0.991884 -0.115030 -19.920159 -0.998214 -0.050886 0.031310 235.620341
0.030460 0.116442 0.992730 -54.143602 -0.055343 0.991864 -0.114643 -20.050399 -0.998003 -0.051449 0.036656 235.656904
0.036873 0.115961 0.992569 -53.175794 -0.056848 0.991880 -0.113769 -20.178498 -0.997702 -0.052231 0.043166 235.713835
0.042834 0.114623 0.992485 -52.217975 -0.059421 0.991931 -0.111995 -20.302231 -0.997314 -0.054177 0.049300 235.770148
0.051222 0.112555 0.992324 -51.261539 -0.058935 0.992238 -0.109503 -20.425626 -0.996947 -0.052874 0.057458 235.835162
0.057581 0.111709 0.992071 -50.292915 -0.059901 0.992316 -0.108260 -20.554092 -0.996542 -0.053192 0.063830 235.897260
0.064320 0.111996 0.991625 -49.327032 -0.058972 0.992372 -0.108255 -20.667897 -0.996185 -0.051515 0.070434 235.971029
0.071672 0.113915 0.990902 -48.339757 -0.057625 0.992270 -0.109904 -20.796061 -0.995762 -0.049223 0.077682 236.058010
0.079161 0.115273 0.990174 -47.343227 -0.056668 0.992206 -0.110979 -20.918316 -0.995250 -0.047326 0.085076 236.152989
0.084434 0.117219 0.989510 -46.373791 -0.063868 0.991651 -0.112022 -21.050222 -0.994380 -0.053739 0.091215 236.256383
0.091252 0.117321 0.988893 -45.430188 -0.062816 0.991736 -0.111862 -21.168107 -0.993845 -0.051911 0.097867 236.353782
0.097018 0.115941 0.988506 -44.503337 -0.065478 0.991784 -0.109899 -21.283886 -0.993127 -0.054063 0.103813 236.461005
0.103632 0.113123 0.988162 -43.574305 -0.063828 0.992220 -0.106894 -21.403826 -0.992566 -0.051995 0.110046 236.576112
0.109560 0.111984 0.987652 -42.644618 -0.066856 0.992213 -0.105085 -21.520382 -0.991729 -0.054517 0.116194 236.696944
