1.000000 0.000000 0.000000 0.000000 -0.000000 1.000000 0.000000 0.000000 -0.000000 0.000000 1.000000 0.000000
0.999910 -0.003770 0.012856 0.037735 0.003751 0.999992 0.001483 -0.011959 -0.012862 -0.001435 0.999916 0.345676
0.999810 -0.005622 0.018688 0.044251 0.005604 0.999984 0.001033 -0.014933 -0.018694 -0.000928 0.999825 0.644025
0.999798 -0.008022 0.018423 0.051884 0.008043 0.999967 -0.001017 -0.023686 -0.018415 0.001165 0.999830 0.976507
0.999837 -0.009357 0.015436 0.068907 0.009391 0.999954 -0.002148 -0.025412 -0.015415 0.002293 0.999879 1.301844
0.999889 -0.013403 0.006558 0.066880 0.013426 0.999904 -0.003517 -0.034201 -0.006510 0.003604 0.999972 1.632719
0.999883 -0.013144 -0.007771 0.062518 0.013106 0.999902 -0.004931 -0.031385 0.007835 0.004829 0.999958 1.968541
0.999622 -0.010277 -0.025501 0.034470 0.010161 0.999937 -0.004673 -0.044909 0.025547 0.004412 0.999664 2.289030
0.998954 -0.005501 -0.045405 -0.013956 0.005275 0.999973 -0.005103 -0.050738 0.045432 0.004858 0.998956 2.630194
0.997862 -0.002424 -0.065316 -0.067071 0.002024 0.999979 -0.006192 -0.058688 0.065330 0.006047 0.997845 2.976927
0.996330 -0.004255 -0.085488 -0.126969 0.003770 0.999976 -0.005839 -0.064516 0.085511 0.005495 0.996322 3.338625
0.994281 -0.005375 -0.106661 -0.173917 0.004854 0.999975 -0.005144 -0.068149 0.106686 0.004597 0.994282 3.721337
0.992104 -0.006015 -0.125275 -0.220020 0.005529 0.999976 -0.004226 -0.072883 0.125297 0.003500 0.992113 4.115458
0.989865 -0.004167 -0.141950 -0.290680 0.003730 0.999987 -0.003342 -0.080172 0.141962 0.002779 0.989868 4.520228
0.987641 -0.002986 -0.156707 -0.372326 0.002596 0.999993 -0.002694 -0.092302 0.156714 0.002254 0.987642 4.934582
0.985504 -0.003491 -0.169616 -0.458131 0.002997 0.999990 -0.003167 -0.101040 0.169626 0.002613 0.985505 5.353427
0.983440 -0.005702 -0.181144 -0.552276 0.004996 0.999978 -0.004353 -0.107090 0.181165 0.003376 0.983447 5.777157
0.981780 -0.008681 -0.189821 -0.655199 0.007570 0.999950 -0.006575 -0.113230 0.189869 0.005018 0.981797 6.230213
0.980242 -0.006091 -0.197711 -0.753220 0.004545 0.999955 -0.008268 -0.124671 0.197752 0.007206 0.980226 6.699495
0.978793 -0.006495 -0.204750 -0.849946 0.004515 0.999938 -0.010134 -0.130688 0.204804 0.008995 0.978762 7.164035
0.977001 -0.008062 -0.213081 -0.960690 0.005510 0.999906 -0.012565 -0.140539 0.213162 0.011102 0.976954 7.658001
0.975195 -0.013690 -0.220925 -1.089383 0.010864 0.999843 -0.014003 -0.152492 0.221082 0.011255 0.975190 8.172750
0.973256 -0.019804 -0.228868 -1.198569 0.016762 0.999744 -0.015231 -0.165867 0.229111 0.010987 0.973338 8.684620
0.971337 -0.016656 -0.237124 -1.313263 0.012707 0.999754 -0.018173 -0.186980 0.237368 0.014639 0.971309 9.219212
0.969359 -0.012611 -0.245323 -1.457934 0.007383 0.999726 -0.022221 -0.196874 0.245536 0.019729 0.969187 9.749953
0.967075 -0.010344 -0.254282 -1.625786 0.004132 0.999680 -0.024953 -0.220027 0.254459 0.023081 0.966808 10.297404
0.964705 -0.015185 -0.262894 -1.804353 0.008612 0.999621 -0.026135 -0.236718 0.263192 0.022948 0.964471 10.851116
0.962271 -0.016284 -0.271605 -1.962143 0.008940 0.999561 -0.028253 -0.261158 0.271945 0.024759 0.961994 11.413236
0.960292 -0.014315 -0.278630 -2.131850 0.005795 0.999491 -0.031380 -0.283651 0.278938 0.028519 0.959886 11.991301
0.957917 -0.014532 -0.286679 -2.310702 0.004720 0.999380 -0.034887 -0.314637 0.287008 0.032066 0.957391 12.581630
0.955738 -0.016441 -0.293759 -2.513582 0.004552 0.999144 -0.041110 -0.347382 0.294184 0.037953 0.954995 13.191243
0.953935 -0.017022 -0.299531 -2.728164 0.002362 0.998784 -0.049238 -0.384870 0.300005 0.046262 0.952815 13.821384
0.953134 -0.017591 -0.302035 -2.940319 0.000435 0.998387 -0.056775 -0.418836 0.302547 0.053983 0.951604 14.441321
0.951545 -0.016682 -0.307056 -3.154617 -0.003855 0.997802 -0.066158 -0.464052 0.307485 0.064136 0.949389 15.063805
0.950665 -0.016400 -0.309784 -3.355384 -0.006990 0.997216 -0.074244 -0.514436 0.310139 0.072747 0.947904 15.700277
0.948620 -0.015022 -0.316062 -3.583615 -0.010959 0.996713 -0.080264 -0.570537 0.316229 0.079603 0.945337 16.338770
0.947194 -0.013550 -0.320373 -3.822923 -0.014883 0.996172 -0.086135 -0.633643 0.320314 0.086354 0.943367 16.986032
0.945499 -0.011913 -0.325408 -4.056345 -0.019170 0.995561 -0.092146 -0.701988 0.325061 0.093362 0.941073 17.654681
0.944055 -0.009314 -0.329655 -4.301410 -0.023790 0.995074 -0.096242 -0.775325 0.328928 0.098700 0.939183 18.339649
0.942397 -0.006472 -0.334434 -4.560388 -0.028368 0.994664 -0.099187 -0.854528 0.333292 0.102961 0.937185 19.037292
0.940336 -0.006790 -0.340178 -4.836663 -0.028496 0.994717 -0.098624 -0.927726 0.339051 0.102434 0.935175 19.764134
0.938149 -0.005332 -0.346192 -5.131281 -0.030298 0.994782 -0.097425 -1.011709 0.344905 0.101887 0.933091 20.480612
0.935672 -0.005631 -0.352825 -5.428056 -0.030211 0.994923 -0.095996 -1.098702 0.351575 0.100480 0.930752 21.198470
0.932862 -0.005239 -0.360195 -5.703663 -0.030660 0.995111 -0.093878 -1.177588 0.358927 0.098619 0.928141 21.918254
0.929795 -0.004750 -0.368048 -5.992150 -0.029914 0.995634 -0.088422 -1.260530 0.366862 0.093224 0.925593 22.656335
0.926621 -0.002727 -0.375986 -6.296223 -0.030558 0.996119 -0.082537 -1.333395 0.374752 0.087970 0.922942 23.405366
0.922710 0.002024 -0.385488 -6.622957 -0.034450 0.996418 -0.077230 -1.409382 0.383951 0.084541 0.919475 24.164024
0.919172 0.004556 -0.393831 -6.963464 -0.037079 0.996493 -0.075012 -1.492302 0.392108 0.083552 0.916117 24.916155
0.915305 0.003415 -0.402747 -7.305620 -0.036075 0.996640 -0.073535 -1.562834 0.401143 0.081836 0.912353 25.670267
0.911346 0.005629 -0.411603 -7.656956 -0.039077 0.996574 -0.072893 -1.634526 0.409783 0.082515 0.908443 26.430959
0.907847 0.005334 -0.419268 -8.016599 -0.038644 0.996728 -0.070994 -1.692006 0.417518 0.080654 0.905082 27.201724
0.903485 0.005415 -0.428586 -8.386723 -0.038819 0.996845 -0.069238 -1.763913 0.426859 0.079192 0.900844 27.978086
0.900166 0.004494 -0.435523 -8.772789 -0.036967 0.997127 -0.066116 -1.835481 0.433975 0.075615 0.897746 28.758815
0.895358 0.007215 -0.445289 -9.179410 -0.038426 0.997391 -0.061104 -1.898491 0.443687 0.071821 0.893300 29.573422
0.892748 0.009049 -0.450465 -9.585469 -0.038339 0.997698 -0.055940 -1.964376 0.448922 0.067211 0.891040 30.373360
0.888509 0.009367 -0.458763 -10.002622 -0.037570 0.997920 -0.052387 -2.023595 0.457318 0.063782 0.887013 31.180917
0.885097 0.006981 -0.465355 -10.439118 -0.034565 0.998112 -0.050770 -2.085534 0.464122 0.061021 0.883667 32.002439
0.882367 0.009213 -0.470472 -10.887583 -0.036668 0.998114 -0.049225 -2.137758 0.469131 0.060685 0.881041 32.810900
0.878509 0.006357 -0.477683 -11.353307 -0.032696 0.998367 -0.046846 -2.189747 0.476605 0.056773 0.877282 33.627310
0.876068 0.007326 -0.482133 -11.823256 -0.033959 0.998339 -0.046538 -2.246145 0.480991 0.057143 0.874861 34.460257
0.873364 0.004780 -0.487044 -12.295503 -0.031466 0.998417 -0.046626 -2.303748 0.486050 0.056047 0.872132 35.299250
0.871753 0.003383 -0.489933 -12.776680 -0.029967 0.998472 -0.046427 -2.360775 0.489028 0.055155 0.870523 36.156713
0.869725 0.004624 -0.493515 -13.276729 -0.031427 0.998446 -0.046028 -2.411108 0.492535 0.055541 0.868519 37.027931
0.870299 0.005917 -0.492487 -13.781993 -0.032269 0.998464 -0.045028 -2.463820 0.491465 0.055080 0.869154 37.918357
0.870076 0.005122 -0.492892 -14.303327 -0.030677 0.998570 -0.043776 -2.524323 0.491963 0.053209 0.868989 38.808759
0.869862 0.003281 -0.493284 -14.819261 -0.028479 0.998644 -0.043577 -2.584833 0.492472 0.051954 0.868776 39.703412
0.868602 0.000277 -0.495510 -15.340648 -0.025276 0.998723 -0.043750 -2.638064 0.494865 0.050526 0.867500 40.616956
0.868181 -0.000947 -0.496247 -15.859887 -0.024074 0.998740 -0.044024 -2.692652 0.495664 0.050167 0.867064 41.541414
0.865018 -0.000217 -0.501741 -16.391865 -0.024144 0.998823 -0.042057 -2.756409 0.501160 0.048494 0.863995 42.482423
0.865147 0.001357 -0.501517 -16.943426 -0.022799 0.999069 -0.036627 -2.812478 0.501001 0.043122 0.864372 43.412080
0.860629 0.000099 -0.509232 -17.510611 -0.019396 0.999281 -0.032587 -2.869068 0.508863 0.037922 0.860012 44.331092
0.856573 -0.000810 -0.516025 -18.068989 -0.018792 0.999286 -0.032763 -2.929872 0.515683 0.037762 0.855947 45.253272
0.851462 -0.004735 -0.524395 -18.630022 -0.016140 0.999249 -0.035230 -2.980425 0.524168 0.038461 0.850746 46.144528
0.844545 -0.008076 -0.535423 -19.189522 -0.014119 0.999203 -0.037343 -3.030525 0.535298 0.039098 0.843758 47.023389
0.838956 -0.006329 -0.544162 -19.749384 -0.015587 0.999243 -0.035654 -3.092313 0.543975 0.038394 0.838222 47.922651
0.832727 -0.002106 -0.553679 -20.351602 -0.016658 0.999445 -0.028855 -3.131080 0.553433 0.033252 0.832230 48.808778
0.827973 0.002545 -0.560763 -20.973159 -0.020718 0.999446 -0.026054 -3.186207 0.560386 0.033190 0.827566 49.702370
0.825358 -0.000707 -0.564609 -21.585199 -0.019232 0.999384 -0.029365 -3.240000 0.564282 0.035095 0.824836 50.580612
0.821383 -0.003942 -0.570363 -22.222624 -0.019461 0.999200 -0.034931 -3.284686 0.570044 0.039792 0.820650 51.440340
0.818226 -0.005024 -0.574875 -22.854341 -0.022368 0.998926 -0.040566 -3.339295 0.574462 0.046051 0.817235 52.298705
0.815897 -0.004596 -0.578179 -23.473706 -0.022011 0.998997 -0.039003 -3.389220 0.577778 0.044549 0.814977 53.140930
0.811166 -0.000448 -0.584816 -24.095199 -0.024411 0.999102 -0.034626 -3.447066 0.584307 0.042363 0.810427 54.012828
0.808929 0.000326 -0.587906 -24.705345 -0.021866 0.999325 -0.029532 -3.507501 0.587500 0.036745 0.808390 54.866739
0.805780 0.001731 -0.592212 -25.341784 -0.022533 0.999361 -0.027737 -3.559256 0.591786 0.035694 0.805305 55.729374
0.802399 0.001445 -0.596786 -25.989225 -0.022876 0.999337 -0.028338 -3.603070 0.596349 0.036390 0.801900 56.593777
0.799311 -0.000803 -0.600917 -26.655798 -0.021990 0.999290 -0.030586 -3.652481 0.600516 0.037662 0.798726 57.474553
0.796074 -0.002149 -0.605195 -27.310368 -0.021445 0.999266 -0.031758 -3.693494 0.604819 0.038260 0.795444 58.341074
0.790249 -0.003057 -0.612778 -27.986004 -0.021077 0.999260 -0.032165 -3.750407 0.612423 0.038334 0.789600 59.190622
0.786482 -0.001398 -0.617611 -28.663627 -0.022502 0.999269 -0.030916 -3.799812 0.617203 0.038212 0.785875 60.035023
0.780410 -0.002590 -0.625263 -29.361182 -0.020559 0.999344 -0.029799 -3.847269 0.624930 0.036110 0.779845 60.869244
0.775297 -0.004670 -0.631580 -30.039213 -0.019830 0.999300 -0.031731 -3.905048 0.631286 0.037125 0.774661 61.689337
0.770316 -0.004494 -0.637646 -30.726639 -0.021011 0.999253 -0.032425 -3.954765 0.637316 0.038375 0.769647 62.519413
0.764878 -0.005727 -0.644150 -31.419044 -0.019975 0.999269 -0.032603 -4.003521 0.643866 0.037804 0.764204 63.349911
0.759054 -0.006388 -0.650996 -32.128083 -0.020839 0.999201 -0.034103 -4.056976 0.650694 0.039453 0.758315 64.165529
0.753248 -0.009723 -0.657665 -32.854235 -0.017866 0.999219 -0.035236 -4.116780 0.657494 0.038291 0.752486 64.984235
0.746878 -0.009584 -0.664892 -33.599544 -0.017434 0.999270 -0.033987 -4.162595 0.664733 0.036976 0.746166 65.817110
0.740100 -0.009429 -0.672430 -34.348454 -0.017112 0.999314 -0.032847 -4.219861 0.672279 0.035816 0.739431 66.625464
0.733966 -0.010517 -0.679104 -35.113788 -0.015473 0.999362 -0.032200 -4.278920 0.679010 0.034142 0.733335 67.448078
0.728035 -0.011042 -0.685451 -35.883958 -0.016483 0.999299 -0.033605 -4.329990 0.685342 0.035764 0.727343 68.287357
0.720978 -0.014023 -0.692816 -36.678918 -0.013441 0.999324 -0.034214 -4.387781 0.692828 0.033979 0.720302 69.098733
0.715364 -0.010664 -0.698671 -37.479012 -0.018022 0.999269 -0.033704 -4.439660 0.698520 0.036702 0.714649 69.898892
0.710579 -0.011658 -0.703521 -38.274263 -0.016821 0.999296 -0.033548 -4.494040 0.703417 0.035673 0.709882 70.690989
0.706341 -0.011883 -0.707771 -39.074362 -0.016309 0.999321 -0.033053 -4.546253 0.707684 0.034890 0.705668 71.472386
0.700056 -0.010142 -0.714016 -39.895074 -0.020333 0.999211 -0.034128 -4.593885 0.713799 0.038410 0.699297 72.257590
0.695249 -0.013508 -0.718642 -40.725130 -0.019020 0.999128 -0.037180 -4.662813 0.718518 0.039518 0.694385 73.051334
0.690072 -0.015241 -0.723580 -41.563670 -0.018511 0.999080 -0.038697 -4.716790 0.723504 0.040098 0.689155 73.844851
0.685393 -0.015218 -0.728015 -42.420861 -0.018602 0.999089 -0.038397 -4.773304 0.727936 0.039859 0.684485 74.627614
0.680817 -0.015328 -0.732293 -43.280902 -0.016771 0.999193 -0.036507 -4.830470 0.732261 0.037136 0.680011 75.402588
0.675124 -0.014605 -0.737560 -44.143060 -0.017803 0.999190 -0.036082 -4.893922 0.737490 0.037490 0.674317 76.199018
0.670603 -0.016477 -0.741634 -45.011105 -0.016041 0.999197 -0.036705 -4.953402 0.741643 0.036511 0.669800 76.995773
0.665313 -0.016447 -0.746383 -45.895946 -0.016398 0.999194 -0.036634 -5.008463 0.746385 0.036613 0.664507 77.764356
0.661886 -0.017052 -0.749410 -46.784088 -0.015473 0.999217 -0.036401 -5.073641 0.749445 0.035689 0.661104 78.547844
0.657447 -0.018509 -0.753273 -47.689921 -0.012954 0.999273 -0.035860 -5.133565 0.753390 0.033334 0.656729 79.328818
0.654596 -0.020683 -0.755696 -48.582904 -0.011488 0.999238 -0.037300 -5.189839 0.755892 0.033098 0.653859 80.095388
0.649754 -0.025850 -0.759705 -49.491775 -0.007269 0.999165 -0.040215 -5.260251 0.760110 0.031653 0.649023 80.860298
0.643868 -0.029729 -0.764559 -50.395415 -0.002164 0.999170 -0.040673 -5.320650 0.765134 0.027843 0.643269 81.622401
0.637334 -0.032935 -0.769884 -51.317791 0.002293 0.999163 -0.040845 -5.382987 0.770585 0.024267 0.636876 82.384133
0.626829 -0.037003 -0.778278 -52.246965 0.008047 0.999126 -0.041022 -5.456158 0.779116 0.019451 0.626579 83.152022
0.619227 -0.035656 -0.784402 -53.195524 0.007423 0.999190 -0.039559 -5.517334 0.785177 0.018674 0.618990 83.913477
0.610712 -0.034893 -0.791084 -54.174969 0.009717 0.999284 -0.036575 -5.584353 0.791794 0.014649 0.610613 84.662883
0.600335 -0.035605 -0.798956 -55.167011 0.010127 0.999267 -0.036922 -5.650638 0.799685 0.014075 0.600255 85.394118
0.592161 -0.037259 -0.804958 -56.163348 0.010248 0.999198 -0.038711 -5.705604 0.805755 0.014674 0.592068 86.129073
0.580192 -0.039289 -0.813531 -57.166458 0.009173 0.999088 -0.041708 -5.779804 0.814428 0.016736 0.580024 86.826767
0.570858 -0.040359 -0.820056 -58.180782 0.011757 0.999091 -0.040986 -5.844876 0.820965 0.013755 0.570813 87.537697
0.561041 -0.040397 -0.826801 -59.186576 0.013069 0.999116 -0.039947 -5.915108 0.827685 0.011606 0.561073 88.218069
0.551188 -0.040213 -0.833411 -60.211990 0.014116 0.999144 -0.038874 -5.977830 0.834262 0.009663 0.551284 88.908108
0.541375 -0.040562 -0.839802 -61.246606 0.014185 0.999134 -0.039114 -6.048804 0.840661 0.009263 0.541482 89.585715
0.530450 -0.041750 -0.846687 -62.308211 0.013559 0.999077 -0.040769 -6.114239 0.847608 0.010146 0.530527 90.258816
0.520222 -0.041489 -0.853023 -63.385027 0.010683 0.999057 -0.042077 -6.178656 0.853964 0.012776 0.520175 90.900847
0.510817 -0.042732 -0.858627 -64.467854 0.011321 0.999012 -0.042984 -6.254481 0.859615 0.012236 0.510796 91.541973
0.500903 -0.041745 -0.864496 -65.561975 0.008930 0.999032 -0.043068 -6.328185 0.865457 0.013853 0.500791 92.175930
0.493948 -0.038989 -0.868617 -66.658086 0.008120 0.999157 -0.040231 -6.398578 0.869454 0.012819 0.493849 92.803710
0.486194 -0.038158 -0.873017 -67.769459 0.010697 0.999231 -0.037717 -6.462338 0.873785 0.008999 0.486229 93.393357
0.477981 -0.039299 -0.877490 -68.890767 0.010873 0.999187 -0.038826 -6.525709 0.878303 0.009017 0.478020 93.967016
0.469869 -0.042969 -0.881689 -70.009136 0.014078 0.999052 -0.041186 -6.599913 0.882624 0.006939 0.470029 94.562712
0.463785 -0.045917 -0.884757 -71.132792 0.016567 0.998931 -0.043158 -6.670177 0.885793 0.005359 0.464050 95.152034
0.458592 -0.047366 -0.887384 -72.272483 0.013947 0.998839 -0.046107 -6.743942 0.888538 0.008768 0.458720 95.755252
0.452269 -0.050356 -0.890459 -73.407618 0.017602 0.998714 -0.047538 -6.826897 0.891708 0.005826 0.452574 96.318961
0.449301 -0.049021 -0.892034 -74.554551 0.018073 0.998788 -0.045785 -6.905283 0.893198 0.004449 0.449642 96.907148
0.443817 -0.046779 -0.894896 -75.704215 0.021187 0.998905 -0.041708 -6.982758 0.895867 -0.000449 0.444322 97.476642
0.441345 -0.045477 -0.896184 -76.855028 0.023871 0.998957 -0.038936 -7.058202 0.897020 -0.004209 0.441970 98.030304
0.438154 -0.045400 -0.897752 -77.994548 0.026283 0.998944 -0.037690 -7.127652 0.898516 -0.007082 0.438885 98.582540
0.435980 -0.045479 -0.898806 -79.123605 0.027874 0.998926 -0.037025 -7.206757 0.899525 -0.008911 0.436779 99.115993
0.432467 -0.044277 -0.900562 -80.257915 0.030797 0.998936 -0.034325 -7.276734 0.901124 -0.012891 0.433370 99.652467
0.430614 -0.043752 -0.901475 -81.370098 0.032617 0.998926 -0.032901 -7.338066 0.901947 -0.015236 0.431579 100.190428
0.428515 -0.045189 -0.902404 -82.473189 0.036069 0.998808 -0.032889 -7.406772 0.902815 -0.018455 0.429634 100.724330
0.427250 -0.043783 -0.903073 -83.567101 0.035107 0.998877 -0.031818 -7.460235 0.903452 -0.018110 0.428307 101.254982
0.424446 -0.042600 -0.904450 -84.668358 0.039401 0.998815 -0.028554 -7.523507 0.904596 -0.023516 0.425622 101.782002
0.422691 -0.042474 -0.905278 -85.770236 0.041311 0.998766 -0.027572 -7.583483 0.905332 -0.025744 0.423924 102.294039
0.422142 -0.043221 -0.905499 -86.842178 0.042488 0.998708 -0.027862 -7.639859 0.905534 -0.026711 0.423433 102.789625
0.419973 -0.044260 -0.906456 -87.925822 0.043139 0.998655 -0.028775 -7.705426 0.906511 -0.027019 0.421318 103.279509
0.418957 -0.044836 -0.906898 -88.991019 0.041819 0.998673 -0.030054 -7.769014 0.907043 -0.025334 0.420276 103.757892
0.421013 -0.045498 -0.905913 -90.042376 0.042129 0.998644 -0.030576 -7.829774 0.906076 -0.025292 0.422358 104.242994
0.423314 -0.045104 -0.904860 -91.073136 0.040419 0.998706 -0.030873 -7.888681 0.905081 -0.023504 0.424589 104.703592
0.428445 -0.045062 -0.902443 -92.093883 0.037609 0.998779 -0.032016 -7.946891 0.902785 -0.020223 0.429617 105.180188
0.434486 -0.045319 -0.899538 -93.114724 0.036081 0.998807 -0.032893 -8.007997 0.899956 -0.018165 0.435603 105.650849
0.440752 -0.046615 -0.896417 -94.111153 0.038757 0.998708 -0.032879 -8.076975 0.896792 -0.020251 0.441989 106.114566
0.446942 -0.043151 -0.893522 -95.082737 0.033776 0.998938 -0.031347 -8.123871 0.893925 -0.016170 0.447924 106.576378
0.455002 -0.041324 -0.889531 -96.048789 0.031667 0.999042 -0.030213 -8.172398 0.889927 -0.014421 0.455875 107.076410
0.464482 -0.041718 -0.884599 -97.012803 0.032947 0.999012 -0.029814 -8.225153 0.884970 -0.015297 0.465398 107.596422
0.473345 -0.041812 -0.879884 -97.978985 0.033367 0.999007 -0.029523 -8.282999 0.880245 -0.015385 0.474270 108.103862
0.483803 -0.042537 -0.874142 -98.959769 0.030566 0.999030 -0.031697 -8.337408 0.874643 -0.011384 0.484634 108.637918
0.494616 -0.044345 -0.867979 -99.917534 0.029673 0.998977 -0.034129 -8.392427 0.868605 -0.008875 0.495426 109.170280
0.506093 -0.044188 -0.861346 -100.870781 0.027603 0.999005 -0.035031 -8.451735 0.862037 -0.006047 0.506809 109.710945
0.518342 -0.041152 -0.854183 -101.819238 0.024328 0.999147 -0.033373 -8.503965 0.854827 -0.003482 0.518901 110.266882
0.532017 -0.038313 -0.845866 -102.727004 0.022261 0.999263 -0.031260 -8.565288 0.846441 -0.002199 0.532478 110.825337
0.543766 -0.037102 -0.838416 -103.646136 0.023239 0.999305 -0.029150 -8.620246 0.838915 -0.003634 0.544250 111.399595
0.554262 -0.036792 -0.831528 -104.549995 0.022610 0.999319 -0.029146 -8.672649 0.832035 -0.002646 0.554717 111.995283
0.565299 -0.037122 -0.824050 -105.432082 0.021882 0.999310 -0.030006 -8.723592 0.824596 -0.001069 0.565721 112.590273
0.576617 -0.038731 -0.816096 -106.274890 0.023638 0.999248 -0.030722 -8.773666 0.816673 -0.001576 0.577099 113.204524
0.587836 -0.039677 -0.808007 -107.128081 0.024631 0.999211 -0.031146 -8.821200 0.808605 -0.001594 0.588349 113.835623
0.598505 -0.039095 -0.800164 -107.977455 0.024577 0.999234 -0.030439 -8.879909 0.800742 -0.001448 0.599008 114.466477
0.609956 -0.036024 -0.791616 -108.818181 0.023256 0.999350 -0.027558 -8.931819 0.792094 -0.001600 0.610397 115.104289
0.619056 -0.033067 -0.784650 -109.619515 0.022261 0.999451 -0.024557 -8.979846 0.785031 -0.002265 0.619452 115.725379
0.628986 -0.033464 -0.776696 -110.389242 0.023200 0.999436 -0.024273 -9.027664 0.777071 -0.002752 0.629407 116.347462
0.638952 -0.033726 -0.768507 -111.159690 0.022094 0.999431 -0.025491 -9.077110 0.768929 -0.000692 0.639334 116.979953
0.648628 -0.032049 -0.760431 -111.917308 0.018220 0.999481 -0.026583 -9.120914 0.760888 0.003387 0.648875 117.603756
0.657258 -0.031166 -0.753021 -112.654973 0.018704 0.999511 -0.025042 -9.165273 0.753434 0.002374 0.657520 118.246316
0.666464 -0.028346 -0.744998 -113.383006 0.016855 0.999594 -0.022955 -9.211873 0.745346 0.002742 0.666672 118.883053
0.674802 -0.027314 -0.737493 -114.094484 0.018099 0.999627 -0.020462 -9.247962 0.737777 0.000460 0.675044 119.528664
0.682193 -0.026215 -0.730702 -114.796860 0.016153 0.999654 -0.020783 -9.296487 0.730994 0.002375 0.682380 120.203616
0.690272 -0.026273 -0.723073 -115.502373 0.016705 0.999653 -0.020376 -9.338219 0.723357 0.001986 0.690471 120.862004
0.697527 -0.023260 -0.716181 -116.188826 0.013441 0.999722 -0.019378 -9.375820 0.716433 0.003891 0.697645 121.525041
0.705758 -0.020984 -0.708142 -116.860380 0.014198 0.999779 -0.015476 -9.405778 0.708311 0.000868 0.705900 122.179745
0.712048 -0.018593 -0.701884 -117.514448 0.013172 0.999827 -0.013123 -9.436946 0.702007 0.000099 0.712170 122.835834
0.720090 -0.018648 -0.693630 -118.146327 0.013719 0.999826 -0.012638 -9.481580 0.693746 -0.000416 0.720220 123.488661
0.727824 -0.017217 -0.685548 -118.772977 0.011642 0.999851 -0.012751 -9.510613 0.685665 0.001299 0.727916 124.153901
0.735759 -0.013653 -0.677106 -119.393426 0.009062 0.999906 -0.010314 -9.539003 0.677183 0.001452 0.735813 124.805673
0.745370 -0.010592 -0.666567 -119.982810 0.008106 0.999944 -0.006824 -9.565257 0.666602 -0.000316 0.745414 125.459171
0.753937 -0.006574 -0.656913 -120.554285 0.004713 0.999978 -0.004599 -9.592564 0.656930 0.000372 0.753952 126.121018
0.765092 -0.004961 -0.643902 -121.119539 0.003149 0.999987 -0.003963 -9.618129 0.643914 0.001005 0.765098 126.792532
0.774626 -0.005637 -0.632394 -121.676343 0.002554 0.999980 -0.005786 -9.644694 0.632414 0.002867 0.774625 127.447824
0.784556 -0.005923 -0.620029 -122.210580 0.002378 0.999976 -0.006543 -9.663704 0.620053 0.003659 0.784551 128.093890
0.793524 -0.004433 -0.608523 -122.723447 0.001085 0.999982 -0.005869 -9.682491 0.608538 0.003997 0.793514 128.766650
0.804091 -0.002312 -0.594502 -123.223091 0.000510 0.999995 -0.003199 -9.700022 0.594506 0.002269 0.804088 129.427352
0.814031 -0.000121 -0.580822 -123.696030 -0.000438 1.000000 -0.000823 -9.721725 0.580822 0.000924 0.814030 130.123185
0.823116 0.000748 -0.567872 -124.161278 0.000218 0.999999 0.001633 -9.735965 0.567873 -0.001468 0.823115 130.811256
0.831443 0.003041 -0.555602 -124.617801 -0.000952 0.999991 0.004050 -9.751749 0.555610 -0.002838 0.831438 131.526676
0.839900 0.002619 -0.542734 -125.069751 0.000696 0.999982 0.005903 -9.764744 0.542740 -0.005335 0.839884 132.238259
0.846663 0.002393 -0.532124 -125.516990 0.001795 0.999971 0.007353 -9.768381 0.532127 -0.007181 0.846634 132.956958
0.853245 0.002940 -0.521501 -125.960546 0.000888 0.999974 0.007090 -9.779837 0.521509 -0.006513 0.853221 133.693769
0.859653 0.004411 -0.510859 -126.397604 -0.000467 0.999969 0.007849 -9.789037 0.510878 -0.006509 0.859629 134.419725
0.866560 0.005599 -0.499041 -126.820788 -0.001594 0.999963 0.008451 -9.796254 0.499070 -0.006527 0.866537 135.155524
0.872486 0.006259 -0.488600 -127.256577 -0.002223 0.999958 0.008839 -9.804842 0.488635 -0.006626 0.872463 135.885907
0.877593 0.004961 -0.479381 -127.675101 -0.001298 0.999967 0.007972 -9.813080 0.479405 -0.006374 0.877571 136.626066
0.882754 0.004054 -0.469817 -128.071358 -0.000661 0.999972 0.007387 -9.819257 0.469834 -0.006210 0.882733 137.377673
0.886635 0.003764 -0.462455 -128.470774 -0.000448 0.999973 0.007279 -9.823862 0.462470 -0.006247 0.886613 138.137297
0.889679 0.005138 -0.456557 -128.865561 -0.001310 0.999961 0.008700 -9.831181 0.456584 -0.007142 0.889652 138.909292
0.893153 0.008056 -0.449680 -129.268467 -0.002530 0.999914 0.012888 -9.836149 0.449745 -0.010373 0.893097 139.698876
0.895977 0.012738 -0.443918 -129.661722 -0.005942 0.999843 0.016697 -9.837067 0.444061 -0.012323 0.895912 140.509183
0.899724 0.014695 -0.436211 -130.050437 -0.007114 0.999794 0.019008 -9.838814 0.436401 -0.013999 0.899644 141.333588
0.903019 0.017327 -0.429252 -130.456238 -0.009215 0.999738 0.020968 -9.832240 0.429503 -0.014979 0.902941 142.171791
0.906006 0.018590 -0.422856 -130.866164 -0.009526 0.999678 0.023538 -9.824382 0.423158 -0.017297 0.905891 143.017963
0.909295 0.019712 -0.415686 -131.274930 -0.009772 0.999613 0.026026 -9.816383 0.416038 -0.019604 0.909136 143.889348
0.912813 0.019462 -0.407914 -131.662925 -0.008940 0.999577 0.027686 -9.804423 0.408280 -0.021626 0.912601 144.765649
0.916084 0.019352 -0.400518 -132.053168 -0.008825 0.999566 0.028110 -9.793930 0.400888 -0.022217 0.915858 145.646005
0.920134 0.017243 -0.391223 -132.427974 -0.007063 0.999598 0.027446 -9.782093 0.391539 -0.022491 0.919886 146.545218
0.924118 0.015725 -0.381783 -132.815549 -0.005777 0.999614 0.027190 -9.764011 0.382063 -0.022922 0.923852 147.461200
0.927764 0.013670 -0.372916 -133.198537 -0.004475 0.999665 0.025511 -9.755098 0.373140 -0.021999 0.927514 148.378793
0.932646 0.013864 -0.360525 -133.566607 -0.005653 0.999700 0.023821 -9.746903 0.360747 -0.020179 0.932445 149.331746
0.938155 0.016599 -0.345817 -133.932251 -0.009024 0.999683 0.023503 -9.731416 0.346098 -0.018928 0.938008 150.312859
0.944226 0.021127 -0.328619 -134.294266 -0.013518 0.999585 0.025423 -9.719525 0.329020 -0.019562 0.944120 151.290447
0.950603 0.024465 -0.309444 -134.630973 -0.016574 0.999468 0.028103 -9.704650 0.309967 -0.021586 0.950502 152.280929
0.957085 0.026629 -0.288582 -134.958957 -0.018958 0.999390 0.029345 -9.688124 0.289187 -0.022614 0.957005 153.295308
0.963033 0.029002 -0.267819 -135.255569 -0.021799 0.999317 0.029828 -9.673469 0.268502 -0.022887 0.963007 154.324295
0.968666 0.028787 -0.246693 -135.536212 -0.021675 0.999269 0.031496 -9.661205 0.247420 -0.025162 0.968582 155.374824
0.974034 0.030899 -0.224282 -135.780868 -0.023865 0.999137 0.034008 -9.644297 0.225139 -0.027773 0.973931 156.457102
0.978908 0.032579 -0.201689 -136.000283 -0.025452 0.998960 0.037831 -9.618113 0.202711 -0.031900 0.978719 157.546576
0.982992 0.035962 -0.180091 -136.219680 -0.028850 0.998703 0.041961 -9.589349 0.181367 -0.036052 0.982754 158.660153
0.986929 0.036494 -0.156971 -136.429209 -0.029962 0.998592 0.043776 -9.563138 0.158348 -0.038500 0.986632 159.785231
0.990174 0.037677 -0.134670 -136.611818 -0.032258 0.998588 0.042204 -9.532845 0.136070 -0.037445 0.989991 160.915948
0.992885 0.036876 -0.113227 -136.760108 -0.032460 0.998648 0.040601 -9.489229 0.114571 -0.036637 0.992739 162.053649
0.995029 0.036697 -0.092576 -136.879163 -0.033089 0.998643 0.040209 -9.465666 0.093926 -0.036946 0.994893 163.188312
0.996692 0.036611 -0.072563 -136.958078 -0.033642 0.998562 0.041733 -9.436333 0.073986 -0.039154 0.996490 164.376279
0.997980 0.036309 -0.052129 -137.015520 -0.034068 0.998483 0.043249 -9.401637 0.053621 -0.041386 0.997703 165.595643
0.998839 0.036869 -0.030990 -137.054639 -0.035501 0.998418 0.043607 -9.375713 0.032548 -0.042456 0.998568 166.829454
0.999179 0.038903 -0.011269 -137.083752 -0.038373 0.998299 0.043897 -9.336481 0.012958 -0.043428 0.998973 168.067342
0.999172 0.039433 0.010048 -137.094538 -0.039840 0.998228 0.044197 -9.296714 -0.008288 -0.044561 0.998972 169.285669
0.998690 0.041247 0.030295 -137.085039 -0.042539 0.998155 0.043334 -9.262740 -0.028452 -0.044566 0.998601 170.517984
0.997907 0.041509 0.049586 -137.024427 -0.043567 0.998202 0.041165 -9.233332 -0.047788 -0.043240 0.997921 171.752295
0.996738 0.042028 0.068895 -136.941111 -0.044780 0.998239 0.038907 -9.194200 -0.067138 -0.041865 0.996865 173.023821
0.995158 0.044076 0.087854 -136.865170 -0.047372 0.998236 0.035780 -9.166046 -0.086122 -0.039768 0.995491 174.314677
0.993333 0.043732 0.106667 -136.749395 -0.047600 0.998288 0.033987 -9.135595 -0.104998 -0.038838 0.993714 175.619308
0.991016 0.044649 0.126072 -136.599821 -0.048754 0.998370 0.029663 -9.111629 -0.124542 -0.035543 0.991578 176.926283
0.988500 0.044466 0.144535 -136.415399 -0.048297 0.998566 0.023101 -9.102935 -0.143301 -0.029816 0.989230 178.240734
0.985682 0.047782 0.161700 -136.214776 -0.051108 0.998557 0.016468 -9.092388 -0.160680 -0.024497 0.986702 179.551615
0.982740 0.048767 0.178451 -135.989785 -0.051740 0.998588 0.012043 -9.092310 -0.177611 -0.021068 0.983875 180.869206
0.978958 0.052322 0.197238 -135.721758 -0.054912 0.998462 0.007681 -9.101047 -0.196533 -0.018350 0.980326 182.209494
0.975384 0.053008 0.214047 -135.441955 -0.055472 0.998445 0.005518 -9.113217 -0.213422 -0.017255 0.976808 183.535885
0.971358 0.051933 0.231875 -135.146489 -0.054783 0.998481 0.005864 -9.124558 -0.231218 -0.018399 0.972728 184.861460
0.967264 0.050657 0.248664 -134.822216 -0.053217 0.998577 0.003580 -9.139863 -0.248128 -0.016696 0.968583 186.204292
0.962805 0.050544 0.265429 -134.476896 -0.051747 0.998657 -0.002465 -9.162873 -0.265197 -0.011362 0.964127 187.542422
0.958347 0.052488 0.280741 -134.096373 -0.053100 0.998574 -0.005431 -9.187230 -0.280626 -0.009702 0.959768 188.878107
0.952938 0.054467 0.298231 -133.693466 -0.055448 0.998448 -0.005177 -9.208811 -0.298050 -0.011603 0.954480 190.228792
0.947113 0.056953 0.315805 -133.254354 -0.057714 0.998309 -0.006950 -9.252239 -0.315667 -0.011644 0.948799 191.578149
0.940931 0.059615 0.333309 -132.804485 -0.059209 0.998181 -0.011384 -9.276753 -0.333382 -0.009023 0.942749 192.929522
0.934758 0.059132 0.350329 -132.333347 -0.057865 0.998225 -0.014093 -9.312488 -0.350541 -0.007098 0.936520 194.292538
0.928184 0.060953 0.367094 -131.823124 -0.058289 0.998131 -0.018349 -9.358745 -0.367527 -0.004366 0.930003 195.652226
0.921015 0.061566 0.384632 -131.284848 -0.056503 0.998103 -0.024461 -9.415808 -0.385408 0.000796 0.922746 197.008865
0.912342 0.064975 0.404240 -130.733735 -0.057757 0.997879 -0.030038 -9.469249 -0.405334 0.004057 0.914160 198.338087
0.901773 0.068562 0.426737 -130.143175 -0.060218 0.997638 -0.033035 -9.535878 -0.427995 0.004093 0.903772 199.658804
0.889873 0.071300 0.450601 -129.513039 -0.062227 0.997450 -0.034940 -9.606694 -0.451944 0.003053 0.892041 200.985923
0.876908 0.075848 0.474636 -128.848203 -0.065232 0.997115 -0.038822 -9.689352 -0.476211 0.003082 0.879326 202.290262
0.862995 0.079381 0.498937 -128.133417 -0.067209 0.996840 -0.042348 -9.767852 -0.500722 0.003013 0.865603 203.597226
0.848238 0.083168 0.523044 -127.382674 -0.069388 0.996532 -0.045927 -9.857970 -0.525050 0.002664 0.851067 204.889110
0.833189 0.083651 0.546625 -126.613451 -0.068203 0.996490 -0.048535 -9.952409 -0.548766 0.003157 0.835970 206.160887
0.817585 0.085216 0.569467 -125.781424 -0.067381 0.996353 -0.052357 -10.056742 -0.571852 0.004435 0.820345 207.438106
0.802042 0.087124 0.590879 -124.921980 -0.065333 0.996165 -0.058201 -10.156544 -0.593684 0.008076 0.804658 208.659161
0.786072 0.088618 0.611750 -124.029134 -0.063266 0.996007 -0.062988 -10.272801 -0.614889 0.010810 0.788539 209.851770
0.769748 0.090989 0.631830 -123.098860 -0.062699 0.995780 -0.067015 -10.391990 -0.635262 0.011970 0.772204 211.031231
0.754735 0.091413 0.649630 -122.143379 -0.060457 0.995722 -0.069875 -10.521040 -0.653239 0.013462 0.757033 212.182422
0.739248 0.091377 0.667204 -121.131927 -0.058372 0.995717 -0.071694 -10.656326 -0.670898 0.014054 0.741416 213.313969
0.724334 0.091561 0.683342 -120.091285 -0.055920 0.995679 -0.074137 -10.792860 -0.687178 0.015488 0.726324 214.440376
0.708399 0.092451 0.699731 -119.043256 -0.053675 0.995570 -0.077199 -10.930766 -0.703769 0.017129 0.710223 215.548098
0.694850 0.094510 0.712917 -117.982417 -0.051365 0.995317 -0.081884 -11.077833 -0.717318 0.020279 0.696451 216.635844
0.680094 0.096181 0.726789 -116.894478 -0.048959 0.995102 -0.085875 -11.222866 -0.731489 0.022821 0.681472 217.692210
0.665793 0.097244 0.739772 -115.780009 -0.047375 0.994980 -0.088155 -11.377552 -0.744631 0.023646 0.667058 218.734281
0.649437 0.098618 0.753993 -114.629600 -0.047782 0.994888 -0.088969 -11.541969 -0.758913 0.021752 0.650829 219.755670
0.633197 0.099091 0.767621 -113.466091 -0.048220 0.994895 -0.088654 -11.707074 -0.772487 0.019121 0.634743 220.745829
0.615831 0.100916 0.781388 -112.294817 -0.051566 0.994799 -0.087838 -11.874423 -0.786189 0.013800 0.617832 221.711985
0.597438 0.100648 0.795574 -111.098288 -0.052758 0.994876 -0.086243 -12.039453 -0.800178 0.009552 0.599687 222.639071
0.579568 0.104068 0.808252 -109.894259 -0.056349 0.994556 -0.087651 -12.198900 -0.812974 0.005256 0.582277 223.559071
0.561333 0.106863 0.820661 -108.675684 -0.056076 0.994260 -0.091113 -12.378595 -0.825688 0.005125 0.564104 224.451356
0.542178 0.109481 0.833101 -107.455498 -0.057891 0.993987 -0.092948 -12.553026 -0.838267 0.002165 0.545255 225.296837
0.522299 0.108336 0.845853 -106.237675 -0.058187 0.994113 -0.091395 -12.713963 -0.850775 -0.001482 0.525528 226.103278
0.500652 0.106591 0.859061 -104.999553 -0.058013 0.994290 -0.089561 -12.885921 -0.863703 -0.004998 0.503977 226.855794
0.480776 0.104715 0.870568 -103.756921 -0.057879 0.994468 -0.087654 -13.049759 -0.874931 -0.008245 0.484177 227.594228
0.457025 0.103948 0.883359 -102.505207 -0.058810 0.994506 -0.086601 -13.206411 -0.887507 -0.012371 0.460628 228.279546
0.437103 0.101748 0.893638 -101.250019 -0.055929 0.994732 -0.085903 -13.362606 -0.897671 -0.012432 0.440491 228.936368
0.417226 0.102292 0.903027 -100.005712 -0.056296 0.994646 -0.086660 -13.514692 -0.907058 -0.014681 0.420751 229.538579
0.395367 0.101335 0.912916 -98.749903 -0.052890 0.994758 -0.087514 -13.673746 -0.916999 -0.013684 0.398654 230.107630
0.375183 0.101747 0.921349 -97.495814 -0.049933 0.994733 -0.089518 -13.828767 -0.925605 -0.012420 0.378288 230.644451
0.355310 0.099914 0.929393 -96.248099 -0.046344 0.994931 -0.089243 -13.974699 -0.933599 -0.011363 0.358140 231.135442
0.333976 0.098236 0.937448 -94.986964 -0.045129 0.995080 -0.088198 -14.118822 -0.941501 -0.012850 0.336766 231.605418
0.314077 0.099496 0.944169 -93.721535 -0.043825 0.994953 -0.090269 -14.276613 -0.948386 -0.013027 0.316853 232.029657
0.293031 0.107643 0.950024 -92.472194 -0.046354 0.994073 -0.098337 -14.433786 -0.954979 -0.015221 0.296284 232.443050
0.274087 0.115397 0.954756 -91.237617 -0.045396 0.993221 -0.107014 -14.590286 -0.960633 -0.014011 0.277468 232.825471
0.255579 0.122233 0.959030 -90.013925 -0.048057 0.992355 -0.113673 -14.761896 -0.965593 -0.017036 0.259499 233.179542
0.235485 0.124775 0.963835 -88.797759 -0.051574 0.991931 -0.115812 -14.932830 -0.970509 -0.022437 0.240020 233.501615
0.216017 0.124287 0.968447 -87.575774 -0.052811 0.991901 -0.115517 -15.101903 -0.974961 -0.026191 0.220831 233.820067
0.195815 0.125225 0.972612 -86.330199 -0.056557 0.991604 -0.116284 -15.282513 -0.979009 -0.032238 0.201254 234.092355
0.174961 0.123479 0.976801 -85.129261 -0.056613 0.991725 -0.115225 -15.451123 -0.982947 -0.035140 0.180504 234.348943
0.157431 0.122923 0.979849 -83.940770 -0.056491 0.991719 -0.115336 -15.619876 -0.985913 -0.037196 0.163072 234.566371
0.138334 0.121561 0.982897 -82.755784 -0.053507 0.991907 -0.115145 -15.781880 -0.988939 -0.036664 0.143718 234.751104
0.121158 0.123524 0.984917 -81.577041 -0.054501 0.991558 -0.117653 -15.946896 -0.991136 -0.039424 0.126868 234.922505
0.100889 0.126425 0.986832 -80.359709 -0.056787 0.991008 -0.121154 -16.116649 -0.993276 -0.043816 0.107161 235.057218
0.082808 0.126191 0.988544 -79.165940 -0.056416 0.990953 -0.121773 -16.283182 -0.994968 -0.045686 0.089178 235.162925
0.065566 0.122297 0.990325 -77.997908 -0.055279 0.991382 -0.118768 -16.451189 -0.996316 -0.046957 0.071761 235.273848
0.052457 0.117589 0.991676 -76.838038 -0.051988 0.992018 -0.114879 -16.613065 -0.997269 -0.045529 0.058151 235.365805
0.038870 0.113601 0.992766 -75.691986 -0.052505 0.992376 -0.111500 -16.773472 -0.997864 -0.047791 0.044538 235.429100
0.026242 0.111474 0.993421 -74.540858 -0.049467 0.992690 -0.110085 -16.929679 -0.998431 -0.046253 0.031565 235.465326
0.016551 0.112116 0.993557 -73.401382 -0.048507 0.992613 -0.111202 -17.079149 -0.998686 -0.046353 0.021868 235.496310
0.009879 0.114388 0.993387 -72.285265 -0.047672 0.992360 -0.113796 -17.230530 -0.998814 -0.046232 0.015256 235.519701
0.001936 0.116372 0.993204 -71.188992 -0.051946 0.991876 -0.116115 -17.375143 -0.998648 -0.051368 0.007965 235.543563
-0.003587 0.122743 0.992432 -70.121064 -0.051525 0.991097 -0.122765 -17.535248 -0.998665 -0.051576 0.002769 235.550489
-0.007226 0.129811 0.991512 -69.060847 -0.050552 0.990223 -0.130011 -17.692909 -0.998695 -0.051062 -0.000593 235.560371
-0.010928 0.128228 0.991684 -68.010818 -0.052707 0.990291 -0.128628 -17.844533 -0.998550 -0.053674 -0.004063 235.549285
-0.013847 0.116462 0.993098 -66.943070 -0.048720 0.991936 -0.117004 -17.992638 -0.998717 -0.050004 -0.008061 235.532781
-0.017958 0.109362 0.993840 -65.869298 -0.049756 0.992671 -0.110132 -18.148848 -0.998600 -0.051427 -0.012385 235.521340
-0.017740 0.108376 0.993952 -64.807095 -0.048610 0.992839 -0.109122 -18.290804 -0.998660 -0.050251 -0.012344 235.526111
-0.017264 0.111329 0.993634 -63.773196 -0.050116 0.992436 -0.112065 -18.424108 -0.998594 -0.051732 -0.011554 235.521732
-0.016957 0.113669 0.993374 -62.758248 -0.048595 0.992249 -0.114370 -18.553377 -0.998675 -0.050212 -0.011302 235.523078
-0.013665 0.115513 0.993212 -61.753951 -0.051491 0.991905 -0.116070 -18.691703 -0.998580 -0.052728 -0.007606 235.523312
-0.010856 0.116540 0.993127 -60.744128 -0.052286 0.991760 -0.116951 -18.829203 -0.998573 -0.053196 -0.004674 235.525520
-0.008467 0.117247 0.993066 -59.727081 -0.054499 0.991572 -0.117536 -18.965511 -0.998478 -0.055117 -0.002006 235.520393
-0.004518 0.118370 0.992959 -58.732135 -0.058117 0.991260 -0.118432 -19.098983 -0.998300 -0.058243 0.002401 235.529515
0.001500 0.118597 0.992941 -57.750437 -0.059425 0.991198 -0.118299 -19.231111 -0.998232 -0.058828 0.008535 235.551459
0.008933 0.118425 0.992923 -56.768984 -0.059310 0.991277 -0.117695 -19.367109 -0.998200 -0.057839 0.015878 235.579281
0.015364 0.115364 0.993204 -55.770998 -0.058760 0.991709 -0.114282 -19.503871 -0.998154 -0.056605 0.022016 235.614164
0.023634 0.116578 0.992900 -54.792051 -0.057139 0.991712 -0.115079 -19.633767 -0.998087 -0.054013 0.030099 235.635536
0.028931 0.116348 0.992787 -53.825556 -0.056536 0.991803 -0.114585 -19.760763 -0.997981 -0.052813 0.035272 235.683216
0.036545 0.115867 0.992592 -52.847206 -0.058429 0.991804 -0.113624 -19.888047 -0.997623 -0.053843 0.043016 235.741987
0.042574 0.114467 0.992514 -51.893920 -0.060549 0.991885 -0.111797 -20.011038 -0.997257 -0.055336 0.049160 235.792840
0.051992 0.112412 0.992300 -50.909632 -0.059643 0.992220 -0.109277 -20.142853 -0.996865 -0.053503 0.058292 235.847271
0.056408 0.110931 0.992226 -49.889654 -0.060273 0.992374 -0.107521 -20.273785 -0.996587 -0.053739 0.062664 235.911460
0.062708 0.112036 0.991723 -48.903233 -0.060315 0.992288 -0.108286 -20.397225 -0.996208 -0.053025 0.068981 235.987846
0.070750 0.114157 0.990940 -47.948587 -0.060146 0.992110 -0.109998 -20.517948 -0.995679 -0.051819 0.077058 236.089149
0.076891 0.115240 0.990357 -47.001112 -0.058232 0.992121 -0.110924 -20.635044 -0.995338 -0.049142 0.082996 236.174443
0.084272 0.116649 0.989591 -46.062267 -0.063085 0.991756 -0.111532 -20.758926 -0.994444 -0.053029 0.090936 236.266677
0.090771 0.117460 0.988920 -45.116654 -0.063446 0.991685 -0.111965 -20.884641 -0.993849 -0.052580 0.097469 236.367847
0.098199 0.115563 0.988434 -44.172999 -0.063875 0.991919 -0.109625 -21.002007 -0.993115 -0.052371 0.104787 236.476062
0.104600 0.112618 0.988117 -43.207715 -0.064878 0.992224 -0.106218 -21.122346 -0.992396 -0.052996 0.111093 236.591202
0.111563 0.111771 0.987452 -42.250981 -0.064566 0.992371 -0.105033 -21.246571 -0.991658 -0.052038 0.117929 236.728116
