1.000000 0.000000 0.000000 0.000000 -0.000000 1.000000 0.000000 0.000000 -0.000000 0.000000 1.000000 0.000000
0.999991 0.004121 -0.001242 0.001680 -0.004117 0.999984 0.003829 -0.088136 0.001258 -0.003824 0.999992 1.026902
0.999981 0.006173 -0.000237 -0.010972 -0.006172 0.999967 0.005222 -0.083630 0.000269 -0.005221 0.999986 1.835518
0.999967 0.008161 -0.000018 -0.017699 -0.008161 0.999951 0.005532 -0.091277 0.000063 -0.005532 0.999985 2.602613
0.999950 0.010011 0.000603 -0.015819 -0.010014 0.999936 0.005293 -0.104750 -0.000550 -0.005299 0.999986 3.340704
0.999951 0.009844 0.001026 -0.016456 -0.009850 0.999937 0.005425 -0.120707 -0.000973 -0.005435 0.999985 4.048631
0.999944 0.010537 0.001294 -0.018770 -0.010546 0.999917 0.007405 -0.134226 -0.001216 -0.007418 0.999972 4.740801
0.999939 0.010824 0.002100 -0.021335 -0.010846 0.999883 0.010773 -0.148130 -0.001983 -0.010796 0.999940 5.410022
0.999941 0.010180 0.003843 -0.020099 -0.010236 0.999837 0.014882 -0.158205 -0.003691 -0.014921 0.999882 6.062310
0.999940 0.009728 0.005080 -0.012571 -0.009819 0.999786 0.018196 -0.168785 -0.004902 -0.018245 0.999822 6.687660
0.999940 0.008838 0.006541 -0.005815 -0.008966 0.999764 0.019784 -0.180076 -0.006364 -0.019842 0.999783 7.290236
0.999929 0.009322 0.007450 -0.009099 -0.009461 0.999777 0.018854 -0.190699 -0.007273 -0.018923 0.999794 7.854950
0.999911 0.010195 0.008572 -0.004511 -0.010334 0.999814 0.016281 -0.198626 -0.008404 -0.016369 0.999831 8.391234
0.999907 0.009447 0.009815 -0.001199 -0.009582 0.999860 0.013729 -0.202669 -0.009683 -0.013822 0.999858 8.902534
0.999906 0.007233 0.011641 0.005739 -0.007377 0.999897 0.012315 -0.206909 -0.011550 -0.012400 0.999856 9.388280
0.999901 0.003517 0.013635 0.020298 -0.003655 0.999942 0.010141 -0.217185 -0.013598 -0.010190 0.999856 9.848617
0.999870 0.004560 0.015455 0.031463 -0.004702 0.999947 0.009167 -0.226811 -0.015413 -0.009239 0.999839 10.277529
0.999792 0.008809 0.018381 0.027610 -0.008942 0.999934 0.007163 -0.240104 -0.018317 -0.007326 0.999805 10.675689
0.999698 0.012373 0.021249 0.024076 -0.012527 0.999896 0.007096 -0.251836 -0.021159 -0.007360 0.999749 11.039516
0.999637 0.010668 0.024749 0.038728 -0.010874 0.999907 0.008193 -0.255705 -0.024659 -0.008459 0.999660 11.377891
0.999604 0.005926 0.027502 0.057983 -0.006155 0.999947 0.008243 -0.258656 -0.027451 -0.008409 0.999588 11.684575
0.999553 0.000999 0.029870 0.076761 -0.001254 0.999963 0.008522 -0.264940 -0.029860 -0.008555 0.999517 11.961086
0.999472 -0.000930 0.032469 0.092112 0.000600 0.999948 0.010196 -0.271226 -0.032477 -0.010172 0.999421 12.206995
0.999395 -0.000608 0.034765 0.100558 0.000245 0.999946 0.010428 -0.278242 -0.034769 -0.010413 0.999341 12.423099
0.999324 -0.000163 0.036751 0.108626 -0.000176 0.999957 0.009219 -0.284223 -0.036751 -0.009219 0.999282 12.620447
0.999236 0.001317 0.039063 0.110595 -0.001631 0.999967 0.008019 -0.288117 -0.039051 -0.008077 0.999205 12.795817
0.999127 0.003809 0.041598 0.114907 -0.004119 0.999964 0.007375 -0.294072 -0.041568 -0.007540 0.999107 12.963214
0.999061 0.006317 0.042870 0.120237 -0.006612 0.999955 0.006746 -0.301760 -0.042825 -0.007023 0.999058 13.118656
0.998981 0.006668 0.044627 0.124308 -0.006901 0.999963 0.005061 -0.309704 -0.044591 -0.005364 0.998991 13.273968
0.998918 0.005315 0.046209 0.134764 -0.005483 0.999979 0.003494 -0.311914 -0.046190 -0.003743 0.998926 13.421177
0.998859 0.004196 0.047582 0.146538 -0.004302 0.999988 0.002120 -0.315105 -0.047573 -0.002323 0.998865 13.559970
0.998786 0.003970 0.049101 0.155173 -0.004029 0.999991 0.001104 -0.318071 -0.049096 -0.001301 0.998793 13.695954
0.998704 0.004921 0.050666 0.162800 -0.004909 0.999988 -0.000356 -0.319898 -0.050667 0.000106 0.998716 13.821698
0.998647 0.005631 0.051697 0.166150 -0.005501 0.999981 -0.002653 -0.324934 -0.051711 0.002365 0.998659 13.950868
0.998611 0.005290 0.052422 0.171726 -0.005037 0.999975 -0.004966 -0.328361 -0.052447 0.004695 0.998613 14.072273
0.998592 0.004176 0.052882 0.184507 -0.003802 0.999967 -0.007185 -0.333145 -0.052910 0.006974 0.998575 14.195117
0.998641 0.003516 0.051998 0.193623 -0.003062 0.999957 -0.008791 -0.335566 -0.052027 0.008620 0.998609 14.319546
0.998784 0.003458 0.049187 0.194103 -0.002980 0.999948 -0.009782 -0.338484 -0.049218 0.009624 0.998742 14.441289
0.998941 0.003733 0.045853 0.196048 -0.003240 0.999936 -0.010818 -0.342533 -0.045891 0.010658 0.998890 14.569929
0.999145 0.003961 0.041157 0.198068 -0.003474 0.999923 -0.011886 -0.346611 -0.041201 0.011733 0.999082 14.696676
0.999377 0.004214 0.035052 0.197518 -0.003764 0.999910 -0.012883 -0.349971 -0.035103 0.012743 0.999302 14.825363
0.999591 0.004016 0.028329 0.194824 -0.003634 0.999902 -0.013523 -0.352997 -0.028381 0.013415 0.999507 14.949766
0.999774 0.004213 0.020839 0.190849 -0.003913 0.999888 -0.014440 -0.355876 -0.020898 0.014355 0.999679 15.071370
0.999921 0.003761 0.011967 0.181563 -0.003575 0.999874 -0.015471 -0.357262 -0.012024 0.015427 0.999809 15.206019
0.999996 0.002481 0.001007 0.177392 -0.002463 0.999856 -0.016801 -0.359321 -0.001049 0.016798 0.999858 15.352392
0.999913 0.001012 -0.013150 0.166348 -0.001258 0.999824 -0.018742 -0.364260 0.013129 0.018757 0.999738 15.498459
0.999531 0.000845 -0.030598 0.146072 -0.001467 0.999793 -0.020312 -0.369474 0.030575 0.020347 0.999325 15.660813
0.998687 0.001642 -0.051209 0.116763 -0.002715 0.999778 -0.020887 -0.375701 0.051163 0.020999 0.998470 15.840597
0.997303 0.002691 -0.073351 0.081104 -0.004175 0.999790 -0.020079 -0.380691 0.073282 0.020331 0.997104 16.044667
0.995160 0.003313 -0.098217 0.039098 -0.005166 0.999813 -0.018620 -0.386515 0.098137 0.019037 0.994991 16.259920
0.991973 0.004646 -0.126365 -0.012567 -0.006828 0.999835 -0.016839 -0.392122 0.126266 0.017566 0.991841 16.487229
0.987484 0.005829 -0.157610 -0.075714 -0.008207 0.999862 -0.014440 -0.399926 0.157504 0.015553 0.987396 16.735230
0.981338 0.006332 -0.192188 -0.153358 -0.008561 0.999905 -0.010767 -0.406346 0.192102 0.012211 0.981299 16.985273
0.973033 0.007095 -0.230556 -0.250286 -0.008789 0.999941 -0.006321 -0.411002 0.230498 0.008177 0.973038 17.246492
0.962524 0.010692 -0.270984 -0.359880 -0.011396 0.999935 -0.001027 -0.415328 0.270955 0.004076 0.962583 17.523617
0.949783 0.014274 -0.312585 -0.494878 -0.013888 0.999898 0.003461 -0.418193 0.312602 0.001054 0.949883 17.802701
0.934714 0.018330 -0.354927 -0.649973 -0.016613 0.999831 0.007885 -0.422513 0.355012 -0.001474 0.934861 18.083637
0.916991 0.020653 -0.398374 -0.820872 -0.016157 0.999762 0.014640 -0.424312 0.398582 -0.006988 0.917106 18.373410
0.896701 0.025165 -0.441920 -1.009369 -0.017179 0.999609 0.022066 -0.426164 0.442303 -0.012195 0.896783 18.667576
0.873837 0.029876 -0.485300 -1.223081 -0.018749 0.999439 0.027768 -0.425859 0.485857 -0.015166 0.873907 18.963465
0.847755 0.034916 -0.529238 -1.462648 -0.021409 0.999270 0.031632 -0.422088 0.529956 -0.015485 0.847883 19.250238
0.818804 0.038257 -0.572797 -1.714245 -0.022777 0.999156 0.034175 -0.418476 0.573621 -0.014936 0.818985 19.534512
0.787667 0.041188 -0.614723 -1.990710 -0.024176 0.999061 0.035962 -0.410091 0.615627 -0.013465 0.787922 19.810714
0.753077 0.044903 -0.656398 -2.283831 -0.025380 0.998908 0.039215 -0.395553 0.657443 -0.012873 0.753394 20.075290
0.716484 0.048400 -0.695922 -2.582852 -0.025655 0.998744 0.043048 -0.381207 0.697132 -0.012989 0.716826 20.355856
0.677235 0.048879 -0.734141 -2.914699 -0.023175 0.998713 0.045115 -0.365944 0.735402 -0.013540 0.677496 20.624955
0.636026 0.048976 -0.770111 -3.289105 -0.020299 0.998700 0.046749 -0.352567 0.771400 -0.014101 0.636194 20.880191
0.592693 0.047730 -0.804013 -3.697058 -0.013946 0.998701 0.049007 -0.338799 0.805308 -0.017834 0.592588 21.126171
0.547397 0.049221 -0.835424 -4.129147 -0.010867 0.998603 0.051714 -0.320052 0.836803 -0.019230 0.547167 21.354536
0.499581 0.049967 -0.864825 -4.581976 -0.009166 0.998584 0.052400 -0.298243 0.866219 -0.018251 0.499332 21.566590
0.450108 0.049073 -0.891625 -5.059912 -0.006417 0.998641 0.051723 -0.273365 0.892951 -0.017560 0.449811 21.762161
0.397487 0.049157 -0.916290 -5.539401 -0.001274 0.998593 0.053020 -0.251279 0.917607 -0.019908 0.396990 21.938736
0.344505 0.047066 -0.937604 -6.039027 0.003529 0.998670 0.051429 -0.232455 0.938778 -0.021026 0.343881 22.105016
0.290855 0.049233 -0.955499 -6.570530 0.003521 0.998613 0.052527 -0.205495 0.956761 -0.018642 0.290278 22.243771
0.238466 0.055641 -0.969555 -7.150313 0.005439 0.998265 0.058627 -0.172429 0.971136 -0.019254 0.237750 22.347359
0.187919 0.059328 -0.980391 -7.754840 0.009763 0.998012 0.062265 -0.145466 0.982136 -0.021272 0.186966 22.416516
0.141332 0.060536 -0.988109 -8.381970 0.014767 0.997889 0.063247 -0.119945 0.989852 -0.023531 0.140140 22.480252
0.098298 0.061332 -0.993265 -9.024030 0.015968 0.997873 0.063197 -0.095258 0.995029 -0.022072 0.097109 22.514009
0.059300 0.057832 -0.996563 -9.676152 0.014537 0.998165 0.058790 -0.062633 0.998135 -0.017973 0.058351 22.526486
0.026394 0.055272 -0.998122 -10.341242 0.011660 0.998385 0.055595 -0.021484 0.999584 -0.013105 0.025707 22.519143
0.000651 0.057025 -0.998372 -11.028489 0.010177 0.998321 0.057029 0.015395 0.999948 -0.010197 0.000070 22.486255
-0.017039 0.061904 -0.997936 -11.750687 0.008612 0.998054 0.061764 0.050941 0.999818 -0.007542 -0.017539 22.449646
-0.027688 0.067457 -0.997338 -12.491728 0.010730 0.997683 0.067182 0.087502 0.999559 -0.008841 -0.028347 22.416374
-0.033964 0.067879 -0.997115 -13.251525 0.010202 0.997662 0.067569 0.123532 0.999371 -0.007878 -0.034578 22.382582
-0.036084 0.064737 -0.997250 -14.022416 0.012496 0.997851 0.064324 0.161480 0.999271 -0.010141 -0.036816 22.353637
-0.033887 0.061030 -0.997560 -14.811835 0.023719 0.997902 0.060245 0.207766 0.999144 -0.021619 -0.035263 22.322992
-0.029158 0.061085 -0.997706 -15.613365 0.031984 0.997677 0.060149 0.254904 0.999063 -0.030157 -0.031044 22.317698
-0.022743 0.061320 -0.997859 -16.448393 0.029886 0.997713 0.060629 0.295581 0.999295 -0.028443 -0.024524 22.309893
-0.018255 0.058039 -0.998147 -17.310116 0.031129 0.997863 0.057453 0.328243 0.999349 -0.030023 -0.020022 22.288165
-0.015658 0.049425 -0.998655 -18.179450 0.032734 0.998268 0.048892 0.371720 0.999342 -0.031925 -0.017249 22.278656
-0.013620 0.039543 -0.999125 -19.057022 0.027784 0.998847 0.039154 0.406207 0.999521 -0.027226 -0.014703 22.269102
-0.013955 0.033388 -0.999345 -19.957251 0.021755 0.999216 0.033079 0.430837 0.999666 -0.021279 -0.014671 22.243636
-0.016625 0.033807 -0.999290 -20.885141 0.014608 0.999330 0.033565 0.458907 0.999755 -0.014040 -0.017108 22.209619
-0.020392 0.042097 -0.998905 -21.848464 0.004642 0.999106 0.042011 0.480673 0.999781 -0.003781 -0.020569 22.169474
-0.025302 0.050159 -0.998421 -22.843954 0.001761 0.998741 0.050131 0.513677 0.999678 -0.000490 -0.025359 22.129454
-0.028537 0.060494 -0.997760 -23.851665 0.000212 0.998167 0.060512 0.557547 0.999593 0.001515 -0.028497 22.084361
-0.030214 0.070394 -0.997061 -24.865953 0.000784 0.997518 0.070402 0.609431 0.999543 0.001346 -0.030194 22.046467
-0.031504 0.074900 -0.996693 -25.893186 0.001736 0.997191 0.074882 0.663654 0.999502 0.000629 -0.031546 22.015363
-0.032839 0.074984 -0.996644 -26.921429 0.002892 0.997185 0.074929 0.720760 0.999457 -0.000422 -0.032963 21.982857
-0.034774 0.071046 -0.996867 -27.935929 0.001843 0.997473 0.071025 0.779617 0.999394 0.000633 -0.034817 21.942524
-0.038455 0.066171 -0.997067 -28.958932 0.002147 0.997808 0.066138 0.831561 0.999258 0.000403 -0.038513 21.896337
-0.043607 0.061072 -0.997180 -29.981221 0.001404 0.998133 0.061069 0.876582 0.999048 0.001263 -0.043611 21.840990
-0.050247 0.057703 -0.997068 -31.004409 0.001929 0.998333 0.057679 0.921577 0.998735 0.000975 -0.050274 21.783232
-0.057339 0.057068 -0.996722 -32.039047 0.000831 0.998367 0.057114 0.969045 0.998355 0.002446 -0.057292 21.712387
-0.064063 0.061562 -0.996045 -33.098097 0.001146 0.998099 0.061615 1.010421 0.997945 0.002805 -0.064012 21.631228
-0.070203 0.065364 -0.995389 -34.175020 -0.001675 0.997842 0.065644 1.058555 0.997532 0.006275 -0.069942 21.544136
-0.075833 0.068311 -0.994778 -35.248847 -0.004195 0.997620 0.068826 1.107845 0.997112 0.009393 -0.075366 21.462670
-0.079613 0.070175 -0.994353 -36.318019 -0.007216 0.997452 0.070972 1.162072 0.996800 0.012826 -0.078903 21.370901
-0.081781 0.071800 -0.994061 -37.394946 -0.012872 0.997242 0.073088 1.218350 0.996567 0.018773 -0.080631 21.263589
-0.083340 0.072705 -0.993865 -38.467700 -0.014880 0.997133 0.074192 1.273920 0.996410 0.020972 -0.082019 21.156705
-0.085204 0.072122 -0.993750 -39.538902 -0.015708 0.997156 0.073716 1.330671 0.996240 0.021891 -0.083829 21.057642
-0.086437 0.071735 -0.993671 -40.615932 -0.016047 0.997175 0.073384 1.388307 0.996128 0.022288 -0.085042 20.961830
-0.087307 0.071097 -0.993641 -41.700114 -0.018198 0.997170 0.072949 1.444865 0.996015 0.024451 -0.085766 20.865746
-0.088276 0.070127 -0.993624 -42.784787 -0.020271 0.997186 0.072179 1.499315 0.995890 0.026513 -0.086606 20.759749
-0.088973 0.066857 -0.993788 -43.878560 -0.026050 0.997247 0.069422 1.556901 0.995694 0.032065 -0.086986 20.648686
-0.089031 0.062778 -0.994048 -44.961800 -0.029960 0.997391 0.065672 1.605808 0.995578 0.035629 -0.086918 20.535853
-0.087619 0.064487 -0.994064 -46.060496 -0.029228 0.997306 0.067274 1.659985 0.995725 0.034949 -0.085498 20.424483
-0.085841 0.069071 -0.993912 -47.171534 -0.030893 0.996930 0.071949 1.716817 0.995830 0.036881 -0.083444 20.325316
-0.084106 0.070587 -0.993953 -48.285867 -0.029248 0.996883 0.073270 1.772068 0.996028 0.035233 -0.081780 20.231331
-0.082176 0.070135 -0.994147 -49.405478 -0.027223 0.996991 0.072586 1.832552 0.996246 0.033028 -0.080020 20.139513
-0.078733 0.070047 -0.994432 -50.527203 -0.028281 0.996970 0.072465 1.891144 0.996495 0.033828 -0.076513 20.049759
-0.074261 0.070644 -0.994733 -51.640616 -0.033556 0.996746 0.073292 1.946664 0.996674 0.038822 -0.071649 19.953907
-0.068742 0.071584 -0.995063 -52.762092 -0.038087 0.996507 0.074319 2.006943 0.996907 0.043008 -0.065775 19.856461
-0.062969 0.070917 -0.995492 -53.885448 -0.040123 0.996486 0.073526 2.063801 0.997209 0.044572 -0.059902 19.773717
-0.057218 0.070379 -0.995878 -55.015567 -0.041785 0.996469 0.072822 2.128707 0.997487 0.045779 -0.054075 19.703450
-0.051566 0.069830 -0.996225 -56.150699 -0.040442 0.996588 0.071949 2.185169 0.997851 0.044000 -0.048566 19.635640
-0.046086 0.070069 -0.996477 -57.289847 -0.039257 0.996639 0.071896 2.242206 0.998166 0.042432 -0.043180 19.587208
-0.040381 0.071147 -0.996648 -58.427336 -0.037827 0.996638 0.072679 2.301055 0.998468 0.040636 -0.037554 19.538361
-0.035449 0.072971 -0.996704 -59.572488 -0.037295 0.996539 0.074285 2.357684 0.998676 0.039805 -0.032605 19.498626
-0.029657 0.073607 -0.996846 -60.713487 -0.037266 0.996510 0.074691 2.419731 0.998865 0.039363 -0.026810 19.458415
-0.024168 0.072336 -0.997087 -61.868100 -0.036991 0.996631 0.073200 2.480233 0.999023 0.038653 -0.021411 19.423957
-0.019325 0.067075 -0.997561 -63.013715 -0.036906 0.997019 0.067753 2.540311 0.999132 0.038125 -0.016792 19.407824
-0.015470 0.063337 -0.997872 -64.155539 -0.036631 0.997286 0.063868 2.590889 0.999209 0.037541 -0.013108 19.380278
-0.011680 0.064651 -0.997839 -65.320092 -0.036608 0.997211 0.065038 2.648386 0.999262 0.037289 -0.009281 19.361309
-0.009093 0.066414 -0.997751 -66.493851 -0.035605 0.997138 0.066697 2.699283 0.999325 0.036131 -0.006702 19.347844
-0.007248 0.065544 -0.997823 -67.670734 -0.035396 0.997207 0.065761 2.750763 0.999347 0.035795 -0.004907 19.338691
-0.006388 0.066429 -0.997770 -68.846054 -0.036976 0.997093 0.066621 2.810027 0.999296 0.037319 -0.003913 19.325861
-0.005740 0.067490 -0.997703 -70.019464 -0.037300 0.997011 0.067658 2.864928 0.999288 0.037603 -0.003205 19.314533
-0.004426 0.066285 -0.997791 -71.195914 -0.036869 0.997111 0.066404 2.914329 0.999310 0.037082 -0.001969 19.305461
-0.003673 0.064909 -0.997884 -72.377525 -0.036710 0.997210 0.065000 2.969190 0.999319 0.036871 -0.001280 19.291053
-0.002947 0.063977 -0.997947 -73.550879 -0.034916 0.997336 0.064041 3.021528 0.999386 0.035033 -0.000705 19.283340
-0.002709 0.063880 -0.997954 -74.730497 -0.031837 0.997446 0.063934 3.070787 0.999490 0.031945 -0.000668 19.284218
-0.002364 0.065016 -0.997881 -75.913290 -0.029663 0.997441 0.065058 3.119470 0.999557 0.029754 -0.000429 19.282823
-0.002001 0.068674 -0.997637 -77.096741 -0.030038 0.997185 0.068703 3.170764 0.999547 0.030105 0.000067 19.277663
-0.001706 0.071076 -0.997469 -78.278958 -0.032703 0.996933 0.071094 3.223339 0.999464 0.032742 0.000623 19.267611
-0.001307 0.070388 -0.997519 -79.467807 -0.034563 0.996921 0.070391 3.279114 0.999402 0.034570 0.001130 19.258946
-0.000810 0.068444 -0.997654 -80.646944 -0.035059 0.997040 0.068430 3.334566 0.999385 0.035032 0.001592 19.248404
-0.000856 0.066555 -0.997782 -81.823850 -0.034278 0.997194 0.066545 3.387108 0.999412 0.034259 0.001428 19.241117
-0.000706 0.066838 -0.997763 -83.012724 -0.031783 0.997258 0.066827 3.438594 0.999495 0.031759 0.001420 19.244174
-0.000720 0.068673 -0.997639 -84.205599 -0.030843 0.997163 0.068662 3.489409 0.999524 0.030820 0.001400 19.241487
0.000140 0.071869 -0.997414 -85.382619 -0.030152 0.996961 0.071832 3.543560 0.999545 0.030064 0.002307 19.239783
0.000296 0.073675 -0.997282 -86.551507 -0.031560 0.996786 0.073629 3.601611 0.999502 0.031452 0.002620 19.227133
0.000660 0.073020 -0.997330 -87.723975 -0.031538 0.996836 0.072963 3.657385 0.999503 0.031406 0.002961 19.222543
0.000986 0.070958 -0.997479 -88.898263 -0.030255 0.997025 0.070896 3.711832 0.999542 0.030109 0.003129 19.220669
0.001230 0.070369 -0.997520 -90.066461 -0.029129 0.997100 0.070304 3.770041 0.999575 0.028971 0.003276 19.216855
0.001239 0.072011 -0.997403 -91.224788 -0.027694 0.997024 0.071949 3.820799 0.999616 0.027533 0.003230 19.222055
0.001797 0.074907 -0.997189 -92.376804 -0.024839 0.996886 0.074840 3.876944 0.999690 0.024635 0.003652 19.226587
0.002032 0.077215 -0.997012 -93.537249 -0.023516 0.996742 0.077146 3.933549 0.999722 0.023289 0.003841 19.227255
0.002400 0.079171 -0.996858 -94.701243 -0.024756 0.996560 0.079088 3.999475 0.999691 0.024488 0.004351 19.223573
0.002401 0.080528 -0.996749 -95.863907 -0.028140 0.996363 0.080429 4.066258 0.999601 0.027855 0.004659 19.214383
0.002973 0.078546 -0.996906 -97.015175 -0.028518 0.996512 0.078430 4.127277 0.999589 0.028196 0.005202 19.203817
0.003149 0.075586 -0.997134 -98.165988 -0.031035 0.996666 0.075453 4.191094 0.999514 0.030708 0.005485 19.196625
0.003369 0.074803 -0.997192 -99.314624 -0.032203 0.996689 0.074657 4.254903 0.999476 0.031861 0.005766 19.197447
0.003288 0.073490 -0.997290 -100.463526 -0.031144 0.996820 0.073352 4.310059 0.999510 0.030819 0.005567 19.202802
0.002991 0.074212 -0.997238 -101.618423 -0.030351 0.996790 0.074088 4.370559 0.999535 0.030046 0.005234 19.199929
0.003089 0.076585 -0.997058 -102.778208 -0.030063 0.996620 0.076458 4.432244 0.999543 0.029738 0.005381 19.198988
0.003157 0.077061 -0.997021 -103.942198 -0.029184 0.996609 0.076936 4.488173 0.999569 0.028855 0.005395 19.207051
0.002629 0.077517 -0.996987 -105.101768 -0.034135 0.996417 0.077383 4.558268 0.999414 0.033829 0.005266 19.199023
0.001898 0.078285 -0.996929 -106.267572 -0.037745 0.996226 0.078158 4.624422 0.999286 0.037481 0.004846 19.185816
0.001912 0.076733 -0.997050 -107.442906 -0.039713 0.996271 0.076597 4.692094 0.999209 0.039449 0.004952 19.175803
0.001833 0.072578 -0.997361 -108.627470 -0.040370 0.996555 0.072445 4.757372 0.999183 0.040131 0.004756 19.171417
0.000915 0.069786 -0.997561 -109.814529 -0.040511 0.996746 0.069692 4.825701 0.999179 0.040348 0.003739 19.169646
0.000864 0.068712 -0.997636 -111.009900 -0.035672 0.997004 0.068637 4.884110 0.999363 0.035528 0.003312 19.180595
0.000434 0.068698 -0.997637 -112.212654 -0.031816 0.997133 0.068649 4.940751 0.999494 0.031711 0.002619 19.180594
-0.000280 0.071842 -0.997416 -113.421436 -0.032304 0.996895 0.071814 5.005706 0.999478 0.032241 0.002041 19.181878
-0.001182 0.074663 -0.997208 -114.637092 -0.030600 0.996739 0.074665 5.064354 0.999531 0.030602 0.001106 19.175320
-0.001369 0.072904 -0.997338 -115.864268 -0.027667 0.996954 0.072914 5.129456 0.999616 0.027693 0.000652 19.172974
-0.001627 0.069203 -0.997601 -117.097553 -0.028911 0.997182 0.069221 5.199274 0.999581 0.028954 0.000378 19.167168
-0.002859 0.066248 -0.997799 -118.335892 -0.029239 0.997371 0.066304 5.263225 0.999569 0.029365 -0.000915 19.159923
-0.003388 0.065094 -0.997873 -119.578147 -0.028015 0.997481 0.065164 5.316828 0.999602 0.028176 -0.001556 19.150914
-0.003688 0.067874 -0.997687 -120.830194 -0.030174 0.997232 0.067954 5.376535 0.999538 0.030355 -0.001630 19.132165
-0.004430 0.072754 -0.997340 -122.079730 -0.036845 0.996661 0.072868 5.444086 0.999311 0.037070 -0.001735 19.111527
-0.004780 0.075018 -0.997171 -123.341524 -0.042872 0.996250 0.075154 5.507481 0.999069 0.043110 -0.001546 19.089481
-0.004525 0.074153 -0.997236 -124.603531 -0.049647 0.996000 0.074287 5.579682 0.998757 0.049846 -0.000826 19.065538
-0.005033 0.072437 -0.997360 -125.864254 -0.051729 0.996019 0.072601 5.645457 0.998649 0.051957 -0.001266 19.047296
-0.005695 0.071346 -0.997435 -127.126607 -0.053894 0.995980 0.071550 5.708974 0.998531 0.054163 -0.001827 19.027113
-0.006324 0.070766 -0.997473 -128.396022 -0.052716 0.996082 0.071002 5.767264 0.998590 0.053032 -0.002569 19.016523
-0.006617 0.070390 -0.997497 -129.659584 -0.050922 0.996202 0.070637 5.829967 0.998681 0.051262 -0.003007 19.008770
-0.007181 0.072493 -0.997343 -130.913322 -0.051813 0.996002 0.072769 5.892683 0.998631 0.052198 -0.003396 18.993934
-0.007772 0.078467 -0.996886 -132.178883 -0.051061 0.995585 0.078762 5.957564 0.998665 0.051514 -0.003731 18.983878
-0.008192 0.080072 -0.996755 -133.440373 -0.050037 0.995507 0.080383 6.028313 0.998714 0.050533 -0.004148 18.971519
-0.007880 0.078926 -0.996849 -134.695984 -0.050868 0.995558 0.079226 6.106669 0.998675 0.051332 -0.003831 18.954125
-0.006951 0.078148 -0.996917 -135.954626 -0.049670 0.995684 0.078398 6.176875 0.998742 0.050061 -0.003040 18.937770
-0.005697 0.077663 -0.996963 -137.209836 -0.048611 0.995779 0.077849 6.244339 0.998802 0.048907 -0.001898 18.926495
-0.004695 0.078082 -0.996936 -138.458376 -0.048521 0.995755 0.078218 6.313532 0.998811 0.048740 -0.000887 18.917542
-0.003719 0.081172 -0.996693 -139.710954 -0.049578 0.995459 0.081256 6.381232 0.998763 0.049717 0.000322 18.916214
-0.002508 0.084295 -0.996438 -140.957112 -0.050332 0.995167 0.084314 6.455372 0.998730 0.050364 0.001747 18.901469
-0.001564 0.084122 -0.996454 -142.202346 -0.052113 0.995095 0.084089 6.528018 0.998640 0.052060 0.002828 18.888583
-0.000975 0.081089 -0.996706 -143.445389 -0.052964 0.995304 0.081027 6.602585 0.998596 0.052869 0.003324 18.877250
-0.000887 0.078348 -0.996926 -144.690719 -0.050647 0.995643 0.078292 6.673855 0.998716 0.050561 0.003085 18.872113
-0.000616 0.077772 -0.996971 -145.933542 -0.047999 0.995820 0.077712 6.742940 0.998847 0.047901 0.003120 18.874160
-0.000735 0.077133 -0.997020 -147.180348 -0.046342 0.995947 0.077084 6.806177 0.998926 0.046261 0.002842 18.872102
-0.000679 0.077423 -0.996998 -148.420522 -0.042955 0.996076 0.077381 6.872388 0.999077 0.042879 0.002650 18.871433
-0.000844 0.076516 -0.997068 -149.656348 -0.041587 0.996203 0.076485 6.935799 0.999135 0.041530 0.002341 18.864756
-0.000909 0.077261 -0.997010 -150.889424 -0.040364 0.996196 0.077234 7.003811 0.999185 0.040314 0.002213 18.857534
-0.001259 0.080173 -0.996780 -152.123705 -0.038535 0.996037 0.080162 7.072363 0.999257 0.038511 0.001835 18.853149
-0.001457 0.080080 -0.996787 -153.357876 -0.035222 0.996166 0.080082 7.140314 0.999379 0.035225 0.001369 18.845427
-0.001770 0.078850 -0.996885 -154.584541 -0.034267 0.996296 0.078865 7.209693 0.999411 0.034300 0.000938 18.842902
-0.002271 0.080496 -0.996752 -155.809465 -0.035311 0.996127 0.080526 7.281353 0.999374 0.035379 0.000581 18.831265
-0.002147 0.087780 -0.996137 -157.040704 -0.036394 0.995473 0.087800 7.350067 0.999335 0.036442 0.001057 18.819713
-0.001674 0.091419 -0.995811 -158.273843 -0.042747 0.994896 0.091407 7.431420 0.999085 0.042721 0.002243 18.805373
-0.000336 0.090853 -0.995864 -159.505719 -0.047199 0.994753 0.090768 7.516731 0.998886 0.047034 0.003954 18.795611
0.000915 0.085243 -0.996360 -160.728489 -0.049778 0.995129 0.085092 7.598157 0.998760 0.049519 0.005154 18.779490
0.002143 0.082533 -0.996586 -161.945046 -0.052248 0.995236 0.082309 7.676327 0.998632 0.051893 0.006445 18.772882
0.002881 0.079800 -0.996807 -163.170404 -0.053100 0.995417 0.079535 7.746295 0.998585 0.052701 0.007105 18.771034
0.004170 0.076444 -0.997065 -164.393744 -0.046655 0.996003 0.076167 7.809754 0.998903 0.046200 0.007719 18.775587
0.004281 0.071780 -0.997411 -165.617457 -0.042538 0.996531 0.071534 7.877590 0.999086 0.042122 0.007320 18.781989
0.003818 0.071061 -0.997464 -166.835895 -0.037212 0.996791 0.070871 7.934566 0.999300 0.036847 0.006450 18.792948
0.003326 0.075460 -0.997143 -168.051484 -0.035270 0.996537 0.075296 7.997695 0.999372 0.034919 0.005976 18.801731
0.004525 0.082649 -0.996568 -169.273572 -0.036198 0.995939 0.082433 8.061563 0.999335 0.035700 0.007498 18.803928
0.006351 0.081709 -0.996636 -170.496766 -0.037501 0.995975 0.081415 8.128707 0.999277 0.036858 0.009390 18.798147
0.007731 0.080228 -0.996746 -171.709312 -0.039055 0.996040 0.079869 8.202798 0.999207 0.038310 0.010834 18.796545
0.008209 0.080387 -0.996730 -172.920575 -0.040900 0.995956 0.079988 8.274781 0.999130 0.040110 0.011463 18.803923
0.008860 0.081129 -0.996664 -174.136476 -0.038088 0.996007 0.080737 8.339155 0.999235 0.037246 0.011914 18.807686
0.010100 0.079013 -0.996822 -175.341618 -0.038420 0.996168 0.078572 8.409360 0.999211 0.037504 0.013097 18.817401
0.011769 0.079092 -0.996798 -176.526118 -0.039750 0.996116 0.078569 8.471624 0.999141 0.038698 0.014867 18.822211
0.013408 0.080961 -0.996627 -177.678858 -0.041070 0.995920 0.080351 8.530190 0.999066 0.039854 0.016678 18.830473
0.014304 0.083026 -0.996445 -178.800985 -0.040556 0.995775 0.082388 8.582591 0.999075 0.039233 0.017611 18.836735
0.014614 0.084460 -0.996319 -179.893448 -0.041146 0.995633 0.083799 8.635531 0.999046 0.039770 0.018025 18.848746
0.015035 0.085644 -0.996212 -180.953556 -0.040565 0.995557 0.084976 8.690176 0.999064 0.039134 0.018442 18.865517
0.014794 0.086070 -0.996179 -181.982125 -0.039703 0.995553 0.085426 8.742660 0.999102 0.038287 0.018146 18.875272
0.015538 0.085409 -0.996225 -182.980667 -0.040093 0.995597 0.084730 8.796915 0.999075 0.038625 0.018894 18.875645
0.017206 0.085962 -0.996150 -183.953817 -0.042759 0.995449 0.085163 8.849384 0.998937 0.041129 0.020803 18.888565
0.018134 0.085989 -0.996131 -184.894626 -0.041949 0.995483 0.085170 8.900628 0.998955 0.040242 0.021659 18.904733
0.016474 0.083838 -0.996343 -185.822419 -0.039846 0.995742 0.083128 8.947771 0.999070 0.038331 0.019744 18.917227
0.012317 0.080635 -0.996667 -186.747169 -0.038140 0.996056 0.080114 8.996127 0.999197 0.037026 0.015344 18.927645
0.007440 0.077274 -0.996982 -187.671600 -0.038618 0.996288 0.076932 9.046805 0.999227 0.037929 0.010397 18.933925
0.002764 0.075080 -0.997174 -188.593585 -0.040553 0.996366 0.074906 9.099603 0.999174 0.040231 0.005799 18.926975
-0.000731 0.074893 -0.997191 -189.524980 -0.043200 0.996258 0.074855 9.152284 0.999066 0.043133 0.002507 18.924763
-0.003256 0.076107 -0.997094 -190.447439 -0.044776 0.996088 0.076177 9.199037 0.998992 0.044894 0.000164 18.905261
-0.005036 0.077748 -0.996960 -191.364948 -0.042396 0.996060 0.077892 9.247207 0.999088 0.042660 -0.001720 18.896790
-0.006328 0.079317 -0.996829 -192.272002 -0.039625 0.996046 0.079506 9.294223 0.999195 0.040003 -0.003160 18.895091
-0.007562 0.079495 -0.996806 -193.175312 -0.037869 0.996097 0.079726 9.343714 0.999254 0.038351 -0.004522 18.882255
-0.008614 0.078320 -0.996891 -194.086212 -0.039231 0.996134 0.078599 9.394222 0.999193 0.039786 -0.005508 18.869899
-0.008767 0.077777 -0.996932 -194.991000 -0.040993 0.996104 0.078073 9.445765 0.999121 0.041552 -0.005545 18.855321
-0.008529 0.076671 -0.997020 -195.896968 -0.044084 0.996058 0.076974 9.497775 0.998992 0.044609 -0.005115 18.840334
-0.007727 0.074780 -0.997170 -196.808282 -0.046339 0.996102 0.075059 9.545028 0.998896 0.046788 -0.004232 18.827269
-0.006987 0.072061 -0.997376 -197.721396 -0.046212 0.996311 0.072308 9.593963 0.998907 0.046596 -0.003631 18.811862
-0.006309 0.069956 -0.997530 -198.644460 -0.045918 0.996478 0.070172 9.641869 0.998925 0.046247 -0.003075 18.808151
-0.005754 0.070968 -0.997462 -199.569593 -0.044788 0.996459 0.071155 9.690269 0.998980 0.045084 -0.002555 18.797694
-0.005101 0.073540 -0.997279 -200.502922 -0.041975 0.996397 0.073690 9.740098 0.999106 0.042236 -0.001996 18.787639
-0.005047 0.073363 -0.997292 -201.439457 -0.041328 0.996438 0.073510 9.784209 0.999133 0.041587 -0.001997 18.781281
-0.004744 0.068767 -0.997621 -202.372258 -0.035771 0.996983 0.068893 9.831846 0.999349 0.036013 -0.002270 18.769414
-0.004436 0.067113 -0.997735 -203.318194 -0.037028 0.997050 0.067231 9.885715 0.999305 0.037242 -0.001938 18.767671
-0.003622 0.069797 -0.997554 -204.273620 -0.042610 0.996644 0.069888 9.938461 0.999085 0.042759 -0.000636 18.755527
-0.002133 0.071537 -0.997435 -205.237765 -0.041498 0.996572 0.071564 9.980884 0.999136 0.041544 0.000843 18.739246
0.000119 0.071455 -0.997444 -206.208354 -0.038849 0.996691 0.071396 10.035702 0.999245 0.038741 0.002894 18.743344
0.002066 0.073883 -0.997265 -207.182003 -0.039008 0.996514 0.073746 10.094793 0.999237 0.038749 0.004941 18.746241
0.003568 0.079310 -0.996843 -208.173238 -0.039532 0.996082 0.079108 10.150266 0.999212 0.039125 0.006690 18.746924
0.005129 0.081674 -0.996646 -209.167753 -0.035910 0.996031 0.081439 10.206343 0.999342 0.035372 0.008042 18.752127
0.006720 0.082640 -0.996557 -210.172667 -0.036752 0.995926 0.082339 10.270475 0.999302 0.036072 0.009730 18.757489
0.009133 0.083790 -0.996441 -211.184709 -0.041123 0.995672 0.083348 10.337266 0.999113 0.040216 0.012539 18.759263
0.011991 0.085276 -0.996285 -212.202170 -0.042305 0.995508 0.084700 10.404289 0.999033 0.041132 0.015545 18.749274
0.015236 0.084959 -0.996268 -213.218738 -0.044163 0.995468 0.084215 10.470017 0.998908 0.042715 0.018919 18.753841
0.018237 0.081988 -0.996466 -214.239307 -0.045906 0.995650 0.081081 10.533933 0.998779 0.044265 0.021921 18.766139
0.020592 0.079748 -0.996602 -215.270048 -0.044571 0.995896 0.078771 10.597075 0.998794 0.042797 0.024061 18.789293
0.022455 0.079542 -0.996578 -216.309932 -0.044316 0.995929 0.078492 10.659274 0.998765 0.042402 0.025889 18.815950
0.023804 0.082771 -0.996284 -217.362477 -0.045719 0.995614 0.081623 10.721277 0.998671 0.043606 0.027484 18.835823
0.025117 0.084946 -0.996069 -218.427111 -0.045734 0.995438 0.083739 10.784046 0.998638 0.043451 0.028887 18.860190
0.026348 0.083994 -0.996118 -219.505850 -0.044878 0.995559 0.082760 10.852033 0.998645 0.042523 0.030000 18.880773
0.027400 0.081053 -0.996333 -220.574498 -0.042619 0.995896 0.079845 10.921244 0.998716 0.040275 0.030742 18.910534
0.027031 0.079272 -0.996486 -221.649490 -0.040425 0.996122 0.078146 10.989949 0.998817 0.038170 0.030130 18.947232
0.027433 0.077917 -0.996582 -222.743893 -0.039722 0.996255 0.076798 11.052645 0.998834 0.037479 0.030425 18.977270
0.027677 0.077502 -0.996608 -223.829089 -0.040099 0.996274 0.076362 11.115884 0.998813 0.037849 0.030681 18.996717
0.027828 0.077723 -0.996586 -224.931283 -0.039870 0.996266 0.076585 11.174277 0.998817 0.037603 0.030823 19.025684
0.027599 0.079245 -0.996473 -226.040219 -0.042947 0.996026 0.078020 11.241387 0.998696 0.040642 0.030893 19.054328
0.026950 0.081509 -0.996308 -227.155715 -0.042099 0.995878 0.080335 11.304233 0.998750 0.039778 0.030270 19.074636
0.025996 0.083290 -0.996186 -228.277864 -0.042369 0.995719 0.082145 11.374942 0.998764 0.040072 0.029414 19.097631
0.025526 0.085278 -0.996030 -229.411232 -0.043737 0.995496 0.084112 11.448409 0.998717 0.041416 0.029141 19.123210
0.024591 0.085667 -0.996020 -230.548826 -0.047113 0.995314 0.084443 11.522281 0.998587 0.044849 0.028512 19.149394
0.023510 0.083444 -0.996235 -231.703658 -0.047191 0.995492 0.082268 11.596438 0.998609 0.045079 0.027341 19.173484
0.022521 0.078091 -0.996692 -232.865237 -0.044427 0.996038 0.077035 11.665374 0.998759 0.042545 0.025901 19.199707
0.020617 0.071765 -0.997208 -234.064289 -0.040620 0.996657 0.070885 11.733385 0.998962 0.039045 0.023464 19.223949
0.018809 0.069124 -0.997431 -235.258377 -0.036353 0.996995 0.068408 11.798792 0.999162 0.034973 0.021265 19.237636
0.016757 0.071339 -0.997311 -236.441443 -0.030875 0.997013 0.070799 11.863436 0.999383 0.029605 0.018910 19.260427
0.014729 0.075018 -0.997073 -237.610169 -0.025965 0.996874 0.074619 11.917263 0.999555 0.024790 0.016631 19.291486
0.013175 0.075866 -0.997031 -238.811411 -0.023376 0.996868 0.075545 11.984787 0.999640 0.022311 0.014907 19.305281
0.010837 0.075730 -0.997069 -240.022983 -0.022685 0.996890 0.075470 12.056916 0.999684 0.021801 0.012522 19.300732
0.008304 0.076889 -0.997005 -241.235156 -0.022251 0.996807 0.076688 12.125156 0.999718 0.021547 0.009988 19.293570
0.005367 0.077883 -0.996948 -242.450025 -0.021057 0.996750 0.077754 12.191405 0.999764 0.020576 0.006990 19.295800
0.003700 0.076986 -0.997025 -243.673578 -0.019953 0.996839 0.076897 12.260127 0.999794 0.019609 0.005224 19.299754
0.001259 0.075939 -0.997111 -244.901499 -0.019935 0.996916 0.075899 12.330657 0.999801 0.019782 0.002769 19.297104
-0.000716 0.076297 -0.997085 -246.140533 -0.020203 0.996881 0.076296 12.400225 0.999796 0.020199 0.000828 19.291617
-0.003274 0.077071 -0.997020 -247.384679 -0.019780 0.996826 0.077121 12.470817 0.999799 0.019973 -0.001739 19.274917
-0.005938 0.077740 -0.996956 -248.645639 -0.021094 0.996742 0.077849 12.543428 0.999760 0.021492 -0.004279 19.259680
-0.007982 0.079461 -0.996806 -249.900033 -0.022808 0.996564 0.079624 12.618542 0.999708 0.023371 -0.006142 19.239721
-0.009787 0.080954 -0.996670 -251.154001 -0.024674 0.996395 0.081174 12.692386 0.999648 0.025386 -0.007754 19.223707
-0.010886 0.081615 -0.996604 -252.405266 -0.026817 0.996281 0.081881 12.765263 0.999581 0.027617 -0.008657 19.206284
-0.011160 0.082203 -0.996553 -253.668917 -0.028173 0.996194 0.082489 12.839362 0.999541 0.028996 -0.008802 19.186732
-0.011021 0.082631 -0.996519 -254.929819 -0.028271 0.996156 0.082914 12.913935 0.999540 0.029087 -0.008643 19.160846
-0.010681 0.081021 -0.996655 -256.202635 -0.025236 0.996373 0.081269 12.987166 0.999625 0.026020 -0.008597 19.141590
-0.010381 0.080039 -0.996738 -257.464507 -0.023279 0.996502 0.080262 13.062832 0.999675 0.024037 -0.008482 19.132003
-0.010215 0.080604 -0.996694 -258.716000 -0.022565 0.996473 0.080817 13.133875 0.999693 0.023316 -0.008360 19.126735
-0.009847 0.080582 -0.996699 -259.965573 -0.023259 0.996460 0.080792 13.205080 0.999681 0.023978 -0.007938 19.112489
-0.009409 0.080831 -0.996683 -261.212262 -0.022149 0.996466 0.081022 13.277316 0.999711 0.022838 -0.007585 19.092791
-0.009455 0.081690 -0.996613 -262.464197 -0.021659 0.996407 0.081879 13.350569 0.999721 0.022360 -0.007652 19.069951
-0.009098 0.083318 -0.996481 -263.706353 -0.017541 0.996356 0.083468 13.425010 0.999805 0.018239 -0.007603 19.054677
-0.009659 0.085847 -0.996261 -264.957029 -0.012637 0.996218 0.085966 13.496971 0.999874 0.013420 -0.008538 19.039314
-0.009208 0.089511 -0.995943 -266.212215 -0.010534 0.995922 0.089606 13.576954 0.999902 0.011317 -0.008228 19.028876
-0.008959 0.090991 -0.995811 -267.455858 -0.008153 0.995812 0.091064 13.653384 0.999927 0.008934 -0.008180 19.017051
-0.008861 0.088885 -0.996002 -268.689437 -0.009247 0.995992 0.088966 13.733273 0.999918 0.009998 -0.008003 18.994526
-0.009260 0.088840 -0.996003 -269.925145 -0.012252 0.995961 0.088950 13.812323 0.999882 0.013027 -0.008134 18.971602
-0.009926 0.093107 -0.995606 -271.164450 -0.019950 0.995439 0.093290 13.896760 0.999752 0.020789 -0.008023 18.942783
-0.009955 0.097989 -0.995138 -272.411457 -0.024322 0.994869 0.098206 13.985337 0.999655 0.025181 -0.007521 18.921862
-0.009935 0.094185 -0.995505 -273.647727 -0.027039 0.995165 0.094422 14.074390 0.999585 0.027855 -0.007340 18.899138
-0.009722 0.087546 -0.996113 -274.877174 -0.025681 0.995810 0.087770 14.164080 0.999623 0.026435 -0.007433 18.880971
-0.010417 0.083833 -0.996425 -276.108578 -0.023328 0.996188 0.084057 14.245883 0.999674 0.024120 -0.008421 18.864944
-0.009585 0.083812 -0.996435 -277.331296 -0.017264 0.996319 0.083968 14.311861 0.999805 0.018007 -0.008103 18.857265
-0.008240 0.085520 -0.996302 -278.562659 -0.014890 0.996215 0.085636 14.390333 0.999855 0.015540 -0.006935 18.854791
-0.006911 0.088196 -0.996079 -279.791223 -0.014805 0.995985 0.088291 14.468719 0.999867 0.015358 -0.005578 18.837249
-0.006080 0.090076 -0.995916 -281.024380 -0.016016 0.995798 0.090163 14.547031 0.999853 0.016499 -0.004611 18.815590
-0.005216 0.091783 -0.995765 -282.261856 -0.016556 0.995634 0.091858 14.630371 0.999850 0.016965 -0.003674 18.804306
-0.004278 0.092171 -0.995734 -283.488903 -0.016845 0.995595 0.092231 14.714742 0.999849 0.017168 -0.002707 18.790332
-0.004070 0.091331 -0.995812 -284.705357 -0.016978 0.995671 0.091388 14.796637 0.999848 0.017278 -0.002502 18.777733
-0.003820 0.089904 -0.995943 -285.920998 -0.016762 0.995805 0.089956 14.882423 0.999852 0.017037 -0.002297 18.766056
-0.003725 0.089227 -0.996004 -287.145658 -0.017142 0.995859 0.089278 14.964248 0.999846 0.017406 -0.002180 18.756141
-0.003242 0.088945 -0.996031 -288.368210 -0.016632 0.995894 0.088987 15.040739 0.999857 0.016854 -0.001750 18.747814
-0.003058 0.088933 -0.996033 -289.595256 -0.017463 0.995881 0.088973 15.120123 0.999843 0.017666 -0.001493 18.740318
-0.002825 0.089663 -0.995968 -290.821248 -0.017643 0.995813 0.089699 15.201684 0.999841 0.017825 -0.001231 18.727154
-0.002661 0.089386 -0.995993 -292.053118 -0.016999 0.995849 0.089419 15.284626 0.999852 0.017169 -0.001131 18.721670
-0.002535 0.087753 -0.996139 -293.273279 -0.016934 0.995996 0.087783 15.364156 0.999854 0.017091 -0.001039 18.718069
-0.002657 0.085271 -0.996354 -294.496535 -0.016939 0.996211 0.085304 15.443104 0.999853 0.017104 -0.001202 18.712573
-0.002767 0.082627 -0.996576 -295.724502 -0.017762 0.996419 0.082664 15.517162 0.999839 0.017930 -0.001290 18.699309
-0.003144 0.082013 -0.996626 -296.954447 -0.020303 0.996421 0.082060 15.591057 0.999789 0.020493 -0.001467 18.688868
-0.003495 0.082673 -0.996570 -298.184335 -0.023269 0.996300 0.082732 15.663066 0.999723 0.023478 -0.001558 18.672018
-0.004290 0.084078 -0.996450 -299.418349 -0.026754 0.996093 0.084163 15.739182 0.999633 0.027020 -0.002024 18.654902
-0.004777 0.085027 -0.996367 -300.652253 -0.030052 0.995916 0.085133 15.816307 0.999537 0.030349 -0.002203 18.627915
-0.005132 0.084496 -0.996410 -301.881805 -0.030596 0.995944 0.084614 15.893360 0.999519 0.030920 -0.002526 18.616642
-0.005534 0.082421 -0.996582 -303.115481 -0.029903 0.996138 0.082550 15.969535 0.999538 0.030258 -0.003048 18.604348
-0.006283 0.080762 -0.996713 -304.353616 -0.026320 0.996375 0.080900 16.043057 0.999634 0.026742 -0.004134 18.593904
-0.006995 0.081198 -0.996673 -305.599932 -0.023307 0.996414 0.081341 16.116923 0.999704 0.023799 -0.005077 18.580542
-0.007556 0.083571 -0.996473 -306.834899 -0.021696 0.996253 0.083717 16.191508 0.999736 0.022252 -0.005715 18.574648
-0.007922 0.084544 -0.996388 -308.072745 -0.020779 0.996190 0.084693 16.266599 0.999753 0.021375 -0.006135 18.566387
-0.008628 0.083229 -0.996493 -309.312424 -0.021951 0.996274 0.083401 16.343670 0.999722 0.022593 -0.006769 18.541292
-0.008284 0.082605 -0.996548 -310.559340 -0.022572 0.996313 0.082773 16.420966 0.999711 0.023180 -0.006389 18.521254
-0.007275 0.082248 -0.996585 -311.803224 -0.021810 0.996362 0.082389 16.496014 0.999736 0.022335 -0.005455 18.507033
-0.006707 0.082522 -0.996567 -313.044141 -0.020167 0.996375 0.082641 16.572659 0.999774 0.020652 -0.005019 18.492619
-0.006277 0.083102 -0.996521 -314.287399 -0.016535 0.996396 0.083196 16.645529 0.999844 0.017000 -0.004880 18.480687
