1.000000 0.000000 0.000000 0.000000 -0.000000 1.000000 0.000000 0.000000 -0.000000 0.000000 1.000000 0.000000
0.999992 -0.002038 -0.003565 -0.018325 0.002033 0.999997 -0.001298 -0.017619 0.003567 0.001291 0.999993 0.734442
0.999992 -0.002005 -0.003598 -0.003109 0.001996 0.999995 -0.002625 -0.033173 0.003603 0.002617 0.999990 1.344466
0.999982 -0.002981 -0.005169 -0.010267 0.002959 0.999986 -0.004282 -0.051624 0.005182 0.004267 0.999977 1.912480
0.999961 -0.005480 -0.006982 -0.009862 0.005438 0.999968 -0.005951 -0.064200 0.007015 0.005913 0.999958 2.467716
0.999941 -0.006949 -0.008384 -0.009542 0.006888 0.999950 -0.007310 -0.076258 0.008434 0.007252 0.999938 3.024670
0.999921 -0.007911 -0.009795 -0.017102 0.007837 0.999941 -0.007529 -0.089783 0.009854 0.007451 0.999924 3.593192
0.999906 -0.007668 -0.011326 -0.024174 0.007592 0.999948 -0.006810 -0.105760 0.011378 0.006723 0.999913 4.178426
0.999895 -0.007978 -0.012056 -0.030824 0.007885 0.999939 -0.007745 -0.123433 0.012117 0.007649 0.999897 4.768783
0.999886 -0.007390 -0.013179 -0.043205 0.007251 0.999918 -0.010541 -0.141141 0.013256 0.010444 0.999858 5.368755
0.999871 -0.005642 -0.015051 -0.067611 0.005428 0.999884 -0.014244 -0.156072 0.015129 0.014160 0.999785 5.971312
0.999855 -0.003736 -0.016620 -0.085010 0.003455 0.999851 -0.016901 -0.167990 0.016681 0.016841 0.999719 6.582109
0.999842 -0.001330 -0.017752 -0.102234 0.001078 0.999899 -0.014187 -0.184022 0.017769 0.014166 0.999742 7.213702
0.999823 -0.000085 -0.018829 -0.119061 -0.000013 0.999986 -0.005220 -0.198611 0.018830 0.005219 0.999809 7.859789
0.999813 0.000749 -0.019303 -0.131166 -0.000643 0.999985 0.005498 -0.211170 0.019307 -0.005485 0.999799 8.528242
0.999788 0.002448 -0.020464 -0.152410 -0.002272 0.999960 0.008622 -0.231552 0.020484 -0.008574 0.999753 9.205157
0.999758 0.004609 -0.021524 -0.175441 -0.004497 0.999976 0.005245 -0.245354 0.021548 -0.005146 0.999755 9.892040
0.999721 0.006893 -0.022610 -0.205737 -0.006953 0.999973 -0.002575 -0.247632 0.022592 0.002732 0.999741 10.586908
0.999703 0.005329 -0.023801 -0.226563 -0.005466 0.999969 -0.005684 -0.246832 0.023770 0.005812 0.999701 11.303919
0.999690 0.004142 -0.024548 -0.241177 -0.004145 0.999991 -0.000094 -0.246457 0.024548 0.000196 0.999699 12.049800
0.999687 0.003741 -0.024717 -0.259925 -0.003503 0.999947 0.009662 -0.261893 0.024752 -0.009572 0.999648 12.824396
0.999681 0.002286 -0.025157 -0.284471 -0.001923 0.999894 0.014462 -0.270060 0.025187 -0.014409 0.999579 13.608047
0.999672 0.000763 -0.025601 -0.306833 -0.000353 0.999871 0.016042 -0.271948 0.025610 -0.016028 0.999544 14.408275
0.999661 -0.001294 -0.025995 -0.331724 0.001678 0.999889 0.014780 -0.268405 0.025973 -0.014818 0.999553 15.210455
0.999678 -0.000125 -0.025383 -0.353955 0.000441 0.999922 0.012457 -0.267523 0.025379 -0.012465 0.999600 16.042441
0.999694 0.001603 -0.024665 -0.382545 -0.001405 0.999967 0.008032 -0.263816 0.024677 -0.007995 0.999663 16.886843
0.999707 -0.002120 -0.024106 -0.403685 0.002174 0.999995 0.002234 -0.275641 0.024101 -0.002286 0.999707 17.743317
0.999725 -0.004351 -0.023023 -0.417800 0.004257 0.999982 -0.004124 -0.288960 0.023040 0.004024 0.999726 18.608538
0.999750 -0.001467 -0.022329 -0.442241 0.001308 0.999973 -0.007165 -0.299926 0.022339 0.007134 0.999725 19.501491
0.999740 -0.000734 -0.022806 -0.468890 0.000566 0.999973 -0.007369 -0.318681 0.022810 0.007354 0.999713 20.416613
0.999745 -0.001335 -0.022552 -0.494092 0.001176 0.999974 -0.007073 -0.343517 0.022561 0.007045 0.999721 21.353632
0.999740 0.000448 -0.022793 -0.523187 -0.000643 0.999963 -0.008564 -0.363862 0.022789 0.008576 0.999704 22.295727
0.999739 0.002812 -0.022669 -0.558125 -0.003041 0.999945 -0.010057 -0.386879 0.022640 0.010123 0.999692 23.245499
0.999711 0.007429 -0.022881 -0.590803 -0.007668 0.999917 -0.010358 -0.410611 0.022802 0.010531 0.999685 24.211906
0.999705 0.008182 -0.022886 -0.612010 -0.008419 0.999912 -0.010297 -0.441061 0.022800 0.010486 0.999685 25.187695
0.999703 0.008266 -0.022910 -0.642088 -0.008504 0.999911 -0.010298 -0.469030 0.022823 0.010490 0.999684 26.168720
0.999684 0.008841 -0.023524 -0.669202 -0.009072 0.999911 -0.009753 -0.494619 0.023436 0.009963 0.999676 27.153807
0.999674 0.009502 -0.023683 -0.697176 -0.009701 0.999919 -0.008291 -0.522275 0.023602 0.008518 0.999685 28.157649
0.999668 0.009661 -0.023885 -0.726133 -0.009810 0.999933 -0.006122 -0.546905 0.023824 0.006355 0.999696 29.175353
0.999668 0.009217 -0.024043 -0.749492 -0.009358 0.999940 -0.005773 -0.573178 0.023988 0.005996 0.999694 30.184838
0.999667 0.008788 -0.024253 -0.779759 -0.008948 0.999939 -0.006511 -0.598987 0.024195 0.006726 0.999685 31.209505
0.999644 0.010662 -0.024465 -0.804726 -0.010833 0.999918 -0.006860 -0.621369 0.024390 0.007123 0.999677 32.234655
0.999654 0.009980 -0.024334 -0.830116 -0.010112 0.999935 -0.005296 -0.648405 0.024279 0.005540 0.999690 33.277200
0.999636 0.009598 -0.025223 -0.853561 -0.009654 0.999951 -0.002102 -0.672396 0.025202 0.002345 0.999680 34.318356
0.999619 0.010027 -0.025734 -0.888747 -0.009999 0.999949 0.001242 -0.693964 0.025745 -0.000985 0.999668 35.376515
0.999616 0.008931 -0.026240 -0.912875 -0.008856 0.999956 0.002999 -0.718421 0.026266 -0.002765 0.999651 36.441784
0.999605 0.008452 -0.026802 -0.946705 -0.008374 0.999960 0.003031 -0.735767 0.026827 -0.002805 0.999636 37.513267
0.999591 0.007837 -0.027486 -0.983253 -0.007790 0.999968 0.001830 -0.754433 0.027499 -0.001615 0.999621 38.590376
0.999568 0.008499 -0.028126 -1.020222 -0.008445 0.999962 0.002048 -0.773546 0.028143 -0.001809 0.999602 39.672074
0.999536 0.008758 -0.029178 -1.053307 -0.008658 0.999956 0.003550 -0.792988 0.029208 -0.003295 0.999568 40.739666
0.999527 0.008250 -0.029621 -1.092913 -0.008083 0.999951 0.005746 -0.817449 0.029667 -0.005504 0.999545 41.828734
0.999498 0.008322 -0.030584 -1.132955 -0.008083 0.999936 0.007925 -0.837247 0.030648 -0.007674 0.999501 42.932213
0.999475 0.010465 -0.030666 -1.171712 -0.010259 0.999924 0.006877 -0.851293 0.030736 -0.006558 0.999506 44.022603
0.999459 0.011457 -0.030826 -1.210777 -0.011382 0.999932 0.002584 -0.871612 0.030854 -0.002232 0.999521 45.081118
0.999439 0.012372 -0.031112 -1.252620 -0.012375 0.999923 0.000095 -0.889633 0.031111 0.000290 0.999516 46.140011
0.999449 0.012207 -0.030865 -1.294842 -0.012163 0.999925 0.001625 -0.910624 0.030883 -0.001248 0.999522 47.217222
0.999446 0.012508 -0.030847 -1.332335 -0.012399 0.999916 0.003716 -0.932963 0.030891 -0.003332 0.999517 48.303795
0.999455 0.012891 -0.030387 -1.366424 -0.012730 0.999904 0.005459 -0.954511 0.030454 -0.005069 0.999523 49.388026
0.999471 0.011841 -0.030277 -1.403874 -0.011662 0.999913 0.006096 -0.971846 0.030346 -0.005739 0.999523 50.467807
0.999488 0.011523 -0.029862 -1.441981 -0.011355 0.999919 0.005796 -0.991613 0.029926 -0.005454 0.999537 51.541923
0.999519 0.009364 -0.029563 -1.480139 -0.009267 0.999951 0.003437 -1.011606 0.029594 -0.003161 0.999557 52.616890
0.999533 0.009085 -0.029160 -1.513644 -0.009049 0.999958 0.001370 -1.030185 0.029171 -0.001105 0.999574 53.693973
0.999539 0.008246 -0.029233 -1.548845 -0.008288 0.999965 -0.001296 -1.056155 0.029221 0.001538 0.999572 54.786714
0.999574 0.006777 -0.028405 -1.578236 -0.006907 0.999966 -0.004490 -1.084074 0.028373 0.004685 0.999586 55.862013
0.999569 0.006403 -0.028661 -1.611252 -0.006546 0.999967 -0.004893 -1.110788 0.028629 0.005079 0.999577 56.936245
0.999584 0.005204 -0.028384 -1.644733 -0.005242 0.999985 -0.001268 -1.136232 0.028377 0.001417 0.999596 58.013521
0.999598 0.003807 -0.028100 -1.674375 -0.003643 0.999976 0.005912 -1.157456 0.028122 -0.005807 0.999588 59.102664
0.999605 0.001966 -0.028045 -1.706019 -0.001694 0.999951 0.009714 -1.179700 0.028063 -0.009663 0.999559 60.189007
0.999611 -0.000385 -0.027874 -1.737443 0.000639 0.999958 0.009116 -1.193907 0.027869 -0.009131 0.999570 61.274999
0.999609 -0.004718 -0.027568 -1.772267 0.004882 0.999971 0.005870 -1.212641 0.027540 -0.006002 0.999603 62.362378
0.999616 -0.002622 -0.027589 -1.798667 0.002689 0.999993 0.002414 -1.227550 0.027582 -0.002487 0.999616 63.438334
0.999613 -0.001118 -0.027795 -1.836463 0.001085 0.999999 -0.001185 -1.251679 0.027796 0.001155 0.999613 64.522640
0.999624 -0.000946 -0.027400 -1.869292 0.000817 0.999988 -0.004730 -1.274937 0.027404 0.004706 0.999613 65.613605
0.999641 0.004012 -0.026480 -1.908184 -0.004105 0.999986 -0.003477 -1.299840 0.026466 0.003584 0.999643 66.691297
0.999628 0.007203 -0.026312 -1.950650 -0.007207 0.999974 -0.000051 -1.325921 0.026311 0.000240 0.999654 67.785571
0.999622 0.008072 -0.026277 -1.979933 -0.008040 0.999967 0.001336 -1.350571 0.026287 -0.001124 0.999654 68.890761
0.999626 0.006981 -0.026425 -2.022479 -0.006924 0.999974 0.002249 -1.372465 0.026440 -0.002065 0.999648 69.985256
0.999630 0.005516 -0.026649 -2.049446 -0.005433 0.999980 0.003170 -1.395963 0.026666 -0.003024 0.999640 71.079078
0.999636 0.004620 -0.026564 -2.075742 -0.004487 0.999977 0.005042 -1.417715 0.026587 -0.004921 0.999634 72.174110
0.999626 0.003183 -0.027170 -2.107030 -0.002991 0.999970 0.007101 -1.438903 0.027192 -0.007017 0.999606 73.265221
0.999617 0.001782 -0.027611 -2.139967 -0.001558 0.999966 0.008123 -1.459864 0.027624 -0.008077 0.999586 74.351772
0.999601 0.001224 -0.028217 -2.175433 -0.001058 0.999982 0.005903 -1.479936 0.028223 -0.005871 0.999584 75.435898
0.999580 0.002211 -0.028884 -2.213709 -0.002147 0.999995 0.002243 -1.499268 0.028889 -0.002180 0.999580 76.504149
0.999553 0.003842 -0.029647 -2.249578 -0.003791 0.999991 0.001798 -1.521829 0.029653 -0.001684 0.999559 77.568209
0.999524 0.005462 -0.030362 -2.287912 -0.005327 0.999976 0.004514 -1.543725 0.030386 -0.004350 0.999529 78.639679
0.999505 0.007262 -0.030602 -2.327306 -0.006990 0.999935 0.008974 -1.561807 0.030665 -0.008755 0.999491 79.732842
0.999476 0.008500 -0.031235 -2.368005 -0.008120 0.999892 0.012265 -1.582313 0.031336 -0.012004 0.999437 80.813305
0.999475 0.008364 -0.031309 -2.405596 -0.008003 0.999900 0.011637 -1.597032 0.031403 -0.011380 0.999442 81.884975
0.999451 0.008133 -0.032128 -2.445939 -0.007810 0.999918 0.010175 -1.606759 0.032208 -0.009919 0.999432 82.934890
0.999420 0.008858 -0.032873 -2.484403 -0.008546 0.999917 0.009615 -1.621002 0.032956 -0.009328 0.999413 83.975404
0.999428 0.007743 -0.032934 -2.524821 -0.007421 0.999924 0.009884 -1.639392 0.033008 -0.009634 0.999409 85.027714
0.999401 0.007032 -0.033889 -2.569556 -0.006677 0.999922 0.010577 -1.655038 0.033960 -0.010345 0.999370 86.060942
0.999388 0.006441 -0.034396 -2.604171 -0.005994 0.999896 0.013098 -1.669674 0.034477 -0.012884 0.999322 87.067798
0.999373 0.006059 -0.034875 -2.641380 -0.005537 0.999872 0.015023 -1.687655 0.034962 -0.014820 0.999279 88.057620
0.999326 0.004905 -0.036376 -2.681520 -0.004320 0.999860 0.016144 -1.700404 0.036450 -0.015976 0.999208 89.026987
0.999236 0.003353 -0.038934 -2.726032 -0.002741 0.999872 0.015766 -1.714792 0.038981 -0.015647 0.999117 89.978601
0.999086 0.003644 -0.042599 -2.771273 -0.003003 0.999882 0.015091 -1.729371 0.042648 -0.014950 0.998978 90.902732
0.998952 0.002736 -0.045682 -2.816126 -0.002072 0.999892 0.014583 -1.739737 0.045717 -0.014473 0.998850 91.795268
0.998801 0.004280 -0.048762 -2.861826 -0.003522 0.999872 0.015617 -1.749561 0.048822 -0.015427 0.998688 92.669100
0.998632 0.005651 -0.051981 -2.910055 -0.004787 0.999849 0.016718 -1.762314 0.052068 -0.016447 0.998508 93.522156
0.998493 0.006632 -0.054480 -2.964680 -0.005659 0.999822 0.017985 -1.775080 0.054589 -0.017649 0.998353 94.360642
0.998311 0.007616 -0.057590 -3.017737 -0.006516 0.999793 0.019273 -1.786458 0.057725 -0.018865 0.998154 95.165882
0.998150 0.008869 -0.060144 -3.071300 -0.007662 0.999765 0.020271 -1.793269 0.060310 -0.019773 0.997984 95.944416
0.997958 0.011734 -0.062789 -3.125397 -0.010441 0.999728 0.020870 -1.798624 0.063017 -0.020172 0.997809 96.700979
0.997771 0.013426 -0.065366 -3.183431 -0.012233 0.999752 0.018621 -1.812109 0.065600 -0.017780 0.997688 97.421253
0.997604 0.014162 -0.067725 -3.233871 -0.013174 0.999800 0.015025 -1.825073 0.067924 -0.014097 0.997591 98.100690
0.997372 0.016705 -0.070505 -3.294548 -0.015916 0.999805 0.011724 -1.832783 0.070687 -0.010571 0.997443 98.749871
0.997208 0.019128 -0.072179 -3.346964 -0.018464 0.999781 0.009862 -1.839960 0.072352 -0.008502 0.997343 99.374773
0.997156 0.021509 -0.072228 -3.398066 -0.020895 0.999739 0.009241 -1.853397 0.072408 -0.007706 0.997345 99.974003
0.997213 0.024409 -0.070502 -3.446489 -0.023753 0.999667 0.010130 -1.867644 0.070726 -0.008427 0.997460 100.547106
0.997408 0.027769 -0.066373 -3.492072 -0.027056 0.999567 0.011609 -1.881537 0.066667 -0.009783 0.997727 101.093522
0.997743 0.029556 -0.060292 -3.533900 -0.028811 0.999498 0.013191 -1.889650 0.060651 -0.011424 0.998094 101.619751
0.998215 0.029531 -0.051919 -3.561415 -0.028767 0.999467 0.015407 -1.896799 0.052346 -0.013886 0.998532 102.119377
0.998708 0.029718 -0.041232 -3.578177 -0.029008 0.999422 0.017716 -1.899441 0.041735 -0.016497 0.998993 102.604701
0.999172 0.029094 -0.028440 -3.585099 -0.028575 0.999421 0.018496 -1.906824 0.028962 -0.017668 0.999424 103.067924
0.999521 0.027433 -0.014331 -3.579539 -0.027164 0.999457 0.018658 -1.913087 0.014835 -0.018260 0.999723 103.509873
0.999639 0.026804 0.001814 -3.561403 -0.026831 0.999492 0.017172 -1.922561 -0.001353 -0.017214 0.999851 103.940408
0.999445 0.025810 0.021084 -3.546276 -0.026099 0.999567 0.013580 -1.928219 -0.020725 -0.014122 0.999685 104.356082
0.998754 0.024710 0.043353 -3.516554 -0.025122 0.999644 0.008991 -1.933612 -0.043115 -0.010069 0.999019 104.753537
0.997388 0.021937 0.068825 -3.471133 -0.022312 0.999740 0.004678 -1.943127 -0.068704 -0.006201 0.997618 105.151065
0.995098 0.019714 0.096913 -3.415019 -0.020077 0.999795 0.002772 -1.947029 -0.096838 -0.004704 0.995289 105.538030
0.991630 0.017020 0.127985 -3.342089 -0.017338 0.999849 0.001370 -1.954027 -0.127942 -0.003577 0.991775 105.925289
0.986754 0.015101 0.161522 -3.255827 -0.015166 0.999885 -0.000828 -1.962696 -0.161516 -0.001632 0.986869 106.298345
0.980023 0.011328 0.198564 -3.149105 -0.011189 0.999936 -0.001824 -1.973104 -0.198572 -0.000434 0.980086 106.657196
0.971211 0.007934 0.238088 -3.021229 -0.007558 0.999968 -0.002491 -1.987234 -0.238101 0.000620 0.971240 107.011692
0.960419 0.005940 0.278495 -2.886115 -0.005231 0.999981 -0.003288 -1.998332 -0.278509 0.001701 0.960432 107.353096
0.947014 0.007865 0.321095 -2.746802 -0.006891 0.999968 -0.004167 -2.007839 -0.321117 0.001734 0.947038 107.684503
0.930579 0.008554 0.365990 -2.592498 -0.007641 0.999963 -0.003941 -2.012555 -0.366011 0.000871 0.930610 108.005500
0.912167 0.009297 0.409714 -2.417998 -0.008909 0.999956 -0.002858 -2.018961 -0.409722 -0.001043 0.912210 108.317138
0.890913 0.007307 0.454115 -2.228867 -0.007131 0.999972 -0.002099 -2.026369 -0.454118 -0.001369 0.890941 108.618420
0.867208 0.006095 0.497909 -2.029035 -0.005058 0.999981 -0.003430 -2.038274 -0.497921 0.000456 0.867222 108.898686
0.841700 0.006308 0.539909 -1.819478 -0.003826 0.999976 -0.005718 -2.052044 -0.539933 0.002748 0.841704 109.165333
0.813091 0.009099 0.582065 -1.580344 -0.003996 0.999942 -0.010050 -2.068435 -0.582123 0.005845 0.813080 109.420211
0.781026 0.013588 0.624351 -1.324664 -0.006052 0.999881 -0.014190 -2.076053 -0.624469 0.007305 0.781015 109.669004
0.745682 0.019818 0.666007 -1.071899 -0.010656 0.999784 -0.017819 -2.086370 -0.666217 0.006190 0.745733 109.905899
0.708100 0.022068 0.705767 -0.814352 -0.011127 0.999736 -0.020097 -2.095636 -0.706025 0.006378 0.708159 110.133402
0.668758 0.020569 0.743195 -0.531305 -0.007962 0.999758 -0.020505 -2.109027 -0.743438 0.007796 0.668760 110.340529
0.626919 0.018253 0.778871 -0.221843 -0.006223 0.999811 -0.018422 -2.119298 -0.779060 0.006702 0.626914 110.542731
0.581716 0.015594 0.813242 0.103391 -0.004571 0.999863 -0.015903 -2.132141 -0.813379 0.005534 0.581708 110.723664
0.535188 0.014115 0.844615 0.454217 -0.005538 0.999898 -0.013200 -2.137570 -0.844715 0.002387 0.535211 110.905338
0.486217 0.009777 0.873783 0.809904 -0.001987 0.999947 -0.010083 -2.153951 -0.873836 0.003166 0.486211 111.054195
0.435306 0.007070 0.900255 1.179945 -0.002880 0.999975 -0.006460 -2.170204 -0.900278 0.000220 0.435315 111.187731
0.383761 0.007818 0.923399 1.548887 -0.005133 0.999967 -0.006333 -2.182799 -0.923418 -0.002310 0.383788 111.308939
0.333154 0.013424 0.942777 1.917981 -0.008490 0.999901 -0.011237 -2.193273 -0.942834 -0.004260 0.333235 111.413340
0.283891 0.017050 0.958705 2.295449 -0.008311 0.999848 -0.015321 -2.201562 -0.958821 -0.003618 0.283990 111.491853
0.239010 0.017350 0.970862 2.709017 -0.004402 0.999849 -0.016784 -2.215947 -0.971007 -0.000262 0.239051 111.554827
0.200281 0.016066 0.979606 3.138004 0.004644 0.999839 -0.017347 -2.228632 -0.979728 0.008023 0.200175 111.602472
0.167107 0.016553 0.985800 3.588900 0.011312 0.999761 -0.018705 -2.235941 -0.985874 0.014277 0.166880 111.634601
0.137261 0.017317 0.990383 4.044448 0.012823 0.999732 -0.019257 -2.249565 -0.990452 0.015343 0.137002 111.668810
0.110543 0.014598 0.993764 4.510175 0.006948 0.999856 -0.015460 -2.260556 -0.993847 0.008614 0.110425 111.713991
0.086134 0.011527 0.996217 5.003014 0.000354 0.999933 -0.011601 -2.279812 -0.996284 0.001352 0.086124 111.765271
0.062884 0.007295 0.997994 5.522307 -0.000977 0.999973 -0.007248 -2.295229 -0.998021 -0.000520 0.062889 111.803687
0.041341 0.005769 0.999128 6.049608 0.005234 0.999968 -0.005991 -2.309401 -0.999132 0.005477 0.041309 111.805802
0.021805 0.006391 0.999742 6.587669 0.013367 0.999888 -0.006683 -2.324060 -0.999673 0.013510 0.021718 111.787246
0.005961 0.010252 0.999929 7.150287 0.015977 0.999819 -0.010346 -2.338030 -0.999855 0.016038 0.005796 111.760621
-0.008184 0.016568 0.999829 7.725108 0.014839 0.999755 -0.016446 -2.343963 -0.999857 0.014701 -0.008428 111.746302
-0.016353 0.018363 0.999697 8.317646 0.012716 0.999754 -0.018156 -2.347598 -0.999786 0.012416 -0.016582 111.743179
-0.020623 0.016913 0.999644 8.944823 0.016688 0.999723 -0.016570 -2.361152 -0.999648 0.016341 -0.020899 111.729220
-0.022153 0.013589 0.999662 9.591866 0.020753 0.999698 -0.013130 -2.381843 -0.999539 0.020455 -0.022428 111.705870
-0.020854 0.012641 0.999702 10.258706 0.023285 0.999655 -0.012155 -2.401810 -0.999512 0.023025 -0.021142 111.686773
-0.019073 0.012495 0.999740 10.945845 0.018475 0.999756 -0.012142 -2.421905 -0.999648 0.018239 -0.019299 111.677963
-0.017727 0.012787 0.999761 11.659776 0.017417 0.999770 -0.012478 -2.437175 -0.999691 0.017192 -0.017946 111.675348
-0.016592 0.013459 0.999772 12.374574 0.017265 0.999764 -0.013173 -2.451874 -0.999713 0.017042 -0.016821 111.672180
-0.015800 0.013827 0.999779 13.100620 0.017917 0.999748 -0.013543 -2.472911 -0.999715 0.017699 -0.016044 111.657696
-0.015438 0.013071 0.999795 13.840481 0.017272 0.999769 -0.012804 -2.496791 -0.999732 0.017071 -0.015661 111.650921
-0.014563 0.011826 0.999824 14.599436 0.016609 0.999795 -0.011584 -2.516111 -0.999756 0.016438 -0.014756 111.650864
-0.014340 0.010160 0.999845 15.369944 0.020743 0.999736 -0.009861 -2.535060 -0.999682 0.020598 -0.014547 111.644513
-0.014665 0.006938 0.999868 16.158468 0.021765 0.999741 -0.006617 -2.552668 -0.999656 0.021665 -0.014812 111.637386
-0.015850 0.006687 0.999852 16.953331 0.022290 0.999731 -0.006333 -2.572108 -0.999626 0.022187 -0.015994 111.633544
-0.016604 0.004602 0.999851 17.744967 0.023617 0.999712 -0.004209 -2.583600 -0.999583 0.023544 -0.016708 111.625968
-0.017722 0.002113 0.999841 18.554991 0.025575 0.999672 -0.001659 -2.603409 -0.999516 0.025542 -0.017770 111.608699
-0.018507 -0.000162 0.999829 19.369511 0.027455 0.999623 0.000671 -2.623311 -0.999452 0.027463 -0.018495 111.587528
-0.019487 0.001046 0.999809 20.192510 0.025726 0.999669 -0.000544 -2.640332 -0.999479 0.025711 -0.019508 111.581089
-0.021023 0.006199 0.999760 21.016380 0.022997 0.999719 -0.005715 -2.652907 -0.999515 0.022871 -0.021159 111.571892
-0.021949 0.009250 0.999716 21.846320 0.021977 0.999720 -0.008768 -2.670396 -0.999518 0.021778 -0.022146 111.553801
-0.023066 0.009623 0.999687 22.682007 0.021393 0.999729 -0.009130 -2.695866 -0.999505 0.021176 -0.023265 111.536032
-0.024218 0.006389 0.999686 23.529181 0.017423 0.999830 -0.005968 -2.711859 -0.999555 0.017273 -0.024325 111.524691
-0.024965 0.001811 0.999687 24.381123 0.012477 0.999921 -0.001500 -2.734423 -0.999611 0.012436 -0.024986 111.518273
-0.025473 -0.004330 0.999666 25.228806 0.011751 0.999920 0.004630 -2.755243 -0.999607 0.011865 -0.025420 111.507931
-0.025748 -0.008703 0.999630 26.071685 0.007270 0.999934 0.008893 -2.775517 -0.999642 0.007496 -0.025683 111.493202
-0.024932 -0.007596 0.999660 26.912526 0.007072 0.999945 0.007775 -2.789607 -0.999664 0.007264 -0.024877 111.482585
-0.024273 0.002520 0.999702 27.735768 0.010381 0.999944 -0.002268 -2.809917 -0.999652 0.010323 -0.024298 111.462915
-0.023786 0.012399 0.999640 28.578102 0.011903 0.999856 -0.012119 -2.826309 -0.999646 0.011610 -0.023931 111.441475
-0.022811 0.012467 0.999662 29.412218 0.013611 0.999833 -0.012159 -2.842728 -0.999647 0.013329 -0.022976 111.426283
-0.021375 0.004035 0.999763 30.249618 0.015910 0.999867 -0.003695 -2.863693 -0.999645 0.015827 -0.021437 111.411149
-0.020569 -0.000796 0.999788 31.085100 0.019023 0.999818 0.001188 -2.898746 -0.999608 0.019044 -0.020550 111.395917
-0.020774 -0.002209 0.999782 31.911477 0.019885 0.999799 0.002622 -2.922045 -0.999587 0.019935 -0.020726 111.378283
-0.021129 -0.001823 0.999775 32.727404 0.016430 0.999863 0.002170 -2.932176 -0.999642 0.016472 -0.021096 111.369215
-0.022460 -0.001441 0.999747 33.539759 0.013035 0.999914 0.001734 -2.947605 -0.999663 0.013071 -0.022439 111.357229
-0.024432 -0.001507 0.999700 34.350433 0.011045 0.999937 0.001777 -2.965030 -0.999641 0.011085 -0.024414 111.347781
-0.026887 -0.001703 0.999637 35.171137 0.011790 0.999928 0.002021 -2.985026 -0.999569 0.011840 -0.026865 111.325893
-0.029265 -0.000960 0.999571 35.973146 0.008898 0.999960 0.001221 -3.005476 -0.999532 0.008930 -0.029255 111.307875
-0.031677 -0.001462 0.999497 36.768577 0.007607 0.999970 0.001704 -3.022262 -0.999469 0.007657 -0.031665 111.286834
-0.033330 -0.002895 0.999440 37.560373 0.006201 0.999976 0.003104 -3.038135 -0.999425 0.006301 -0.033311 111.271192
-0.034995 -0.003715 0.999380 38.352930 0.005383 0.999978 0.003905 -3.057016 -0.999373 0.005516 -0.034974 111.255826
-0.037066 -0.003233 0.999307 39.137916 0.006457 0.999973 0.003475 -3.081073 -0.999292 0.006582 -0.037044 111.229318
-0.038827 -0.002349 0.999243 39.921985 0.005399 0.999982 0.002561 -3.093391 -0.999232 0.005494 -0.038814 111.200046
-0.039722 -0.002706 0.999207 40.702895 0.006563 0.999974 0.002969 -3.109056 -0.999189 0.006676 -0.039703 111.168464
-0.041570 -0.004154 0.999127 41.468989 0.007718 0.999960 0.004479 -3.125928 -0.999106 0.007897 -0.041537 111.134562
-0.042852 -0.004804 0.999070 42.236202 0.008231 0.999953 0.005161 -3.144311 -0.999048 0.008444 -0.042811 111.108556
-0.043913 -0.005214 0.999022 42.989925 0.006992 0.999960 0.005526 -3.161061 -0.999011 0.007228 -0.043875 111.080920
-0.045013 -0.006405 0.998966 43.727246 0.005377 0.999963 0.006654 -3.175351 -0.998972 0.005671 -0.044977 111.056128
-0.045919 -0.007984 0.998913 44.452672 0.004561 0.999956 0.008202 -3.184738 -0.998935 0.004933 -0.045881 111.030368
-0.046582 -0.007268 0.998888 45.161215 0.004430 0.999962 0.007483 -3.200296 -0.998905 0.004774 -0.046548 110.999482
-0.046747 -0.004442 0.998897 45.854685 0.004848 0.999977 0.004674 -3.217468 -0.998895 0.005061 -0.046724 110.972199
-0.047106 -0.002305 0.998887 46.559862 0.003666 0.999990 0.002480 -3.233991 -0.998883 0.003779 -0.047098 110.943795
-0.047147 -0.000735 0.998887 47.262030 0.002464 0.999997 0.000852 -3.251692 -0.998885 0.002501 -0.047145 110.918336
-0.047087 -0.000339 0.998891 47.949042 0.003843 0.999992 0.000520 -3.269507 -0.998884 0.003863 -0.047085 110.891160
-0.047109 -0.000642 0.998889 48.616954 0.005334 0.999985 0.000894 -3.282762 -0.998876 0.005370 -0.047105 110.856834
-0.047447 -0.001239 0.998873 49.307115 0.004097 0.999991 0.001435 -3.301045 -0.998866 0.004161 -0.047442 110.828725
-0.047876 -0.000751 0.998853 50.022903 0.000572 1.000000 0.000779 -3.318487 -0.998853 0.000608 -0.047875 110.807690
-0.047510 -0.001258 0.998870 50.710981 -0.000269 0.999999 0.001247 -3.337963 -0.998871 -0.000210 -0.047510 110.785083
-0.047634 -0.002637 0.998861 51.378662 0.002054 0.999994 0.002738 -3.353498 -0.998863 0.002182 -0.047628 110.755469
-0.049740 -0.002877 0.998758 52.061598 0.001360 0.999995 0.002948 -3.370374 -0.998761 0.001504 -0.049736 110.720102
-0.054287 -0.004069 0.998517 52.739040 -0.004094 0.999984 0.003852 -3.383550 -0.998517 -0.003879 -0.054303 110.698268
-0.059711 -0.002663 0.998212 53.406481 -0.005223 0.999984 0.002356 -3.402176 -0.998202 -0.005073 -0.059724 110.672076
-0.065861 0.000954 0.997828 54.069079 0.000680 0.999999 -0.000911 -3.416130 -0.997829 0.000619 -0.065862 110.622116
-0.072867 0.003353 0.997336 54.728002 0.001980 0.999993 -0.003217 -3.425671 -0.997340 0.001741 -0.072873 110.568643
-0.080010 0.003523 0.996788 55.397063 -0.001886 0.999991 -0.003686 -3.438728 -0.996792 -0.002175 -0.080002 110.516532
-0.085737 0.002703 0.996314 56.077931 -0.004818 0.999984 -0.003128 -3.456925 -0.996306 -0.005068 -0.085723 110.471006
-0.090720 0.001627 0.995875 56.764426 -0.004464 0.999988 -0.002040 -3.475023 -0.995867 -0.004631 -0.090712 110.410472
-0.095305 0.002064 0.995446 57.457770 -0.007088 0.999971 -0.002752 -3.492172 -0.995423 -0.007318 -0.095287 110.348211
-0.098836 0.000722 0.995103 58.153805 -0.008241 0.999965 -0.001544 -3.500934 -0.995070 -0.008354 -0.098827 110.284859
-0.100603 -0.003131 0.994922 58.854407 -0.008649 0.999960 0.002272 -3.507816 -0.994889 -0.008376 -0.100626 110.219234
-0.102439 -0.005836 0.994722 59.568640 -0.006498 0.999965 0.005198 -3.523790 -0.994718 -0.005931 -0.102473 110.144428
-0.104059 -0.008379 0.994536 60.293827 -0.009004 0.999931 0.007482 -3.539117 -0.994531 -0.008176 -0.104128 110.071819
-0.105077 -0.006947 0.994440 61.027605 -0.007219 0.999955 0.006223 -3.548231 -0.994438 -0.006525 -0.105122 109.999467
-0.105394 -0.003316 0.994425 61.760348 -0.005311 0.999982 0.002771 -3.559045 -0.994417 -0.004990 -0.105410 109.919090
-0.105897 0.001358 0.994376 62.491326 0.004098 0.999991 -0.000929 -3.568395 -0.994369 0.003976 -0.105901 109.831875
-0.106345 0.005046 0.994316 63.234742 0.007406 0.999963 -0.004283 -3.592735 -0.994302 0.006908 -0.106378 109.745746
-0.107136 0.005217 0.994230 63.983667 0.007163 0.999964 -0.004476 -3.600165 -0.994219 0.006642 -0.107170 109.666427
-0.107324 0.001250 0.994223 64.739008 0.003379 0.999994 -0.000892 -3.611409 -0.994219 0.003264 -0.107327 109.597445
-0.106599 -0.003009 0.994297 65.490464 0.004777 0.999982 0.003538 -3.626003 -0.994291 0.005127 -0.106583 109.525555
-0.107203 -0.004702 0.994226 66.239326 0.007384 0.999957 0.005526 -3.646490 -0.994210 0.007933 -0.107163 109.440047
-0.109065 -0.004259 0.994025 66.974966 0.007904 0.999955 0.005152 -3.664797 -0.994003 0.008419 -0.109027 109.363116
-0.110583 -0.003427 0.993861 67.709703 0.006668 0.999969 0.004190 -3.676916 -0.993845 0.007090 -0.110557 109.294033
-0.112975 -0.003195 0.993593 68.448237 0.005923 0.999975 0.003889 -3.687719 -0.993580 0.006324 -0.112953 109.211403
-0.114978 -0.003185 0.993363 69.181049 0.007898 0.999960 0.004120 -3.702087 -0.993337 0.008319 -0.114949 109.127539
-0.116832 -0.002780 0.993148 69.928891 0.008229 0.999959 0.003767 -3.719384 -0.993118 0.008613 -0.116804 109.043645
-0.118598 -0.003471 0.992936 70.680981 0.006477 0.999970 0.004269 -3.732191 -0.992921 0.006937 -0.118572 108.963001
-0.120395 -0.002331 0.992723 71.422436 0.005291 0.999982 0.002989 -3.745734 -0.992712 0.005612 -0.120381 108.876669
-0.121258 -0.001483 0.992620 72.176177 0.003984 0.999990 0.001980 -3.763245 -0.992613 0.004194 -0.121251 108.788395
-0.122475 -0.001201 0.992471 72.939646 0.004211 0.999990 0.001730 -3.774036 -0.992463 0.004391 -0.122469 108.701216
-0.123645 -0.001764 0.992325 73.718469 0.003866 0.999990 0.002259 -3.783138 -0.992319 0.004116 -0.123637 108.613687
-0.124451 -0.003733 0.992219 74.486611 0.003353 0.999986 0.004183 -3.799757 -0.992220 0.003847 -0.124436 108.521175
-0.125899 -0.005830 0.992026 75.270141 0.000732 0.999982 0.005970 -3.810543 -0.992043 0.001478 -0.125893 108.428077
-0.127309 -0.007829 0.991832 76.043224 -0.002366 0.999968 0.007590 -3.820500 -0.991861 -0.001380 -0.127323 108.342326
-0.128874 -0.007969 0.991629 76.826259 0.000384 0.999967 0.008086 -3.831884 -0.991661 0.001423 -0.128867 108.248551
-0.131274 -0.007545 0.991317 77.615939 0.000892 0.999970 0.007729 -3.840100 -0.991346 0.001899 -0.131263 108.143910
-0.133790 -0.005386 0.990995 78.419930 0.000770 0.999984 0.005538 -3.850608 -0.991010 0.001504 -0.133784 108.035313
-0.134528 -0.001644 0.990908 79.221844 0.002912 0.999994 0.002055 -3.860851 -0.990906 0.003162 -0.134523 107.927409
-0.135461 0.002282 0.990780 80.024717 0.004598 0.999988 -0.001675 -3.876365 -0.990772 0.004328 -0.135470 107.815467
-0.135963 0.005083 0.990701 80.832001 0.004316 0.999980 -0.004539 -3.892474 -0.990705 0.003659 -0.135982 107.704870
-0.135410 0.005168 0.990776 81.656333 0.008559 0.999955 -0.004046 -3.909447 -0.990753 0.007932 -0.135448 107.593516
-0.135106 0.004300 0.990822 82.488930 0.010772 0.999938 -0.002871 -3.933395 -0.990773 0.010285 -0.135144 107.478903
-0.135109 0.002369 0.990828 83.320329 0.011275 0.999936 -0.000853 -3.952562 -0.990767 0.011056 -0.135127 107.367507
-0.133758 0.000792 0.991013 84.159318 0.009707 0.999953 0.000511 -3.966683 -0.990967 0.009688 -0.133760 107.263366
-0.131921 -0.002480 0.991257 85.002822 0.008737 0.999955 0.003665 -3.978186 -0.991222 0.009145 -0.131894 107.154922
-0.130392 -0.004837 0.991451 85.847229 0.009974 0.999931 0.006190 -3.996539 -0.991413 0.010696 -0.130335 107.039992
-0.128395 -0.008711 0.991685 86.696642 0.008486 0.999915 0.009882 -4.007598 -0.991687 0.009684 -0.128310 106.940306
-0.126998 -0.007463 0.991875 87.542991 0.008968 0.999922 0.008672 -4.021394 -0.991863 0.009996 -0.126921 106.837273
-0.125200 -0.002399 0.992128 88.395134 0.010239 0.999941 0.003710 -4.034872 -0.992079 0.010623 -0.125168 106.735664
-0.123736 0.004125 0.992306 89.245082 0.010252 0.999943 -0.002879 -4.048869 -0.992262 0.009817 -0.123771 106.636228
-0.121980 0.004046 0.992524 90.121150 0.005838 0.999977 -0.003359 -4.064327 -0.992516 0.005384 -0.122001 106.539670
-0.120538 0.001821 0.992707 90.990079 0.006930 0.999975 -0.000993 -4.078083 -0.992685 0.006760 -0.120548 106.444882
-0.119716 -0.000845 0.992808 91.852263 0.005922 0.999981 0.001565 -4.098737 -0.992791 0.006067 -0.119709 106.345461
-0.119223 -0.001776 0.992866 92.717629 0.008217 0.999962 0.002775 -4.116936 -0.992834 0.008489 -0.119204 106.243781
-0.118547 -0.002508 0.992945 93.592405 0.006565 0.999973 0.003310 -4.130484 -0.992927 0.006911 -0.118527 106.145820
-0.117989 -0.003247 0.993009 94.450896 0.005648 0.999976 0.003941 -4.148291 -0.992999 0.006074 -0.117968 106.051904
-0.117099 -0.004298 0.993111 95.314755 0.008736 0.999947 0.005357 -4.160227 -0.993082 0.009304 -0.117055 105.949161
-0.116181 -0.004936 0.993216 96.179475 0.010233 0.999929 0.006167 -4.176856 -0.993176 0.010880 -0.116122 105.846902
-0.115600 -0.003461 0.993290 97.037322 0.014528 0.999881 0.005174 -4.198294 -0.993190 0.015029 -0.115536 105.752893
-0.114688 -0.000742 0.993401 97.899155 0.015237 0.999881 0.002505 -4.212803 -0.993285 0.015424 -0.114663 105.657858
-0.114127 -0.002557 0.993463 98.755619 0.010630 0.999936 0.003794 -4.222882 -0.993409 0.010994 -0.114092 105.570364
-0.113992 -0.005162 0.993468 99.609352 0.006264 0.999963 0.005914 -4.243054 -0.993462 0.006897 -0.113955 105.483282
-0.114383 -0.007277 0.993410 100.453456 0.002981 0.999966 0.007668 -4.266313 -0.993432 0.003838 -0.114357 105.396080
-0.115607 -0.004581 0.993284 101.302879 0.000993 0.999988 0.004727 -4.286879 -0.993295 0.001533 -0.115601 105.311020
-0.116627 -0.001081 0.993175 102.139921 -0.003844 0.999992 0.000637 -4.302324 -0.993169 -0.003744 -0.116630 105.222783
-0.117394 0.000089 0.993085 102.967395 -0.004541 0.999989 -0.000626 -4.310692 -0.993075 -0.004584 -0.117393 105.126811
-0.117913 0.000328 0.993024 103.797354 -0.004039 0.999992 -0.000810 -4.335147 -0.993016 -0.004106 -0.117910 105.029771
-0.118355 -0.000194 0.992971 104.621366 -0.002188 0.999998 -0.000066 -4.356814 -0.992969 -0.002180 -0.118355 104.936975
-0.118819 0.001669 0.992914 105.435740 -0.001103 0.999998 -0.001813 -4.379832 -0.992916 -0.001311 -0.118817 104.840834
-0.119256 0.003753 0.992856 106.251887 0.000172 0.999993 -0.003759 -4.402648 -0.992864 -0.000277 -0.119256 104.747324
-0.120339 0.005506 0.992717 107.068518 0.000084 0.999985 -0.005536 -4.430044 -0.992733 -0.000583 -0.120337 104.651076
-0.121746 0.004446 0.992551 107.869532 -0.002983 0.999984 -0.004845 -4.448242 -0.992557 -0.003550 -0.121731 104.560519
-0.124434 0.003709 0.992221 108.659467 -0.004150 0.999982 -0.004258 -4.470215 -0.992219 -0.004647 -0.124416 104.472182
-0.127469 0.005725 0.991826 109.440913 -0.003804 0.999973 -0.006261 -4.497577 -0.991835 -0.004571 -0.127444 104.379126
-0.131024 0.007731 0.991349 110.218325 -0.004036 0.999957 -0.008332 -4.520393 -0.991371 -0.005093 -0.130987 104.274660
-0.134088 0.008424 0.990933 111.000860 -0.007289 0.999928 -0.009487 -4.544485 -0.990943 -0.008495 -0.134017 104.178860
-0.137412 0.007796 0.990483 111.774720 -0.005159 0.999950 -0.008587 -4.569509 -0.990501 -0.006290 -0.137365 104.076319
-0.140289 0.006772 0.990087 112.545590 -0.005022 0.999959 -0.007551 -4.591398 -0.990098 -0.006031 -0.140249 103.967041
-0.142788 0.008534 0.989716 113.324177 -0.004010 0.999950 -0.009201 -4.619791 -0.989745 -0.005283 -0.142746 103.853230
-0.144795 0.014585 0.989354 114.084896 -0.009870 0.999820 -0.016184 -4.647665 -0.989413 -0.012108 -0.144625 103.750535
-0.146629 0.020166 0.988986 114.843867 -0.008748 0.999727 -0.021682 -4.678818 -0.989153 -0.011831 -0.146413 103.647440
-0.149092 0.021712 0.988585 115.597192 -0.004428 0.999734 -0.022624 -4.703247 -0.988814 -0.007750 -0.148956 103.533274
-0.152296 0.015673 0.988210 116.359476 -0.003998 0.999856 -0.016473 -4.727775 -0.988327 -0.006460 -0.152212 103.415240
-0.155321 0.009886 0.987814 117.127612 -0.007120 0.999913 -0.011126 -4.762975 -0.987839 -0.008761 -0.155237 103.306754
-0.157015 0.010222 0.987543 117.889603 -0.005921 0.999919 -0.011292 -4.794792 -0.987579 -0.007620 -0.156942 103.189932
-0.158910 0.013465 0.987201 118.639980 -0.007641 0.999860 -0.014867 -4.819583 -0.987264 -0.009905 -0.158785 103.072129
-0.162138 0.015281 0.986650 119.393613 -0.011343 0.999785 -0.017348 -4.846301 -0.986703 -0.014005 -0.161929 102.959143
-0.164282 0.019067 0.986229 120.132887 -0.009175 0.999740 -0.020857 -4.876187 -0.986371 -0.012476 -0.164064 102.841044
-0.165995 0.023059 0.985857 120.871857 -0.005972 0.999685 -0.024388 -4.913648 -0.986109 -0.009936 -0.165805 102.714041
-0.168661 0.027428 0.985292 121.607878 -0.005929 0.999566 -0.028841 -4.951769 -0.985656 -0.010706 -0.168425 102.592322
-0.171329 0.027740 0.984823 122.341866 -0.008263 0.999528 -0.029592 -4.981554 -0.985179 -0.013208 -0.171018 102.471840
-0.173942 0.024347 0.984455 123.073194 -0.006282 0.999647 -0.025833 -5.015865 -0.984736 -0.010678 -0.173728 102.346118
-0.178745 0.021944 0.983651 123.807765 -0.001589 0.999744 -0.022592 -5.051705 -0.983894 -0.005601 -0.178664 102.208838
-0.184554 0.019974 0.982619 124.542965 -0.001765 0.999785 -0.020655 -5.086643 -0.982821 -0.005547 -0.184479 102.075959
-0.191308 0.019097 0.981344 125.266936 -0.002392 0.999799 -0.019922 -5.120376 -0.981527 -0.006158 -0.191224 101.947995
-0.200968 0.019391 0.979406 125.984577 -0.003627 0.999782 -0.020538 -5.151373 -0.979591 -0.007679 -0.200854 101.799267
-0.212225 0.019667 0.977023 126.699883 -0.003947 0.999772 -0.020983 -5.180447 -0.977213 -0.008309 -0.212099 101.642529
-0.224752 0.020288 0.974205 127.407902 -0.003989 0.999756 -0.021740 -5.208681 -0.974408 -0.008773 -0.224616 101.475247
-0.237026 0.020603 0.971285 128.112989 -0.002816 0.999756 -0.021894 -5.239350 -0.971499 -0.007925 -0.236910 101.302125
-0.248522 0.020820 0.968402 128.810138 0.001185 0.999775 -0.021190 -5.271677 -0.968626 -0.004118 -0.248491 101.119261
-0.259195 0.020674 0.965604 129.506765 0.004057 0.999785 -0.020317 -5.305542 -0.965817 -0.001349 -0.259223 100.926897
-0.268807 0.020928 0.962967 130.205776 0.008305 0.999777 -0.019410 -5.331462 -0.963159 0.002780 -0.268921 100.725676
-0.277211 0.021616 0.960566 130.899594 0.014746 0.999725 -0.018242 -5.367991 -0.960696 0.009108 -0.277454 100.518773
-0.284466 0.021802 0.958438 131.590364 0.017990 0.999687 -0.017400 -5.393659 -0.958517 0.012293 -0.284769 100.304761
-0.290210 0.020980 0.956733 132.276423 0.017408 0.999710 -0.016642 -5.425226 -0.956805 0.011825 -0.290491 100.097511
-0.293939 0.018438 0.955646 132.954584 0.022478 0.999671 -0.012374 -5.447080 -0.955560 0.017844 -0.294257 99.886225
-0.295371 0.015973 0.955249 133.638364 0.028975 0.999550 -0.007754 -5.465799 -0.954943 0.025388 -0.295701 99.663144
-0.296608 0.014513 0.954889 134.303654 0.034373 0.999399 -0.004512 -5.492375 -0.954381 0.031484 -0.296928 99.442713
-0.297297 0.015509 0.954659 134.973098 0.037914 0.999271 -0.004427 -5.517874 -0.954032 0.034879 -0.297668 99.233211
-0.296377 0.020816 0.954844 135.634265 0.038728 0.999202 -0.009762 -5.536653 -0.954286 0.034086 -0.296947 99.027506
-0.295675 0.022401 0.955026 136.293590 0.038125 0.999205 -0.011634 -5.552126 -0.954528 0.032970 -0.296294 98.827494
-0.294174 0.021165 0.955517 136.947875 0.038979 0.999189 -0.010132 -5.568938 -0.954957 0.034264 -0.294761 98.626945
-0.292129 0.019262 0.956185 137.608028 0.041053 0.999128 -0.007585 -5.589862 -0.955498 0.037038 -0.292665 98.426903
-0.290797 0.016809 0.956637 138.265130 0.042708 0.999077 -0.004573 -5.612319 -0.955831 0.039526 -0.291247 98.221406
-0.289324 0.018418 0.957054 138.904011 0.043874 0.999019 -0.005963 -5.633087 -0.956225 0.040264 -0.289849 98.031040
-0.285737 0.021163 0.958074 139.532015 0.045859 0.998913 -0.008388 -5.653512 -0.957210 0.041540 -0.286397 97.845975
-0.280974 0.021276 0.959479 140.158659 0.046759 0.998870 -0.008456 -5.671467 -0.958576 0.042488 -0.281652 97.663907
-0.275461 0.020201 0.961100 140.791949 0.047644 0.998837 -0.007339 -5.692890 -0.960131 0.043769 -0.276103 97.479930
-0.270526 0.017898 0.962546 141.424960 0.048860 0.998794 -0.004840 -5.709082 -0.961472 0.045720 -0.271074 97.304647
-0.265806 0.016135 0.963891 142.048718 0.048067 0.998838 -0.003464 -5.727615 -0.962828 0.045411 -0.266272 97.140215
-0.261990 0.015295 0.964949 142.672244 0.049309 0.998781 -0.002443 -5.748626 -0.963810 0.046940 -0.262425 96.973061
-0.257927 0.013714 0.966067 143.277505 0.050244 0.998737 -0.000763 -5.763092 -0.964857 0.048342 -0.258290 96.818254
-0.253698 0.012490 0.967203 143.884826 0.054951 0.998488 0.001520 -5.775478 -0.965722 0.053535 -0.254001 96.662297
-0.250601 0.010645 0.968032 144.492669 0.055431 0.998457 0.003370 -5.792882 -0.966503 0.054503 -0.250804 96.497079
-0.247561 0.009610 0.968824 145.094654 0.053139 0.998580 0.003673 -5.811380 -0.967414 0.052392 -0.247720 96.346064
-0.243044 0.010760 0.969955 145.685605 0.050335 0.998731 0.001533 -5.819194 -0.968709 0.049195 -0.243277 96.212355
-0.237755 0.014689 0.971214 146.277938 0.053719 0.998554 -0.001952 -5.835648 -0.969839 0.051708 -0.238200 96.077026
-0.232021 0.017164 0.972559 146.858839 0.054342 0.998512 -0.004658 -5.848758 -0.971192 0.051770 -0.232608 95.938001
-0.225065 0.016550 0.974203 147.433412 0.051632 0.998653 -0.005037 -5.857352 -0.972975 0.049166 -0.225616 95.808660
-0.215500 0.014315 0.976399 148.009869 0.048047 0.998837 -0.004039 -5.873440 -0.975321 0.046043 -0.215937 95.693678
-0.204092 0.012807 0.978868 148.578320 0.048617 0.998813 -0.002931 -5.894032 -0.977744 0.046991 -0.204472 95.587880
-0.191292 0.011335 0.981468 149.163425 0.050583 0.998718 -0.001675 -5.910332 -0.980229 0.049325 -0.191620 95.474761
-0.177687 0.010044 0.984036 149.739318 0.049790 0.998759 -0.001204 -5.927371 -0.982827 0.048781 -0.177966 95.382573
