1.000000 0.000000 0.000000 0.000000 -0.000000 1.000000 0.000000 0.000000 -0.000000 0.000000 1.000000 0.000000
0.999711 0.002191 0.023952 0.018279 -0.002169 0.999997 -0.000953 -0.008201 -0.023954 0.000901 0.999713 0.149188
0.998844 0.004601 0.047851 0.038747 -0.004602 0.999989 -0.000104 -0.005589 -0.047851 -0.000116 0.998854 0.309729
0.997013 0.005685 0.077031 0.073883 -0.005824 0.999982 0.001586 -0.008068 -0.077020 -0.002029 0.997027 0.470584
0.993544 0.003199 0.113404 0.125119 -0.003708 0.999984 0.004277 -0.009231 -0.113388 -0.004669 0.993540 0.653285
0.988497 -0.000377 0.151240 0.191943 -0.000437 0.999986 0.005346 -0.013687 -0.151240 -0.005351 0.988483 0.842595
0.981358 -0.002427 0.192172 0.265065 0.001366 0.999983 0.005657 -0.015644 -0.192183 -0.005289 0.981345 1.041688
0.971301 -0.001675 0.237849 0.355148 -0.000106 0.999972 0.007474 -0.013649 -0.237855 -0.007284 0.971273 1.251567
0.958080 -0.003338 0.286481 0.458186 -0.000218 0.999923 0.012379 -0.007031 -0.286501 -0.011922 0.958006 1.469044
0.943159 -0.009875 0.332195 0.576700 0.003116 0.999777 0.020871 -0.013447 -0.332328 -0.018650 0.942980 1.687187
0.924593 -0.018391 0.380512 0.732061 0.008800 0.999599 0.026932 -0.014597 -0.380855 -0.021553 0.924384 1.913538
0.901362 -0.022759 0.432467 0.897885 0.010256 0.999460 0.031221 -0.012622 -0.432944 -0.023706 0.901109 2.143318
0.875126 -0.022947 0.483351 1.064873 0.006846 0.999362 0.035050 -0.008304 -0.483847 -0.027364 0.874725 2.373877
0.845662 -0.027200 0.533025 1.255188 0.006662 0.999161 0.040417 0.001684 -0.533677 -0.030629 0.845133 2.591675
0.811809 -0.033212 0.582978 1.477243 0.008954 0.998972 0.044444 0.007737 -0.583855 -0.030860 0.811272 2.814692
0.774969 -0.038563 0.630822 1.727859 0.010807 0.998799 0.047782 0.013692 -0.631907 -0.030212 0.774455 3.030690
0.736377 -0.042763 0.675219 1.995752 0.012028 0.998670 0.050131 0.023409 -0.676465 -0.028793 0.735912 3.244066
0.695752 -0.045881 0.716815 2.280978 0.012772 0.998590 0.051520 0.044067 -0.718168 -0.026690 0.695358 3.456130
0.653496 -0.047028 0.755468 2.595047 0.010375 0.998531 0.053184 0.057950 -0.756859 -0.026917 0.653023 3.660794
0.611056 -0.047350 0.790170 2.927936 0.005926 0.998455 0.055249 0.073922 -0.791565 -0.029078 0.610392 3.879340
0.570521 -0.048573 0.819845 3.278827 0.003941 0.998400 0.056409 0.089411 -0.821274 -0.028952 0.569799 4.088769
0.531447 -0.050937 0.845559 3.666987 0.002763 0.998289 0.058401 0.111947 -0.847087 -0.028701 0.530678 4.289397
0.493493 -0.051935 0.868197 4.083632 0.000226 0.998223 0.059585 0.129023 -0.869750 -0.029208 0.492628 4.487202
0.456305 -0.051671 0.888322 4.525391 -0.002165 0.998245 0.059178 0.149105 -0.889821 -0.028927 0.455392 4.686537
0.421147 -0.050653 0.905577 4.996985 -0.002201 0.998379 0.056868 0.170739 -0.906990 -0.025943 0.420353 4.882999
0.388584 -0.049103 0.920104 5.498660 -0.000474 0.998568 0.053490 0.191768 -0.921413 -0.021221 0.388004 5.065323
0.360735 -0.047611 0.931452 6.023386 0.001840 0.998731 0.050338 0.216109 -0.932667 -0.016444 0.360365 5.236866
0.337893 -0.046179 0.940051 6.573246 0.002466 0.998836 0.048180 0.243685 -0.941181 -0.013962 0.337613 5.409217
0.319997 -0.046234 0.946290 7.150161 0.003390 0.998858 0.047656 0.270418 -0.947413 -0.012042 0.319789 5.585974
0.307149 -0.047034 0.950498 7.752339 0.004410 0.998838 0.048001 0.293742 -0.951651 -0.010552 0.307000 5.782354
0.296225 -0.048693 0.953876 8.383421 0.004272 0.998757 0.049658 0.318337 -0.955109 -0.010635 0.296065 5.970089
0.285455 -0.050209 0.957076 9.042990 0.002191 0.998658 0.051737 0.341406 -0.958390 -0.012671 0.285182 6.163598
0.275052 -0.052126 0.960015 9.721909 0.001210 0.998547 0.053872 0.368942 -0.961429 -0.013656 0.274716 6.353521
0.264396 -0.054088 0.962896 10.434992 0.000991 0.998441 0.055812 0.398606 -0.964414 -0.013802 0.264038 6.542149
0.254320 -0.056074 0.965493 11.158377 -0.000618 0.998308 0.058143 0.433113 -0.967120 -0.015384 0.253855 6.732420
0.243600 -0.057426 0.968174 11.903996 -0.000791 0.998233 0.059408 0.465473 -0.969876 -0.015238 0.243125 6.913614
0.233545 -0.059711 0.970511 12.656955 -0.000706 0.998102 0.061579 0.499328 -0.972346 -0.015067 0.233060 7.087587
0.222238 -0.062827 0.972966 13.437455 -0.003589 0.997862 0.065254 0.539267 -0.974986 -0.017994 0.221538 7.253618
0.210588 -0.067099 0.975269 14.228384 -0.004233 0.997570 0.069547 0.576687 -0.977566 -0.018774 0.209792 7.428150
0.197871 -0.070568 0.977684 15.030491 -0.005443 0.997311 0.073086 0.620080 -0.980213 -0.019784 0.196955 7.591428
0.184290 -0.072176 0.980218 15.822603 -0.005843 0.997202 0.074525 0.656635 -0.982855 -0.019462 0.183353 7.751593
0.170107 -0.072266 0.982772 16.623252 -0.006477 0.997204 0.074448 0.699625 -0.985404 -0.019030 0.169164 7.889621
0.155229 -0.071335 0.985299 17.426019 -0.007461 0.997276 0.073378 0.742420 -0.987850 -0.018742 0.154274 8.004276
0.137186 -0.069999 0.988069 18.233364 -0.009118 0.997368 0.071924 0.778511 -0.990503 -0.018876 0.136187 8.111643
0.115149 -0.068698 0.990970 19.050581 -0.012687 0.997423 0.070619 0.825751 -0.993267 -0.020704 0.113981 8.213042
0.087066 -0.067417 0.993918 19.877004 -0.017765 0.997444 0.069213 0.864220 -0.996044 -0.023683 0.085646 8.282105
0.055747 -0.067635 0.996151 20.704684 -0.021218 0.997397 0.068908 0.903357 -0.998220 -0.024978 0.054167 8.337982
0.022249 -0.067656 0.997460 21.530191 -0.023488 0.997397 0.068175 0.945143 -0.999477 -0.024945 0.020602 8.358235
-0.012036 -0.066861 0.997690 22.365295 -0.024756 0.997476 0.066548 0.981496 -0.999621 -0.023898 -0.013661 8.339828
-0.045533 -0.065657 0.996803 23.213695 -0.026313 0.997570 0.064506 1.020533 -0.998616 -0.023292 -0.047150 8.293505
-0.078505 -0.063234 0.994906 24.059357 -0.029758 0.997690 0.061063 1.055640 -0.996470 -0.024812 -0.080205 8.219249
-0.110740 -0.060441 0.992010 24.907285 -0.029895 0.997900 0.057463 1.092298 -0.993400 -0.023292 -0.112314 8.114563
-0.143473 -0.054922 0.988129 25.757263 -0.025226 0.998337 0.051826 1.117600 -0.989333 -0.017490 -0.144620 7.992510
-0.175183 -0.049043 0.983313 26.589337 -0.020073 0.998729 0.046236 1.137544 -0.984331 -0.011638 -0.175945 7.836473
-0.204681 -0.042864 0.977890 27.407183 -0.012962 0.999072 0.041080 1.156551 -0.978743 -0.004267 -0.205047 7.648588
-0.232553 -0.037940 0.971843 28.227070 -0.007935 0.999280 0.037112 1.171232 -0.972551 0.000919 -0.232687 7.425615
-0.260807 -0.030537 0.964908 29.043397 0.002240 0.999478 0.032236 1.186589 -0.965389 0.010569 -0.260602 7.178364
-0.286508 -0.018536 0.957898 29.845698 0.006038 0.999758 0.021153 1.189259 -0.958059 0.011845 -0.286327 6.917734
-0.311099 -0.001376 0.950376 30.636446 0.009775 0.999941 0.004648 1.182272 -0.950327 0.010735 -0.311067 6.647468
-0.336337 0.015450 0.941615 31.426828 0.008733 0.999874 -0.013286 1.163776 -0.941701 0.003755 -0.336429 6.364765
-0.361955 0.028142 0.931770 32.179218 0.008747 0.999603 -0.026793 1.137061 -0.932155 -0.001548 -0.362058 6.060922
-0.386060 0.036195 0.921763 32.927749 0.013550 0.999345 -0.033566 1.100454 -0.922374 -0.000469 -0.386298 5.742134
-0.409194 0.038427 0.911638 33.676102 0.015944 0.999261 -0.034964 1.056235 -0.912308 0.000229 -0.409505 5.405893
-0.430046 0.035877 0.902094 34.429395 0.020086 0.999343 -0.030170 1.005944 -0.902584 0.005145 -0.430484 5.028174
-0.450202 0.032131 0.892348 35.168489 0.023992 0.999427 -0.023882 0.961169 -0.892605 0.010657 -0.450715 4.642304
-0.466204 0.032091 0.884095 35.893846 0.031479 0.999311 -0.019673 0.923694 -0.884117 0.018659 -0.466893 4.229981
-0.477986 0.033836 0.877715 36.597073 0.033129 0.999241 -0.020479 0.889522 -0.877742 0.019289 -0.478745 3.827548
-0.489190 0.036822 0.871399 37.304229 0.036050 0.999108 -0.021980 0.857523 -0.871432 0.020661 -0.490082 3.424669
-0.498849 0.039221 0.865801 38.003217 0.035346 0.999065 -0.024893 0.816512 -0.865968 0.018185 -0.499768 3.020553
-0.510524 0.036244 0.859099 38.687010 0.028270 0.999279 -0.025359 0.779165 -0.859399 0.011341 -0.511181 2.628194
-0.521086 0.036235 0.852734 39.368634 0.029757 0.999262 -0.024278 0.739640 -0.852985 0.012724 -0.521780 2.225072
-0.528341 0.039116 0.848131 40.034256 0.033660 0.999118 -0.025111 0.711892 -0.848365 0.015281 -0.529192 1.803210
-0.534659 0.041736 0.844036 40.706116 0.035722 0.999003 -0.026770 0.675528 -0.844313 0.015837 -0.535617 1.354542
-0.536375 0.045514 0.842751 41.406157 0.037893 0.998837 -0.029826 0.640315 -0.843129 0.015937 -0.537476 0.899687
-0.534759 0.046042 0.843749 42.119528 0.037178 0.998830 -0.030941 0.602079 -0.844187 0.014823 -0.535845 0.440524
-0.530290 0.046153 0.846559 42.846612 0.039044 0.998787 -0.029995 0.562889 -0.846917 0.017147 -0.531449 -0.022597
-0.523034 0.044592 0.851144 43.596055 0.036877 0.998879 -0.029671 0.524189 -0.851514 0.015868 -0.524092 -0.485163
-0.516677 0.043766 0.855061 44.366996 0.035510 0.998929 -0.029672 0.482224 -0.855444 0.015032 -0.517678 -0.938451
-0.509407 0.043548 0.859423 45.167755 0.034899 0.998943 -0.029931 0.445023 -0.859818 0.014746 -0.510388 -1.397530
-0.503065 0.041051 0.863273 45.976972 0.030615 0.999091 -0.029669 0.405222 -0.863706 0.011504 -0.503865 -1.868225
-0.499886 0.039138 0.865206 46.800486 0.027517 0.999192 -0.029301 0.361838 -0.865654 0.009161 -0.500559 -2.331688
-0.498600 0.035787 0.866093 47.635103 0.022241 0.999347 -0.028489 0.325273 -0.866547 0.005058 -0.499070 -2.803397
-0.500021 0.034023 0.865345 48.492449 0.020246 0.999414 -0.027596 0.275902 -0.865777 0.003721 -0.500416 -3.290022
-0.500385 0.033830 0.865142 49.356480 0.021550 0.999413 -0.026617 0.232753 -0.865535 0.005325 -0.500820 -3.781199
-0.500826 0.033266 0.864908 50.231082 0.021473 0.999431 -0.026006 0.195879 -0.865281 0.005548 -0.501256 -4.280689
-0.500516 0.032234 0.865127 51.112433 0.021130 0.999464 -0.025015 0.153456 -0.865469 0.005759 -0.500929 -4.790322
-0.501719 0.032415 0.864423 52.000933 0.022600 0.999448 -0.024361 0.102820 -0.864736 0.007314 -0.502174 -5.306254
-0.501569 0.031122 0.864558 52.891420 0.021161 0.999495 -0.023702 0.061656 -0.864859 0.006407 -0.501974 -5.815387
-0.501670 0.030454 0.864523 53.789370 0.021222 0.999513 -0.022894 0.012468 -0.864799 0.006862 -0.502072 -6.333604
-0.501874 0.029380 0.864441 54.676486 0.019738 0.999552 -0.022512 -0.029907 -0.864716 0.005764 -0.502229 -6.847849
-0.501916 0.029388 0.864417 55.570893 0.020329 0.999547 -0.022178 -0.080915 -0.864677 0.006442 -0.502287 -7.371146
-0.499388 0.028242 0.865918 56.470319 0.021227 0.999567 -0.020360 -0.123310 -0.866118 0.008213 -0.499772 -7.878600
-0.497252 0.025848 0.867221 57.365105 0.020824 0.999624 -0.017854 -0.170284 -0.867357 0.009181 -0.497603 -8.391129
-0.494846 0.024265 0.868642 58.259924 0.020398 0.999659 -0.016305 -0.213713 -0.868742 0.009650 -0.495172 -8.898109
-0.492292 0.024640 0.870081 59.144624 0.021589 0.999637 -0.016094 -0.254819 -0.870162 0.010861 -0.492646 -9.401585
-0.490973 0.024272 0.870837 60.040890 0.020919 0.999652 -0.016069 -0.293139 -0.870924 0.010328 -0.491310 -9.903391
-0.491032 0.025378 0.870772 60.924265 0.021476 0.999624 -0.017023 -0.337398 -0.870877 0.010341 -0.491392 -10.408971
-0.492349 0.026016 0.870009 61.814495 0.019565 0.999631 -0.018820 -0.375695 -0.870178 0.007756 -0.492676 -10.896275
-0.495596 0.027138 0.868129 62.706358 0.017883 0.999619 -0.021039 -0.418525 -0.868369 0.005098 -0.495892 -11.388935
-0.500509 0.026794 0.865317 63.585475 0.015717 0.999637 -0.021862 -0.466015 -0.865589 0.002658 -0.500748 -11.889422
-0.505904 0.026806 0.862173 64.447438 0.020824 0.999605 -0.018860 -0.507832 -0.862338 0.008412 -0.506263 -12.397580
-0.511352 0.023521 0.859049 65.305676 0.019821 0.999682 -0.015573 -0.552507 -0.859143 0.009064 -0.511656 -12.908361
-0.516470 0.022261 0.856016 66.159369 0.017228 0.999730 -0.015605 -0.593370 -0.856132 0.006688 -0.516714 -13.421536
-0.521511 0.024950 0.852879 67.006053 0.019059 0.999664 -0.017590 -0.635773 -0.853032 0.007082 -0.521812 -13.936993
-0.526193 0.026542 0.849950 67.834983 0.018985 0.999630 -0.019463 -0.673651 -0.850153 0.005896 -0.526503 -14.448542
-0.531170 0.026458 0.846852 68.676407 0.017029 0.999644 -0.020551 -0.714558 -0.847094 0.003505 -0.531431 -14.970062
-0.534139 0.027564 0.844947 69.502039 0.017631 0.999614 -0.021464 -0.766228 -0.845213 0.003432 -0.534418 -15.483628
-0.537810 0.024210 0.842718 70.311948 0.017577 0.999692 -0.017503 -0.804209 -0.842883 0.005399 -0.538071 -16.012156
-0.539963 0.015216 0.841551 71.128814 0.018626 0.999808 -0.006127 -0.844331 -0.841483 0.012366 -0.540142 -16.530886
-0.541896 0.008574 0.840402 71.956207 0.017940 0.999838 0.001367 -0.876194 -0.840254 0.015818 -0.541962 -17.058540
-0.543191 0.010354 0.839545 72.778377 0.019716 0.999806 0.000425 -0.900303 -0.839378 0.016783 -0.543290 -17.584279
-0.544122 0.016116 0.838851 73.594732 0.019806 0.999784 -0.006361 -0.924590 -0.838772 0.013153 -0.544324 -18.110153
-0.545394 0.020788 0.837922 74.389117 0.022142 0.999701 -0.010389 -0.956718 -0.837888 0.012887 -0.545691 -18.636586
-0.544625 0.025869 0.838280 75.183234 0.029099 0.999505 -0.011939 -0.990880 -0.838175 0.017891 -0.545109 -19.161090
-0.544248 0.023507 0.838595 75.980307 0.028914 0.999539 -0.009253 -1.018622 -0.838426 0.019211 -0.544677 -19.687292
-0.544442 0.020453 0.838549 76.782948 0.027513 0.999600 -0.006518 -1.057648 -0.838347 0.019522 -0.544788 -20.212631
-0.543828 0.013855 0.839082 77.574697 0.025187 0.999683 -0.000183 -1.076610 -0.838819 0.021035 -0.544004 -20.717053
-0.543555 0.007878 0.839336 78.362196 0.020738 0.999777 0.004046 -1.103207 -0.839117 0.019605 -0.543597 -21.221322
-0.542498 0.001346 0.840056 79.168525 0.011592 0.999916 0.005883 -1.122594 -0.839977 0.012929 -0.542468 -21.724534
-0.541134 -0.001639 0.840935 79.968909 0.007484 0.999949 0.006765 -1.133084 -0.840903 0.009954 -0.541094 -22.225253
-0.538380 -0.000908 0.842702 80.772919 0.011142 0.999904 0.008195 -1.148093 -0.842629 0.013802 -0.538318 -22.739810
-0.534920 0.004705 0.844890 81.569161 0.018399 0.999812 0.006081 -1.169868 -0.844703 0.018798 -0.534906 -23.256112
-0.528230 0.006896 0.849073 82.368551 0.020648 0.999776 0.004726 -1.181961 -0.848850 0.020028 -0.528254 -23.755877
-0.520031 0.008906 0.854101 83.156933 0.026002 0.999647 0.005408 -1.202490 -0.853752 0.025021 -0.520079 -24.241140
-0.512279 0.010592 0.858754 83.942919 0.030272 0.999525 0.005730 -1.223470 -0.858286 0.028931 -0.512356 -24.726096
-0.501319 0.009645 0.865209 84.756562 0.029464 0.999548 0.005930 -1.232579 -0.864761 0.028465 -0.501377 -25.190015
-0.490192 0.006381 0.871591 85.571446 0.027204 0.999598 0.007981 -1.247862 -0.871190 0.027623 -0.490168 -25.635156
-0.478818 0.004752 0.877901 86.399384 0.028559 0.999540 0.010166 -1.265980 -0.877450 0.029939 -0.478734 -26.083223
-0.467285 0.003252 0.884100 87.235225 0.027888 0.999550 0.011064 -1.279857 -0.883667 0.029826 -0.467166 -26.520462
-0.455622 0.002574 0.890170 88.061498 0.027328 0.999565 0.011097 -1.289365 -0.889754 0.029382 -0.455494 -26.939112
-0.443560 0.006668 0.896220 88.878942 0.035485 0.999319 0.010128 -1.294358 -0.895542 0.036295 -0.443494 -27.346932
-0.431553 0.008771 0.902045 89.702526 0.027881 0.999605 0.003619 -1.308321 -0.901657 0.026712 -0.431627 -27.732943
-0.419353 0.020466 0.907592 90.540786 0.037906 0.999269 -0.005019 -1.335821 -0.907032 0.032298 -0.419822 -28.118474
-0.406563 0.018233 0.913441 91.392637 0.029348 0.999546 -0.006889 -1.347056 -0.913151 0.024007 -0.406913 -28.485248
-0.395781 0.015728 0.918210 92.232125 0.029673 0.999550 -0.004331 -1.378476 -0.917866 0.025532 -0.396069 -28.853035
-0.383035 0.014936 0.923613 93.081739 0.031064 0.999512 -0.003280 -1.405800 -0.923212 0.027434 -0.383312 -29.197022
-0.375844 0.014162 0.926574 93.928813 0.022441 0.999729 -0.006177 -1.432051 -0.926411 0.018471 -0.376060 -29.535715
-0.369269 0.020303 0.929100 94.780366 0.019995 0.999703 -0.013899 -1.465669 -0.929107 0.013445 -0.369566 -29.859836
-0.364885 0.024135 0.930740 95.619843 0.016840 0.999672 -0.019320 -1.490046 -0.930901 0.008624 -0.365171 -30.170136
-0.361430 0.025943 0.932038 96.462902 0.014053 0.999651 -0.022375 -1.529690 -0.932294 0.005011 -0.361668 -30.484045
-0.357276 0.026223 0.933630 97.312302 0.013042 0.999648 -0.023086 -1.572386 -0.933908 0.003928 -0.357493 -30.802378
-0.351783 0.024969 0.935748 98.156959 0.012455 0.999681 -0.021993 -1.608743 -0.935999 0.003918 -0.351982 -31.125679
-0.346621 0.020724 0.937776 99.011062 0.009182 0.999783 -0.018701 -1.646547 -0.937961 0.002128 -0.346736 -31.447097
-0.340817 0.017701 0.939963 99.869468 0.008643 0.999839 -0.015694 -1.683863 -0.940090 0.002776 -0.340916 -31.744204
-0.334699 0.014174 0.942218 100.732572 0.006748 0.999897 -0.012644 -1.718319 -0.942301 0.002126 -0.334760 -32.042782
-0.329326 0.012991 0.944127 101.590306 -0.001961 0.999894 -0.014443 -1.752036 -0.944214 -0.006608 -0.329266 -32.323379
-0.322106 0.012314 0.946624 102.435565 -0.006632 0.999862 -0.015264 -1.770608 -0.946681 -0.011195 -0.321979 -32.585079
-0.315088 0.016627 0.948917 103.277185 -0.003044 0.999824 -0.018530 -1.802957 -0.949058 -0.008727 -0.314982 -32.855398
-0.308614 0.018906 0.950999 104.115294 -0.000070 0.999802 -0.019899 -1.831920 -0.951188 -0.006207 -0.308551 -33.131641
-0.302334 0.016032 0.953067 104.968615 -0.000305 0.999857 -0.016916 -1.855503 -0.953202 -0.005406 -0.302286 -33.403238
-0.294315 0.012870 0.955622 105.836774 0.002709 0.999917 -0.012633 -1.883198 -0.955705 -0.001129 -0.294325 -33.660276
-0.287035 0.011237 0.957854 106.708898 -0.000024 0.999931 -0.011737 -1.920448 -0.957920 -0.003392 -0.287015 -33.913890
-0.280828 0.013696 0.959660 107.562499 -0.000821 0.999894 -0.014511 -1.955179 -0.959758 -0.004863 -0.280787 -34.161371
-0.274774 0.016316 0.961370 108.414439 0.001225 0.999861 -0.016619 -1.975348 -0.961508 -0.003389 -0.274755 -34.398612
-0.267982 0.015539 0.963298 109.278424 -0.002770 0.999853 -0.016899 -2.001219 -0.963420 -0.007197 -0.267900 -34.629472
-0.260591 0.016178 0.965314 110.131474 -0.002043 0.999848 -0.017309 -2.043405 -0.965447 -0.006483 -0.260518 -34.850046
-0.252873 0.016883 0.967352 110.998635 0.002291 0.999855 -0.016852 -2.083186 -0.967497 -0.002045 -0.252875 -35.082111
-0.245659 0.016902 0.969209 111.864588 0.001932 0.999855 -0.016947 -2.116465 -0.969354 -0.002291 -0.245656 -35.310065
-0.238806 0.017278 0.970913 112.735423 0.004098 0.999851 -0.016785 -2.142767 -0.971059 -0.000030 -0.238841 -35.516303
-0.232412 0.015364 0.972496 113.597324 -0.007626 0.999816 -0.017618 -2.175100 -0.972588 -0.011511 -0.232252 -35.709009
-0.226501 0.018993 0.973826 114.480270 -0.004933 0.999775 -0.020646 -2.198184 -0.973999 -0.009481 -0.226356 -35.901051
-0.222393 0.016532 0.974817 115.349931 -0.005218 0.999822 -0.018146 -2.225518 -0.974943 -0.009122 -0.222267 -36.099008
-0.217678 0.017518 0.975863 116.222072 -0.002155 0.999828 -0.018429 -2.257030 -0.976018 -0.006115 -0.217603 -36.279141
-0.212826 0.018397 0.976917 117.088457 -0.002781 0.999807 -0.019434 -2.293678 -0.977086 -0.006853 -0.212734 -36.469687
-0.206667 0.015132 0.978294 117.955536 0.005812 0.999882 -0.014238 -2.327959 -0.978394 0.002744 -0.206731 -36.662151
-0.201829 0.015955 0.979291 118.827987 0.014214 0.999810 -0.013360 -2.356804 -0.979318 0.011223 -0.202018 -36.857619
-0.197040 0.014160 0.980293 119.704335 0.013603 0.999839 -0.011709 -2.390313 -0.980301 0.011028 -0.197201 -37.037636
-0.192467 0.018148 0.981135 120.578526 0.010933 0.999807 -0.016349 -2.416318 -0.981243 0.007580 -0.192628 -37.201622
-0.189734 0.015294 0.981716 121.445548 0.011340 0.999846 -0.013385 -2.447587 -0.981770 0.008593 -0.189878 -37.357829
-0.188102 0.014248 0.982046 122.307416 0.008621 0.999880 -0.012855 -2.474196 -0.982112 0.006048 -0.188203 -37.514079
-0.187397 0.012435 0.982205 123.153445 0.009610 0.999895 -0.010825 -2.501791 -0.982237 0.007411 -0.187497 -37.665751
-0.186671 0.005947 0.982404 124.002263 0.011228 0.999929 -0.003920 -2.520622 -0.982358 0.010299 -0.186725 -37.832164
-0.185202 0.002283 0.982698 124.876308 0.010782 0.999942 -0.000290 -2.554698 -0.982642 0.010542 -0.185216 -37.992923
-0.185253 0.001398 0.982690 125.744189 0.010596 0.999944 0.000575 -2.576646 -0.982634 0.010519 -0.185257 -38.157775
-0.184205 0.006100 0.982869 126.604247 0.013287 0.999905 -0.003716 -2.591955 -0.982798 0.012375 -0.184269 -38.314931
-0.183788 0.008377 0.982930 127.454749 0.015033 0.999871 -0.005711 -2.611845 -0.982851 0.013727 -0.183890 -38.472676
-0.183526 0.007896 0.982983 128.315926 0.013978 0.999888 -0.005422 -2.629862 -0.982916 0.012745 -0.183616 -38.632106
-0.183217 0.008141 0.983039 129.160945 0.013956 0.999886 -0.005680 -2.662123 -0.982974 0.012679 -0.183310 -38.784225
-0.182605 0.009790 0.983137 130.005129 0.020882 0.999763 -0.006077 -2.690636 -0.982965 0.019420 -0.182767 -38.949403
-0.182148 0.012433 0.983192 130.832114 0.017855 0.999797 -0.009335 -2.717493 -0.983109 0.015855 -0.182333 -39.099723
-0.182669 0.011178 0.983111 131.670423 0.002051 0.999938 -0.010988 -2.736285 -0.983173 0.000009 -0.182680 -39.232242
-0.181414 0.014166 0.983305 132.519875 -0.001677 0.999890 -0.014715 -2.776234 -0.983406 -0.004319 -0.181370 -39.369723
-0.180946 0.016407 0.983356 133.361453 0.004567 0.999864 -0.015842 -2.806336 -0.983483 0.001625 -0.180996 -39.520358
-0.180733 0.017571 0.983375 134.185655 0.005851 0.999842 -0.016790 -2.835345 -0.983515 0.002719 -0.180807 -39.680531
-0.179283 0.018168 0.983630 135.004071 0.003501 0.999835 -0.017830 -2.869350 -0.983791 0.000247 -0.179317 -39.828206
-0.176057 0.016448 0.984242 135.826040 0.013203 0.999810 -0.014346 -2.894707 -0.984292 0.010469 -0.176240 -39.979355
-0.173328 0.013302 0.984774 136.655309 0.019067 0.999767 -0.010148 -2.934600 -0.984680 0.017017 -0.173541 -40.142033
-0.171448 0.008505 0.985156 137.483906 0.018763 0.999810 -0.005366 -2.962164 -0.985015 0.017565 -0.171575 -40.288867
-0.165967 0.011253 0.986067 138.328311 0.025008 0.999661 -0.007199 -2.999142 -0.985814 0.023464 -0.166193 -40.429955
-0.161999 0.014063 0.986691 139.134369 0.024248 0.999653 -0.010267 -3.020983 -0.986493 0.022262 -0.162283 -40.562200
-0.154492 0.017294 0.987843 139.891304 0.025649 0.999580 -0.013488 -3.041509 -0.987661 0.023254 -0.154871 -40.676633
-0.145826 0.015601 0.989187 140.671984 0.025444 0.999604 -0.012014 -3.064405 -0.988983 0.023417 -0.146165 -40.795057
-0.135119 0.011175 0.990766 141.464960 0.025621 0.999641 -0.007781 -3.081796 -0.990498 0.024333 -0.135356 -40.904717
-0.122352 0.011486 0.992420 142.284446 0.032870 0.999431 -0.007514 -3.118536 -0.991942 0.031701 -0.122660 -41.013949
-0.107933 0.013607 0.994065 143.105088 0.037651 0.999245 -0.009589 -3.139659 -0.993445 0.036393 -0.108363 -41.103175
-0.093065 0.014169 0.995559 143.903857 0.039400 0.999168 -0.010537 -3.171106 -0.994880 0.038244 -0.093545 -41.162592
-0.079311 0.012131 0.996776 144.707306 0.036521 0.999290 -0.009256 -3.186929 -0.996181 0.035670 -0.079698 -41.220312
-0.065861 0.016181 0.997697 145.480512 0.039154 0.999140 -0.013620 -3.212813 -0.997061 0.038166 -0.066438 -41.266759
-0.052265 0.023691 0.998352 146.259084 0.036650 0.999091 -0.021790 -3.250113 -0.997961 0.035451 -0.053086 -41.294859
-0.039302 0.034391 0.998635 147.019052 0.029305 0.999017 -0.033251 -3.293753 -0.998798 0.027958 -0.040271 -41.309402
-0.025968 0.040371 0.998847 147.767841 0.027548 0.998834 -0.039654 -3.339656 -0.999283 0.026487 -0.027050 -41.321569
-0.013560 0.039357 0.999133 148.538027 0.027807 0.998853 -0.038969 -3.378775 -0.999522 0.027254 -0.014639 -41.335401
-0.002595 0.034113 0.999414 149.324309 0.022237 0.999173 -0.034047 -3.417668 -0.999750 0.022136 -0.003351 -41.339633
0.007243 0.033890 0.999399 150.098195 0.017323 0.999271 -0.034011 -3.460840 -0.999824 0.017559 0.006651 -41.317543
0.016795 0.041665 0.998990 150.855749 0.018671 0.998944 -0.041977 -3.528544 -0.999685 0.019358 0.016000 -41.283606
0.022568 0.047712 0.998606 151.617186 0.016026 0.998715 -0.048080 -3.562682 -0.999617 0.017089 0.021774 -41.253594
0.024472 0.049073 0.998495 152.352474 0.011964 0.998709 -0.049377 -3.604938 -0.999629 0.013154 0.023854 -41.230774
0.024040 0.044334 0.998727 153.100062 0.006308 0.998990 -0.044497 -3.653422 -0.999691 0.007370 0.023736 -41.214559
0.023131 0.040894 0.998896 153.871962 0.009864 0.999105 -0.041131 -3.709220 -0.999684 0.010804 0.022707 -41.204034
0.018953 0.039628 0.999035 154.638364 0.010065 0.999156 -0.039823 -3.769734 -0.999770 0.010810 0.018538 -41.186522
0.017004 0.037741 0.999143 155.395349 0.015298 0.999161 -0.038002 -3.794380 -0.999739 0.015931 0.016412 -41.170391
0.015161 0.036226 0.999228 156.144997 0.015179 0.999220 -0.036456 -3.825284 -0.999770 0.015720 0.014599 -41.157138
0.007984 0.039087 0.999204 156.884740 0.017949 0.999069 -0.039226 -3.889828 -0.999807 0.018247 0.007275 -41.169957
0.002044 0.037993 0.999276 157.626732 0.019333 0.999090 -0.038026 -3.926124 -0.999811 0.019397 0.001308 -41.168849
-0.004970 0.034433 0.999394 158.368556 0.012425 0.999332 -0.034369 -3.956403 -0.999911 0.012247 -0.005395 -41.163105
-0.008491 0.030652 0.999494 159.113542 0.016585 0.999397 -0.030508 -4.003871 -0.999827 0.016317 -0.008994 -41.160518
-0.014344 0.030721 0.999425 159.851564 0.015962 0.999408 -0.030491 -4.040488 -0.999770 0.015515 -0.014825 -41.173249
-0.019810 0.033222 0.999251 160.584513 0.012370 0.999379 -0.032981 -4.078389 -0.999727 0.011707 -0.020208 -41.187959
-0.023418 0.035132 0.999108 161.298211 0.014623 0.999287 -0.034795 -4.121131 -0.999619 0.013795 -0.023915 -41.204472
-0.025576 0.036870 0.998993 162.010660 0.014405 0.999229 -0.036510 -4.163670 -0.999569 0.013457 -0.026087 -41.227139
-0.026368 0.037743 0.998939 162.719033 0.019226 0.999121 -0.037242 -4.204153 -0.999468 0.018224 -0.027070 -41.243444
-0.025146 0.035149 0.999065 163.414118 0.016458 0.999261 -0.034742 -4.237551 -0.999548 0.015569 -0.025706 -41.265593
-0.019593 0.031839 0.999301 164.129081 0.020087 0.999304 -0.031445 -4.280577 -0.999606 0.019457 -0.020219 -41.285262
-0.009896 0.031177 0.999465 164.844912 0.025264 0.999203 -0.030918 -4.324122 -0.999632 0.024944 -0.010676 -41.282714
0.003015 0.032323 0.999473 165.540164 0.027239 0.999104 -0.032393 -4.360866 -0.999625 0.027323 0.002132 -41.282385
0.018162 0.031360 0.999343 166.238866 0.029059 0.999069 -0.031879 -4.395516 -0.999413 0.029619 0.017234 -41.269641
0.033295 0.028733 0.999032 166.932828 0.027302 0.999187 -0.029647 -4.429291 -0.999073 0.028263 0.032484 -41.241990
0.049772 0.023769 0.998478 167.615811 0.021271 0.999465 -0.024853 -4.460853 -0.998534 0.022476 0.049239 -41.189938
0.066378 0.017023 0.997649 168.302655 0.020791 0.999614 -0.018440 -4.501247 -0.997578 0.021966 0.065998 -41.132990
0.083295 0.009679 0.996478 168.968682 0.023767 0.999649 -0.011696 -4.524802 -0.996242 0.024657 0.083036 -41.074864
0.100942 0.002935 0.994888 169.634824 0.021265 0.999761 -0.005107 -4.547111 -0.994665 0.021672 0.100855 -40.993180
0.118161 -0.002487 0.992991 170.293147 0.020946 0.999781 0.000012 -4.569915 -0.992774 0.020798 0.118187 -40.902255
0.136238 -0.005597 0.990660 170.938554 0.027510 0.999620 0.001865 -4.585464 -0.990294 0.026999 0.136340 -40.805913
0.153453 -0.006620 0.988134 171.575462 0.023085 0.999729 0.003113 -4.593810 -0.987886 0.022333 0.153564 -40.706138
0.169945 -0.007116 0.985428 172.212395 0.024136 0.999704 0.003057 -4.610536 -0.985158 0.023265 0.170066 -40.584966
0.185366 -0.008723 0.982631 172.844374 0.022794 0.999730 0.004575 -4.628376 -0.982405 0.021550 0.185515 -40.446802
0.199484 -0.011120 0.979838 173.478501 0.012970 0.999878 0.008707 -4.635247 -0.979816 0.010972 0.199603 -40.290954
0.211382 -0.015574 0.977279 174.118158 0.023255 0.999670 0.010901 -4.650742 -0.977127 0.020422 0.211674 -40.141877
0.220693 -0.015439 0.975221 174.741271 0.023308 0.999673 0.010552 -4.657112 -0.975065 0.020401 0.220980 -40.009551
0.230404 -0.011136 0.973031 175.333735 0.020346 0.999771 0.006625 -4.674035 -0.972882 0.018271 0.230578 -39.850079
0.240171 -0.001161 0.970730 175.909973 0.017081 0.999850 -0.003030 -4.684751 -0.970580 0.017308 0.240155 -39.683635
0.248671 0.008254 0.968553 176.501252 0.018990 0.999730 -0.013395 -4.704165 -0.968402 0.021724 0.248447 -39.535023
0.256005 0.010227 0.966621 177.089689 0.022103 0.999621 -0.016430 -4.715010 -0.966423 0.025571 0.255682 -39.385058
0.261357 0.006651 0.965219 177.693670 0.017956 0.999770 -0.011751 -4.717353 -0.965075 0.020403 0.261177 -39.222998
0.267550 0.000383 0.963544 178.310124 0.014303 0.999888 -0.004369 -4.724921 -0.963438 0.014951 0.267515 -39.035850
0.271975 -0.007940 0.962271 178.921260 0.011168 0.999925 0.005095 -4.746349 -0.962240 0.009361 0.272044 -38.848233
0.273864 -0.017190 0.961614 179.520638 0.014797 0.999797 0.013659 -4.768589 -0.961655 0.010488 0.274063 -38.666232
0.274583 -0.017752 0.961399 180.123772 0.019019 0.999734 0.013028 -4.780746 -0.961376 0.014707 0.274848 -38.503867
0.276168 -0.015937 0.960977 180.731059 0.020286 0.999736 0.010750 -4.775796 -0.960895 0.016525 0.276419 -38.332779
0.277572 -0.017142 0.960552 181.328452 0.020165 0.999724 0.012014 -4.772282 -0.960493 0.016035 0.277842 -38.160314
0.279633 -0.020491 0.959888 181.943829 0.020060 0.999679 0.015496 -4.770757 -0.959898 0.014923 0.279954 -37.974011
0.282715 -0.024316 0.958896 182.565119 0.018932 0.999625 0.019767 -4.774072 -0.959017 0.012565 0.283069 -37.783408
0.284799 -0.029256 0.958141 183.180334 0.021251 0.999481 0.024201 -4.778579 -0.958352 0.013469 0.285273 -37.603234
0.290403 -0.030791 0.956409 183.801896 0.022197 0.999430 0.025436 -4.785640 -0.956647 0.013842 0.290921 -37.410811
0.297438 -0.033771 0.954144 184.426931 0.024894 0.999309 0.027610 -4.775634 -0.954417 0.015540 0.298073 -37.211839
0.306594 -0.036503 0.951140 185.045527 0.025357 0.999223 0.030175 -4.768776 -0.951503 0.014866 0.307281 -37.005672
0.316706 -0.037429 0.947785 185.671926 0.028072 0.999153 0.030077 -4.766668 -0.948108 0.017080 0.317489 -36.798225
0.327835 -0.034333 0.944111 186.284109 0.025214 0.999301 0.027584 -4.763571 -0.944399 0.014762 0.328472 -36.569507
0.339815 -0.030957 0.939983 186.883195 0.025720 0.999390 0.023615 -4.761260 -0.940141 0.016152 0.340404 -36.330900
0.351762 -0.028037 0.935669 187.498406 0.024557 0.999484 0.020717 -4.753968 -0.935767 0.015690 0.352269 -36.086800
0.362999 -0.030277 0.931297 188.125718 0.027328 0.999388 0.021839 -4.747558 -0.931389 0.017523 0.363604 -35.841827
0.374125 -0.032187 0.926819 188.760002 0.025287 0.999380 0.024499 -4.740906 -0.927034 0.014271 0.374707 -35.585873
0.385448 -0.033326 0.922128 189.374437 0.025698 0.999348 0.025376 -4.744077 -0.922372 0.013916 0.386053 -35.313235
0.396710 -0.034429 0.917298 189.990283 0.022303 0.999363 0.027864 -4.740094 -0.917673 0.009404 0.397225 -35.029733
0.404929 -0.036495 0.913619 190.620149 0.020755 0.999313 0.030720 -4.729212 -0.914113 0.006523 0.405408 -34.740310
0.411375 -0.034463 0.910814 191.259728 0.016489 0.999403 0.030368 -4.725469 -0.911317 0.002526 0.411698 -34.439892
0.415018 -0.039888 0.908938 191.893330 0.018696 0.999201 0.035313 -4.715158 -0.909621 0.002338 0.415433 -34.143670
0.416066 -0.041079 0.908406 192.540423 0.022021 0.999141 0.035096 -4.704848 -0.909068 0.005402 0.416613 -33.856795
0.414678 -0.041831 0.909006 193.187342 0.026867 0.999070 0.033720 -4.690768 -0.909572 0.010439 0.415416 -33.576653
0.414000 -0.039781 0.909407 193.853030 0.026682 0.999146 0.031560 -4.686291 -0.909886 0.011199 0.414708 -33.274457
0.413353 -0.039941 0.909694 194.518992 0.032052 0.999057 0.029301 -4.674832 -0.910007 0.017046 0.414243 -32.968408
0.413179 -0.043410 0.909614 195.200674 0.034339 0.998895 0.032072 -4.660534 -0.910002 0.017984 0.414213 -32.664986
0.411952 -0.048745 0.909901 195.889561 0.036626 0.998647 0.036917 -4.646912 -0.910470 0.018118 0.413179 -32.357153
0.410870 -0.051940 0.910213 196.577003 0.036417 0.998514 0.040540 -4.631853 -0.910966 0.016490 0.412151 -32.034117
0.409474 -0.053035 0.910779 197.248295 0.037311 0.998447 0.041365 -4.625641 -0.911559 0.017044 0.410817 -31.732509
0.407899 -0.053135 0.911479 197.928488 0.035833 0.998468 0.042171 -4.610073 -0.912324 0.015459 0.409178 -31.442058
0.405736 -0.053331 0.912433 198.614096 0.034394 0.998480 0.043066 -4.590993 -0.913343 0.013908 0.406953 -31.127776
0.404569 -0.051822 0.913038 199.306634 0.033962 0.998556 0.041627 -4.582904 -0.913877 0.014167 0.405745 -30.813219
0.402913 -0.047512 0.914004 200.003178 0.035706 0.998707 0.036176 -4.569958 -0.914542 0.018059 0.404088 -30.507574
0.402532 -0.041373 0.914470 200.683450 0.033704 0.998971 0.030360 -4.559639 -0.914785 0.018600 0.403512 -30.209139
0.401429 -0.040855 0.914978 201.367261 0.031411 0.999031 0.030827 -4.541242 -0.915351 0.016365 0.402324 -29.900976
0.400420 -0.044575 0.915247 202.052674 0.030238 0.998915 0.035420 -4.529230 -0.915833 0.013492 0.401333 -29.596535
0.398716 -0.046430 0.915898 202.749608 0.027418 0.998875 0.038700 -4.525385 -0.916665 0.009682 0.399540 -29.298462
0.395292 -0.045502 0.917428 203.434827 0.023978 0.998943 0.039213 -4.518125 -0.918243 0.006497 0.395966 -28.990761
0.389714 -0.045925 0.919790 204.122024 0.021825 0.998936 0.040630 -4.507523 -0.920678 0.004240 0.390301 -28.689323
0.382383 -0.047597 0.922777 204.806682 0.022421 0.998856 0.042230 -4.487218 -0.923732 0.004542 0.383013 -28.401948
0.372511 -0.047981 0.926786 205.498986 0.024505 0.998823 0.041861 -4.479329 -0.927704 0.007118 0.373248 -28.137345
0.362402 -0.046614 0.930855 206.179478 0.026863 0.998856 0.039561 -4.468139 -0.931635 0.010669 0.363239 -27.876878
0.351139 -0.043261 0.935323 206.872017 0.023361 0.999026 0.037437 -4.450458 -0.936032 0.008704 0.351808 -27.619562
0.339501 -0.046029 0.939479 207.565829 0.022735 0.998912 0.040725 -4.427159 -0.940331 0.007532 0.340178 -27.360947
0.329443 -0.057108 0.942447 208.271736 0.030324 0.998294 0.049892 -4.418647 -0.943689 0.012142 0.330613 -27.125250
0.321422 -0.064054 0.944767 208.992160 0.031997 0.997875 0.056769 -4.398663 -0.946395 0.011983 0.322789 -26.896682
0.315367 -0.067313 0.946579 209.694067 0.029105 0.997698 0.061251 -4.369809 -0.948523 0.008234 0.316600 -26.670569
0.312485 -0.068123 0.947477 210.394406 0.023846 0.997673 0.063868 -4.336462 -0.949623 0.002636 0.313383 -26.421905
0.310603 -0.070136 0.947948 211.097992 0.026846 0.997524 0.065008 -4.311109 -0.950161 0.005257 0.311717 -26.185728
0.309144 -0.070994 0.948362 211.805987 0.029265 0.997448 0.065129 -4.281030 -0.950565 0.007620 0.310432 -25.955663
0.308440 -0.068816 0.948751 212.523649 0.027086 0.997611 0.063554 -4.247650 -0.950858 0.006095 0.309567 -25.729322
0.308160 -0.067242 0.948955 213.224349 0.024488 0.997729 0.062746 -4.213730 -0.951020 0.003902 0.309106 -25.492566
0.309605 -0.068143 0.948420 213.938927 0.022719 0.997674 0.064265 -4.179562 -0.950594 0.001651 0.310433 -25.253738
0.310880 -0.069838 0.947880 214.665151 0.023456 0.997557 0.065805 -4.148282 -0.950160 0.001776 0.311758 -25.016777
0.312506 -0.071302 0.947236 215.391991 0.025722 0.997448 0.066596 -4.120509 -0.949568 0.003553 0.313542 -24.773103
0.314823 -0.073155 0.946327 216.127926 0.029952 0.997295 0.067130 -4.085243 -0.948678 0.007211 0.316163 -24.531634
0.318169 -0.074506 0.945101 216.866153 0.029886 0.997200 0.068552 -4.046466 -0.947563 0.006434 0.319505 -24.280317
0.322873 -0.075699 0.943410 217.599659 0.026139 0.997129 0.071064 -4.015997 -0.946082 0.001716 0.323925 -24.017254
0.327838 -0.080912 0.941262 218.344910 0.026327 0.996721 0.076510 -3.978193 -0.944367 -0.000302 0.328893 -23.757304
0.332548 -0.083431 0.939388 219.086296 0.025593 0.996511 0.079444 -3.934318 -0.942739 -0.002378 0.333523 -23.484837
0.337042 -0.083080 0.937817 219.816285 0.023429 0.996531 0.079861 -3.894780 -0.941198 -0.004944 0.337819 -23.215317
0.341586 -0.077174 0.936676 220.555320 0.018284 0.996980 0.075475 -3.855476 -0.939673 -0.008655 0.341966 -22.941290
0.346221 -0.072856 0.935320 221.288322 0.015070 0.997283 0.072104 -3.808601 -0.938032 -0.010868 0.346378 -22.649392
0.350912 -0.070422 0.933757 222.015576 0.010598 0.997403 0.071239 -3.764228 -0.936349 -0.015103 0.350747 -22.358796
0.355303 -0.070285 0.932105 222.753808 0.008888 0.997378 0.071819 -3.727765 -0.934709 -0.017233 0.354997 -22.065898
0.358869 -0.068646 0.930860 223.496367 0.010306 0.997523 0.069588 -3.693616 -0.933331 -0.015380 0.358688 -21.773009
0.363104 -0.066155 0.929397 224.222973 0.009468 0.997687 0.067316 -3.658355 -0.931701 -0.015643 0.362890 -21.488602
0.367536 -0.067080 0.927587 224.948711 0.009401 0.997612 0.068419 -3.616967 -0.929962 -0.016427 0.367289 -21.198869
0.372147 -0.068649 0.925632 225.694309 0.011817 0.997531 0.069230 -3.583311 -0.928099 -0.014825 0.372039 -20.891444
0.376431 -0.068415 0.923915 226.435475 0.015274 0.997592 0.067647 -3.555134 -0.926319 -0.011352 0.376570 -20.592559
0.380674 -0.068904 0.922138 227.174568 0.019405 0.997596 0.066532 -3.519302 -0.924506 -0.007433 0.381096 -20.293065
0.384150 -0.066828 0.920849 227.910388 0.015017 0.997697 0.066141 -3.482302 -0.923149 -0.011580 0.384269 -19.983475
0.388788 -0.067258 0.918869 228.629810 0.011056 0.997601 0.068343 -3.450969 -0.921261 -0.016412 0.388598 -19.662668
0.393730 -0.065879 0.916862 229.347319 0.008021 0.997637 0.068239 -3.414280 -0.919191 -0.019514 0.393328 -19.335610
0.397336 -0.063301 0.915487 230.086416 0.013887 0.997919 0.062974 -3.389601 -0.917568 -0.012308 0.397388 -19.017523
0.401445 -0.057491 0.914077 230.822593 0.014695 0.998304 0.056335 -3.362629 -0.915765 -0.009183 0.401609 -18.690604
0.404154 -0.052175 0.913202 231.544673 0.005782 0.998498 0.054490 -3.322350 -0.914673 -0.016742 0.403848 -18.360260
0.406808 -0.056119 0.911788 232.255775 -0.000233 0.998105 0.061535 -3.291296 -0.913514 -0.025246 0.406024 -18.023925
0.410354 -0.068453 0.909353 232.974446 0.003334 0.997285 0.073568 -3.260973 -0.911920 -0.027157 0.409468 -17.693564
0.410690 -0.080820 0.908186 233.705321 0.007746 0.996337 0.085162 -3.219519 -0.911742 -0.027941 0.409812 -17.373815
0.412152 -0.086178 0.907030 234.425275 0.006421 0.995767 0.091691 -3.172240 -0.911093 -0.031967 0.410961 -17.039692
0.413995 -0.085930 0.906214 235.141145 0.006572 0.995791 0.091421 -3.129476 -0.910256 -0.031893 0.412817 -16.710191
0.418625 -0.079370 0.904684 235.867416 0.005475 0.996376 0.084881 -3.077881 -0.908143 -0.030580 0.417543 -16.364859
0.422521 -0.074971 0.903247 236.584996 0.007938 0.996841 0.079026 -3.031365 -0.906319 -0.026220 0.421781 -16.036051
0.426418 -0.072029 0.901654 237.295553 0.007883 0.997082 0.075924 -2.983344 -0.904492 -0.025268 0.425742 -15.702595
0.431520 -0.070044 0.899380 238.017896 0.008512 0.997253 0.073582 -2.938368 -0.902063 -0.024097 0.430931 -15.349116
0.435379 -0.067772 0.897692 238.746159 0.008028 0.997415 0.071408 -2.900767 -0.900212 -0.023883 0.434798 -14.986076
0.438918 -0.071303 0.895693 239.471063 0.008945 0.997144 0.074996 -2.854910 -0.898483 -0.024905 0.438302 -14.623424
0.441842 -0.076860 0.893794 240.199749 0.012885 0.996764 0.079345 -2.812768 -0.897000 -0.023542 0.441403 -14.267373
0.444279 -0.083626 0.891977 240.915580 0.014721 0.996181 0.086063 -2.770357 -0.895768 -0.025105 0.443813 -13.909915
0.446684 -0.087894 0.890364 241.631739 0.016501 0.995803 0.090024 -2.720442 -0.894540 -0.025521 0.446260 -13.539046
0.448291 -0.095111 0.888813 242.346986 0.019189 0.995118 0.096809 -2.661828 -0.893682 -0.026343 0.447927 -13.172765
0.450786 -0.099695 0.887047 243.071658 0.019639 0.994611 0.101804 -2.603807 -0.892416 -0.028471 0.450314 -12.794047
0.451346 -0.098004 0.886951 243.791899 0.019465 0.994796 0.100015 -2.553163 -0.892137 -0.027877 0.450905 -12.423754
0.453307 -0.081905 0.887583 244.503055 0.009132 0.996144 0.087259 -2.497265 -0.891308 -0.031450 0.452307 -12.041948
0.454339 -0.071027 0.887993 245.190075 0.009173 0.997137 0.075064 -2.441258 -0.890782 -0.025959 0.453690 -11.665706
0.454674 -0.067785 0.888075 245.886940 0.010124 0.997429 0.070948 -2.386598 -0.890601 -0.023268 0.454191 -11.313632
0.454446 -0.071383 0.887909 246.604015 0.006500 0.997023 0.076828 -2.341567 -0.890751 -0.029143 0.453557 -10.949069
0.455143 -0.076161 0.887155 247.347520 0.008771 0.996670 0.081063 -2.302054 -0.890375 -0.029114 0.454296 -10.567712
0.455990 -0.077665 0.886589 248.079322 0.013209 0.996666 0.080515 -2.263058 -0.889887 -0.025003 0.455496 -10.194273
0.457719 -0.077587 0.885705 248.810264 0.014890 0.996714 0.079617 -2.207027 -0.888972 -0.023254 0.457370 -9.817881
