1.000000 0.000000 0.000000 0.000000 -0.000000 1.000000 0.000000 0.000000 -0.000000 0.000000 1.000000 0.000000
0.999987 -0.001735 -0.004795 -0.005599 0.001727 0.999997 -0.001721 -0.013620 0.004798 0.001712 0.999987 0.903451
0.999963 -0.000975 -0.008502 -0.016421 0.000950 0.999995 -0.002903 -0.020093 0.008505 0.002894 0.999960 1.630910
0.999922 -0.000514 -0.012510 -0.026540 0.000465 0.999992 -0.003964 -0.026904 0.012512 0.003957 0.999914 2.358053
0.999851 -0.000125 -0.017286 -0.045691 0.000054 0.999992 -0.004104 -0.035057 0.017286 0.004102 0.999842 3.089289
0.999757 -0.000447 -0.022045 -0.066527 0.000346 0.999989 -0.004580 -0.051147 0.022047 0.004571 0.999746 3.849840
0.999640 0.001311 -0.026807 -0.100060 -0.001456 0.999985 -0.005370 -0.062262 0.026800 0.005408 0.999626 4.615937
0.999497 0.004584 -0.031378 -0.131441 -0.004761 0.999973 -0.005566 -0.075509 0.031352 0.005712 0.999492 5.413961
0.999342 0.004082 -0.036035 -0.164196 -0.004217 0.999984 -0.003676 -0.087559 0.036019 0.003825 0.999344 6.208508
0.999177 0.003532 -0.040412 -0.204042 -0.003552 0.999994 -0.000423 -0.096721 0.040410 0.000566 0.999183 7.011707
0.999058 0.003043 -0.043287 -0.241142 -0.002994 0.999995 0.001189 -0.111590 0.043290 -0.001058 0.999062 7.828209
0.998949 0.003707 -0.045689 -0.287627 -0.003669 0.999993 0.000897 -0.124477 0.045692 -0.000729 0.998955 8.651108
0.998861 0.001202 -0.047696 -0.330212 -0.001176 0.999999 0.000589 -0.134323 0.047697 -0.000532 0.998862 9.486233
0.998769 -0.000498 -0.049606 -0.363878 0.000546 0.999999 0.000954 -0.143634 0.049605 -0.000980 0.998768 10.325396
0.998689 -0.000674 -0.051187 -0.413342 0.000763 0.999998 0.001720 -0.152834 0.051186 -0.001757 0.998688 11.181303
0.998610 -0.001858 -0.052666 -0.460428 0.001906 0.999998 0.000853 -0.166418 0.052664 -0.000952 0.998612 12.040230
0.998512 0.000027 -0.054538 -0.517241 -0.000101 0.999999 -0.001349 -0.177476 0.054538 0.001353 0.998511 12.909246
0.998438 -0.000003 -0.055879 -0.576407 -0.000195 0.999994 -0.003541 -0.190353 0.055879 0.003546 0.998431 13.782791
0.998319 0.005049 -0.057734 -0.636385 -0.005316 0.999976 -0.004477 -0.202057 0.057710 0.004776 0.998322 14.666646
0.998268 0.005374 -0.058587 -0.698949 -0.005596 0.999978 -0.003632 -0.216914 0.058566 0.003953 0.998276 15.555371
0.998174 0.004271 -0.060249 -0.757158 -0.004378 0.999989 -0.001638 -0.232529 0.060241 0.001899 0.998182 16.458962
0.998116 0.003734 -0.061241 -0.813356 -0.003786 0.999993 -0.000742 -0.249311 0.061237 0.000973 0.998123 17.365234
0.998030 0.004583 -0.062568 -0.871808 -0.004626 0.999989 -0.000543 -0.263251 0.062564 0.000832 0.998041 18.274309
0.997946 0.002928 -0.063989 -0.930379 -0.003034 0.999994 -0.001557 -0.277167 0.063984 0.001748 0.997949 19.191219
0.997885 0.002095 -0.064969 -0.998174 -0.002176 0.999997 -0.001177 -0.287986 0.064967 0.001316 0.997887 20.117013
0.997852 0.003350 -0.065429 -1.058314 -0.003272 0.999994 0.001296 -0.300385 0.065433 -0.001079 0.997856 21.045986
0.997892 0.004922 -0.064706 -1.125125 -0.004592 0.999976 0.005244 -0.310759 0.064731 -0.004936 0.997891 21.982130
0.997927 0.005324 -0.064141 -1.195819 -0.004788 0.999952 0.008506 -0.321469 0.064183 -0.008181 0.997905 22.918061
0.998054 0.003813 -0.062237 -1.255155 -0.003116 0.999931 0.011290 -0.327187 0.062276 -0.011074 0.997998 23.863458
0.998173 0.003854 -0.060297 -1.313281 -0.003218 0.999938 0.010641 -0.334329 0.060334 -0.010427 0.998124 24.823156
0.998245 0.003123 -0.059129 -1.369439 -0.002692 0.999969 0.007363 -0.342825 0.059150 -0.007191 0.998223 25.770339
0.998303 0.004141 -0.058090 -1.436352 -0.003933 0.999985 0.003689 -0.343382 0.058105 -0.003454 0.998305 26.726591
0.998364 0.003629 -0.057065 -1.494717 -0.003545 0.999992 0.001571 -0.352590 0.057070 -0.001366 0.998369 27.682095
0.998392 0.003488 -0.056571 -1.549123 -0.003243 0.999985 0.004424 -0.360060 0.056586 -0.004234 0.998389 28.652436
0.998358 0.001658 -0.057263 -1.612078 -0.001119 0.999955 0.009444 -0.369044 0.057276 -0.009364 0.998314 29.632567
0.998301 -0.004625 -0.058078 -1.664541 0.005322 0.999916 0.011853 -0.380000 0.058018 -0.012142 0.998242 30.623668
0.998128 -0.013828 -0.059580 -1.713779 0.014428 0.999849 0.009653 -0.388548 0.059437 -0.010495 0.998177 31.605803
0.998067 -0.013721 -0.060621 -1.774901 0.014147 0.999878 0.006600 -0.387569 0.060523 -0.007444 0.998139 32.575079
0.997970 -0.012501 -0.062453 -1.841854 0.012750 0.999912 0.003590 -0.395083 0.062403 -0.004379 0.998041 33.545951
0.997883 -0.010841 -0.064122 -1.909713 0.011094 0.999932 0.003598 -0.401297 0.064079 -0.004301 0.997936 34.553893
0.997854 -0.009326 -0.064814 -1.979404 0.009739 0.999934 0.006052 -0.416151 0.064753 -0.006670 0.997879 35.569828
0.997794 -0.007915 -0.065905 -2.049568 0.008454 0.999933 0.007902 -0.424234 0.065838 -0.008442 0.997795 36.569273
0.997721 -0.006869 -0.067117 -2.127379 0.007561 0.999921 0.010063 -0.434008 0.067043 -0.010548 0.997694 37.580185
0.997695 -0.007267 -0.067472 -2.193053 0.008103 0.999894 0.012125 -0.442162 0.067377 -0.012644 0.997647 38.579086
0.997714 -0.002121 -0.067549 -2.270505 0.003235 0.999860 0.016396 -0.443954 0.067505 -0.016577 0.997581 39.576851
0.997687 0.000123 -0.067980 -2.354611 0.001067 0.999847 0.017476 -0.445452 0.067971 -0.017509 0.997534 40.572196
0.997637 -0.001417 -0.068688 -2.436160 0.002582 0.999854 0.016875 -0.451305 0.068654 -0.017012 0.997495 41.584945
0.997669 -0.001859 -0.068209 -2.506324 0.002890 0.999883 0.015007 -0.450916 0.068173 -0.015170 0.997558 42.584243
0.997667 0.001816 -0.068244 -2.584171 -0.000888 0.999907 0.013627 -0.453471 0.068263 -0.013534 0.997576 43.561633
0.997578 0.000427 -0.069559 -2.654608 0.000575 0.999896 0.014377 -0.460432 0.069558 -0.014382 0.997474 44.557737
0.997496 -0.002644 -0.070680 -2.718053 0.003758 0.999871 0.015628 -0.460477 0.070629 -0.015855 0.997377 45.554531
0.997465 -0.000143 -0.071163 -2.797016 0.001293 0.999869 0.016118 -0.467184 0.071152 -0.016169 0.997334 46.541665
0.997462 0.000606 -0.071200 -2.873412 0.000235 0.999930 0.011808 -0.479416 0.071202 -0.011795 0.997392 47.521387
0.997419 0.001240 -0.071794 -2.951152 -0.000610 0.999961 0.008791 -0.480187 0.071802 -0.008724 0.997381 48.507951
0.997349 0.002097 -0.072742 -3.027066 -0.001457 0.999960 0.008849 -0.490523 0.072757 -0.008720 0.997312 49.458689
0.997366 0.002530 -0.072493 -3.097564 -0.001565 0.999909 0.013374 -0.491795 0.072521 -0.013226 0.997279 50.447215
0.997338 -0.001154 -0.072902 -3.167844 0.002264 0.999883 0.015150 -0.506915 0.072876 -0.015275 0.997224 51.412902
0.997328 -0.004505 -0.072921 -3.237887 0.005640 0.999866 0.015366 -0.512032 0.072842 -0.015736 0.997219 52.368680
0.997256 -0.007949 -0.073606 -3.304667 0.009029 0.999856 0.014357 -0.518090 0.073481 -0.014982 0.997184 53.321148
0.997187 -0.010383 -0.074236 -3.374061 0.011435 0.999840 0.013759 -0.527373 0.074081 -0.014569 0.997146 54.290821
0.997123 -0.010877 -0.075018 -3.449842 0.012139 0.999792 0.016392 -0.524948 0.074824 -0.017255 0.997047 55.244643
0.996998 -0.014012 -0.076155 -3.525411 0.015667 0.999653 0.021172 -0.525359 0.075831 -0.022301 0.996871 56.203136
0.996967 -0.012930 -0.076738 -3.598251 0.014890 0.999576 0.025026 -0.532949 0.076381 -0.026092 0.996737 57.166887
0.996934 -0.012092 -0.077305 -3.680150 0.014149 0.999559 0.026123 -0.523020 0.076955 -0.027137 0.996665 58.116624
0.996781 -0.011971 -0.079279 -3.766369 0.013637 0.999697 0.020503 -0.522728 0.079010 -0.021518 0.996642 59.055330
0.996737 -0.010389 -0.080045 -3.844715 0.011531 0.999838 0.013817 -0.520196 0.079889 -0.014695 0.996695 59.979403
0.996672 -0.006452 -0.081266 -3.931970 0.007394 0.999909 0.011291 -0.528776 0.081185 -0.011854 0.996629 60.896865
0.996644 -0.001154 -0.081855 -4.014305 0.002224 0.999913 0.012980 -0.529412 0.081833 -0.013119 0.996560 61.798766
0.996581 0.000392 -0.082617 -4.096009 0.000862 0.999885 0.015142 -0.542644 0.082613 -0.015161 0.996466 62.692136
0.996490 0.001031 -0.083710 -4.177128 0.000299 0.999874 0.015867 -0.553700 0.083716 -0.015837 0.996364 63.569065
0.996383 0.002328 -0.084945 -4.255931 -0.000938 0.999865 0.016394 -0.553969 0.084971 -0.016255 0.996251 64.433960
0.996264 0.003826 -0.086273 -4.331314 -0.002350 0.999849 0.017205 -0.560265 0.086326 -0.016938 0.996123 65.290699
0.996128 0.004342 -0.087812 -4.416386 -0.002779 0.999836 0.017912 -0.566916 0.087875 -0.017598 0.995976 66.125417
0.995975 0.004307 -0.089531 -4.491768 -0.002674 0.999828 0.018346 -0.573535 0.089595 -0.018033 0.995815 66.938554
0.995848 0.005420 -0.090865 -4.571211 -0.003614 0.999793 0.020035 -0.573868 0.090955 -0.019623 0.995662 67.742962
0.995719 0.009794 -0.091908 -4.659011 -0.007682 0.999699 0.023306 -0.571872 0.092109 -0.022500 0.995495 68.549695
0.995560 0.009794 -0.093617 -4.741641 -0.007345 0.999622 0.026475 -0.574870 0.093841 -0.025670 0.995256 69.328840
0.995376 0.012489 -0.095238 -4.820042 -0.009944 0.999582 0.027158 -0.574349 0.095538 -0.026086 0.995084 70.086645
0.995206 0.015198 -0.096617 -4.906560 -0.013141 0.999674 0.021891 -0.577222 0.096918 -0.020516 0.995081 70.834444
0.995096 0.014596 -0.097830 -4.985411 -0.013318 0.999817 0.013701 -0.580844 0.098012 -0.012331 0.995109 71.566454
0.994994 0.013464 -0.099022 -5.058536 -0.012529 0.999871 0.010061 -0.586244 0.099145 -0.008770 0.995034 72.250174
0.994912 0.016764 -0.099342 -5.135456 -0.015744 0.999815 0.011042 -0.583207 0.099509 -0.009422 0.994992 72.931092
0.994717 0.020694 -0.100553 -5.216351 -0.019299 0.999704 0.014833 -0.593113 0.100830 -0.012814 0.994821 73.612594
0.994627 0.017475 -0.102037 -5.288253 -0.016022 0.999758 0.015042 -0.611184 0.102276 -0.013327 0.994667 74.256438
0.994656 0.011401 -0.102617 -5.347990 -0.010332 0.999887 0.010940 -0.617781 0.102730 -0.009822 0.994661 74.868836
0.994763 0.003597 -0.102141 -5.400326 -0.002992 0.999977 0.006077 -0.625162 0.102161 -0.005740 0.994751 75.476394
0.994979 0.001491 -0.100074 -5.456299 -0.001243 0.999996 0.002539 -0.630502 0.100077 -0.002402 0.994977 76.063752
0.995298 0.006632 -0.096634 -5.520447 -0.006279 0.999972 0.003959 -0.641630 0.096657 -0.003333 0.995312 76.651320
0.995721 0.010166 -0.091850 -5.581915 -0.009601 0.999932 0.006585 -0.645357 0.091911 -0.005675 0.995751 77.207950
0.996114 0.008039 -0.087710 -5.629188 -0.007158 0.999921 0.010350 -0.654099 0.087786 -0.009682 0.996092 77.755779
0.996734 0.002846 -0.080709 -5.658479 -0.001657 0.999889 0.014794 -0.663907 0.080742 -0.014612 0.996628 78.290741
0.997433 -0.000164 -0.071604 -5.684941 0.001417 0.999847 0.017442 -0.672831 0.071590 -0.017499 0.997281 78.816477
0.998246 0.003079 -0.059117 -5.718090 -0.002076 0.999853 0.017020 -0.680153 0.059161 -0.016868 0.998106 79.326850
0.999068 0.009188 -0.042173 -5.738997 -0.008475 0.999818 0.017067 -0.680412 0.042322 -0.016693 0.998965 79.831703
0.999648 0.013544 -0.022797 -5.750707 -0.013145 0.999759 0.017565 -0.678218 0.023029 -0.017259 0.999586 80.318268
0.999952 0.009766 0.000717 -5.737275 -0.009778 0.999788 0.018148 -0.683051 -0.000539 -0.018154 0.999835 80.789772
0.999571 0.006979 0.028437 -5.701849 -0.007537 0.999780 0.019550 -0.684999 -0.028294 -0.019756 0.999404 81.249218
0.998222 0.006623 0.059245 -5.654694 -0.007883 0.999747 0.021052 -0.688987 -0.059090 -0.021481 0.998021 81.700993
0.995544 0.006027 0.094109 -5.593934 -0.008193 0.999710 0.022654 -0.688632 -0.093946 -0.023324 0.995304 82.148253
0.991032 0.005744 0.133503 -5.515645 -0.008869 0.999700 0.022827 -0.689666 -0.133332 -0.023807 0.990785 82.577588
0.984032 0.005214 0.177916 -5.405991 -0.009470 0.999689 0.023080 -0.688050 -0.177741 -0.024397 0.983775 82.999841
0.974395 0.004947 0.224789 -5.273105 -0.010256 0.999695 0.022456 -0.691718 -0.224609 -0.024186 0.974149 83.414843
0.961268 0.006047 0.275550 -5.130252 -0.012042 0.999726 0.020071 -0.695975 -0.275353 -0.022611 0.961077 83.826028
0.944209 0.006657 0.329279 -4.968798 -0.013209 0.999757 0.017666 -0.696677 -0.329081 -0.021029 0.944067 84.200405
0.922835 0.006426 0.385141 -4.771772 -0.013522 0.999785 0.015719 -0.696538 -0.384957 -0.019714 0.922724 84.558934
0.897010 0.007302 0.441950 -4.560965 -0.014863 0.999796 0.013647 -0.694622 -0.441760 -0.018810 0.896936 84.906489
0.866662 0.006185 0.498858 -4.335356 -0.013655 0.999843 0.011326 -0.692242 -0.498709 -0.016627 0.866610 85.227800
0.832357 0.005029 0.554217 -4.085377 -0.012296 0.999880 0.009394 -0.698763 -0.554103 -0.014634 0.832319 85.521370
0.794729 0.003589 0.606954 -3.816228 -0.011459 0.999893 0.009091 -0.705327 -0.606857 -0.014180 0.794685 85.797202
0.754154 0.003227 0.656690 -3.531697 -0.012956 0.999866 0.009966 -0.711422 -0.656570 -0.016024 0.754095 86.065027
0.710711 0.001802 0.703481 -3.240256 -0.014030 0.999834 0.011613 -0.712987 -0.703344 -0.018124 0.710619 86.304898
0.664959 -0.000052 0.746879 -2.922929 -0.012426 0.999861 0.011132 -0.716323 -0.746776 -0.016683 0.664866 86.518515
0.618466 -0.002331 0.785808 -2.596633 -0.008201 0.999922 0.009421 -0.721036 -0.785769 -0.012271 0.618399 86.711487
0.571630 -0.004029 0.820502 -2.255652 -0.005239 0.999950 0.008560 -0.725666 -0.820495 -0.009192 0.571580 86.879209
0.524790 -0.002215 0.851229 -1.922593 -0.008103 0.999938 0.007598 -0.733550 -0.851193 -0.010885 0.524740 87.037053
0.478077 0.000471 0.878317 -1.587123 -0.011841 0.999912 0.005908 -0.739236 -0.878238 -0.013224 0.478041 87.189973
0.433639 0.001294 0.901086 -1.242519 -0.011336 0.999928 0.004019 -0.744248 -0.901016 -0.011957 0.433622 87.312857
0.392443 -0.003664 0.919769 -0.883940 0.000195 0.999992 0.003900 -0.749101 -0.919776 -0.001352 0.392441 87.420724
0.354062 -0.011292 0.935154 -0.502219 0.012382 0.999896 0.007386 -0.746904 -0.935140 0.008964 0.354165 87.499380
0.318890 -0.012222 0.947713 -0.127373 0.013200 0.999877 0.008453 -0.746580 -0.947700 0.009814 0.319012 87.576279
0.286297 -0.006772 0.958117 0.236426 0.006910 0.999964 0.005004 -0.752778 -0.958116 0.005188 0.286334 87.665982
0.256386 0.000337 0.966574 0.588790 -0.004313 0.999990 0.000795 -0.764036 -0.966565 -0.004373 0.256385 87.764991
0.230426 0.003270 0.973084 0.955242 -0.006289 0.999978 -0.001871 -0.778340 -0.973070 -0.005688 0.230442 87.856402
0.205400 0.004509 0.978668 1.358724 -0.002494 0.999989 -0.004083 -0.791423 -0.978675 -0.001602 0.205409 87.920222
0.183385 0.007149 0.983015 1.770875 0.005797 0.999948 -0.008353 -0.793951 -0.983024 0.007231 0.183334 87.967400
0.163025 0.014568 0.986514 2.194635 0.011115 0.999800 -0.016601 -0.788008 -0.986559 0.013671 0.162831 88.002740
0.143791 0.018886 0.989428 2.620136 0.011811 0.999714 -0.020799 -0.787042 -0.989538 0.014677 0.143527 88.048585
0.127491 0.016955 0.991695 3.056735 0.006781 0.999816 -0.017965 -0.795220 -0.991817 0.009015 0.127353 88.109764
0.112661 0.012919 0.993549 3.517363 0.005342 0.999893 -0.013607 -0.816240 -0.993619 0.006841 0.112579 88.165933
0.098415 0.010026 0.995095 3.995347 0.007089 0.999917 -0.010776 -0.836068 -0.995120 0.008115 0.098336 88.202847
0.085745 0.007700 0.996287 4.491126 0.010774 0.999904 -0.008655 -0.846438 -0.996259 0.011477 0.085654 88.231443
0.074778 0.007298 0.997173 4.992472 0.015270 0.999848 -0.008463 -0.857707 -0.997083 0.015860 0.074655 88.255712
0.065360 0.008024 0.997829 5.511636 0.017680 0.999801 -0.009198 -0.868421 -0.997705 0.018242 0.065205 88.278898
0.058462 0.008256 0.998255 6.050790 0.018794 0.999779 -0.009369 -0.876502 -0.998113 0.019309 0.058294 88.301772
0.052976 0.008928 0.998556 6.612262 0.020881 0.999731 -0.010046 -0.892042 -0.998378 0.021383 0.052775 88.323308
0.047057 0.009886 0.998843 7.178994 0.021521 0.999709 -0.010908 -0.901721 -0.998661 0.022009 0.046830 88.346277
0.041801 0.009969 0.999076 7.766528 0.022524 0.999687 -0.010917 -0.908849 -0.998872 0.022960 0.041564 88.380711
0.038525 0.010141 0.999206 8.374813 0.024132 0.999647 -0.011076 -0.922428 -0.998966 0.024540 0.038267 88.407152
0.035429 0.009438 0.999327 9.010233 0.026304 0.999600 -0.010373 -0.932777 -0.999026 0.026654 0.035167 88.421912
0.032352 0.008715 0.999438 9.656462 0.026286 0.999609 -0.009567 -0.943516 -0.999131 0.026581 0.032110 88.439049
0.030466 0.008545 0.999499 10.323358 0.028637 0.999546 -0.009418 -0.956267 -0.999126 0.028909 0.030207 88.454963
0.030748 0.007805 0.999497 11.005770 0.033505 0.999399 -0.008835 -0.969779 -0.998966 0.033760 0.030468 88.468960
0.032350 0.007336 0.999449 11.704495 0.036462 0.999299 -0.008515 -0.983142 -0.998811 0.036717 0.032060 88.494303
0.035552 0.006930 0.999344 12.419985 0.039564 0.999182 -0.008337 -0.996452 -0.998585 0.039835 0.035249 88.516946
0.039857 0.006624 0.999183 13.151779 0.041817 0.999091 -0.008291 -1.008845 -0.998330 0.042113 0.039544 88.554105
0.043972 0.005697 0.999016 13.907047 0.043062 0.999044 -0.007593 -1.019784 -0.998104 0.043353 0.043685 88.588564
0.048208 0.003844 0.998830 14.677886 0.043486 0.999036 -0.005944 -1.033545 -0.997890 0.043722 0.047995 88.628519
0.052211 0.001988 0.998634 15.459111 0.043495 0.999045 -0.004263 -1.045212 -0.997689 0.043658 0.052074 88.675549
0.056462 0.000348 0.998405 16.262257 0.039977 0.999197 -0.002609 -1.058044 -0.997604 0.040061 0.056403 88.727139
0.060736 -0.001045 0.998153 17.073199 0.039661 0.999212 -0.001367 -1.066306 -0.997366 0.039671 0.060729 88.787983
0.064659 0.000363 0.997907 17.879348 0.036815 0.999318 -0.002749 -1.079713 -0.997228 0.036916 0.064602 88.841835
0.066744 0.004867 0.997758 18.687023 0.033440 0.999415 -0.007112 -1.098059 -0.997210 0.033839 0.066542 88.901474
0.067634 0.009597 0.997664 19.517451 0.029911 0.999485 -0.011642 -1.114066 -0.997262 0.030628 0.067312 88.977478
0.068058 0.011773 0.997612 20.343724 0.024821 0.999601 -0.013489 -1.131385 -0.997373 0.025680 0.067739 89.047317
0.067817 0.010305 0.997644 21.171687 0.023592 0.999650 -0.011929 -1.155599 -0.997419 0.024345 0.067550 89.104741
0.067966 0.009270 0.997644 21.995415 0.021980 0.999700 -0.010786 -1.184232 -0.997446 0.022662 0.067742 89.169561
0.068065 0.007490 0.997653 22.815716 0.022244 0.999712 -0.009023 -1.205102 -0.997433 0.022806 0.067878 89.234255
0.068273 0.007194 0.997641 23.639578 0.019600 0.999771 -0.008551 -1.227994 -0.997474 0.020138 0.068116 89.292084
0.068690 0.007180 0.997612 24.455719 0.018164 0.999799 -0.008447 -1.251566 -0.997473 0.018701 0.068546 89.355140
0.068560 0.008168 0.997613 25.271909 0.015777 0.999833 -0.009270 -1.275888 -0.997522 0.016375 0.068420 89.418495
0.066834 0.008869 0.997724 26.088400 0.012334 0.999877 -0.009715 -1.297851 -0.997688 0.012955 0.066717 89.484441
0.063754 0.008409 0.997930 26.901876 0.009710 0.999912 -0.009047 -1.321970 -0.997919 0.010267 0.063667 89.549151
0.059290 0.006742 0.998218 27.707298 0.006986 0.999950 -0.007169 -1.344630 -0.998217 0.007399 0.059240 89.602700
0.054153 0.003671 0.998526 28.528724 0.003346 0.999987 -0.003858 -1.361749 -0.998527 0.003550 0.054140 89.655687
0.047386 0.002528 0.998873 29.351513 0.001909 0.999995 -0.002621 -1.385638 -0.998875 0.002031 0.047381 89.708375
0.039484 0.002741 0.999216 30.157946 0.002134 0.999994 -0.002827 -1.408465 -0.999218 0.002244 0.039478 89.746204
0.030102 0.003332 0.999541 30.955954 0.003129 0.999989 -0.003428 -1.424708 -0.999542 0.003231 0.030092 89.769241
0.020254 0.003375 0.999789 31.755187 0.003262 0.999989 -0.003442 -1.441746 -0.999790 0.003331 0.020243 89.780302
0.009646 0.002433 0.999950 32.555217 0.003449 0.999991 -0.002466 -1.462617 -0.999948 0.003473 0.009637 89.796348
-0.001207 0.001364 0.999998 33.362062 0.001907 0.999997 -0.001362 -1.481709 -0.999998 0.001905 -0.001210 89.802359
-0.012480 0.000781 0.999922 34.155477 0.004198 0.999991 -0.000728 -1.499577 -0.999913 0.004189 -0.012483 89.787678
-0.023353 0.001034 0.999727 34.939505 0.004088 0.999991 -0.000939 -1.516137 -0.999719 0.004065 -0.023357 89.771636
-0.034218 0.001755 0.999413 35.712156 0.003253 0.999993 -0.001644 -1.534711 -0.999409 0.003194 -0.034224 89.743958
-0.044448 0.002764 0.999008 36.488957 0.003754 0.999990 -0.002600 -1.552104 -0.999005 0.003635 -0.044458 89.710212
-0.054596 0.003516 0.998502 37.253986 0.004228 0.999986 -0.003290 -1.569209 -0.998500 0.004042 -0.054610 89.671176
-0.063733 0.004197 0.997958 38.003032 0.006034 0.999974 -0.003820 -1.589882 -0.997949 0.005779 -0.063757 89.630172
-0.073043 0.004504 0.997318 38.751115 0.005475 0.999977 -0.004115 -1.608883 -0.997314 0.005159 -0.073066 89.569735
-0.082570 0.004457 0.996575 39.496609 0.007008 0.999968 -0.003891 -1.626194 -0.996561 0.006662 -0.082599 89.500163
-0.090778 0.003662 0.995864 40.241854 0.009240 0.999953 -0.002835 -1.644079 -0.995828 0.008945 -0.090808 89.437707
-0.097257 0.002184 0.995257 40.979628 0.011310 0.999935 -0.001089 -1.659095 -0.995195 0.011151 -0.097275 89.367499
-0.101962 0.000610 0.994788 41.699010 0.014400 0.999896 0.000863 -1.678266 -0.994684 0.014413 -0.101961 89.286313
-0.105372 -0.000918 0.994432 42.413740 0.017572 0.999842 0.002785 -1.697277 -0.994278 0.017767 -0.105339 89.205482
-0.107714 -0.001816 0.994180 43.105486 0.019865 0.999795 0.003979 -1.711970 -0.993984 0.020178 -0.107656 89.126899
-0.109053 -0.002196 0.994033 43.783707 0.020140 0.999787 0.004418 -1.724450 -0.993832 0.020502 -0.108986 89.055378
-0.109156 -0.001874 0.994023 44.447182 0.021100 0.999769 0.004202 -1.734796 -0.993801 0.021433 -0.109091 88.984399
-0.107282 -0.000624 0.994228 45.102045 0.021573 0.999763 0.002955 -1.749869 -0.993995 0.021766 -0.107243 88.916517
-0.103261 0.000291 0.994654 45.729054 0.022518 0.999744 0.002045 -1.763892 -0.994400 0.022608 -0.103241 88.853193
-0.096803 0.000881 0.995303 46.350224 0.022485 0.999746 0.001302 -1.774012 -0.995050 0.022505 -0.096798 88.800750
-0.087693 0.001667 0.996146 46.951605 0.022172 0.999754 0.000279 -1.791985 -0.995901 0.022111 -0.087709 88.754162
-0.076056 0.001536 0.997102 47.523517 0.021174 0.999776 0.000075 -1.805420 -0.996879 0.021119 -0.076072 88.714320
-0.060670 0.002236 0.998155 48.080393 0.020634 0.999787 -0.000986 -1.823176 -0.997945 0.020537 -0.060703 88.695822
-0.041429 0.003697 0.999134 48.616144 0.020152 0.999793 -0.002864 -1.835290 -0.998938 0.020016 -0.041495 88.689712
-0.018531 0.006202 0.999809 49.145288 0.016744 0.999842 -0.005891 -1.845997 -0.999688 0.016631 -0.018631 88.699808
0.007465 0.008613 0.999935 49.679596 0.015939 0.999835 -0.008731 -1.862191 -0.999845 0.016003 0.007326 88.720550
0.037977 0.010213 0.999226 50.216759 0.013799 0.999847 -0.010744 -1.876864 -0.999184 0.014196 0.037830 88.763885
0.073419 0.009687 0.997254 50.740423 0.011334 0.999880 -0.010547 -1.891205 -0.997237 0.012078 0.073300 88.831325
0.113435 0.007059 0.993520 51.248894 0.009556 0.999921 -0.008195 -1.900185 -0.993500 0.010423 0.113358 88.914328
0.156525 0.003484 0.987668 51.737469 0.008317 0.999954 -0.004845 -1.919033 -0.987639 0.008973 0.156489 89.025423
0.202863 -0.001679 0.979206 52.219594 0.004727 0.999989 0.000735 -1.928898 -0.979196 0.004480 0.202869 89.167423
0.250925 -0.003909 0.967999 52.710762 0.002228 0.999992 0.003460 -1.943336 -0.968004 0.001289 0.250931 89.320026
0.303876 -0.004260 0.952702 53.181972 -0.002491 0.999983 0.005266 -1.948629 -0.952708 -0.003973 0.303860 89.508128
0.359312 -0.004836 0.933205 53.633427 -0.000530 0.999985 0.005386 -1.953045 -0.933218 -0.002430 0.359304 89.730234
0.419416 -0.002898 0.907790 54.055961 0.002382 0.999995 0.002092 -1.965619 -0.907791 0.001285 0.419420 89.973442
0.479922 0.001159 0.877310 54.461528 0.002665 0.999993 -0.002779 -1.973563 -0.877307 0.003671 0.479916 90.230631
0.538673 0.004609 0.842502 54.836495 0.004737 0.999953 -0.008499 -1.985171 -0.842502 0.008569 0.538625 90.518765
0.595699 0.009430 0.803152 55.182892 0.000615 0.999925 -0.012196 -1.994024 -0.803208 0.007759 0.595649 90.828228
0.650188 0.012082 0.759677 55.513438 -0.001806 0.999895 -0.014358 -2.001773 -0.759771 0.007963 0.650142 91.169509
0.701488 0.011807 0.712583 55.814241 -0.001612 0.999886 -0.014981 -2.012911 -0.712679 0.009360 0.701428 91.538993
0.747560 0.008593 0.664139 56.104085 -0.000284 0.999920 -0.012619 -2.021120 -0.664195 0.009245 0.747503 91.914324
0.790775 0.006110 0.612076 56.354522 -0.002289 0.999973 -0.007024 -2.033233 -0.612102 0.004153 0.790768 92.308341
0.829291 0.000686 0.558816 56.587936 -0.001023 0.999999 0.000291 -2.040053 -0.558816 -0.000812 0.829292 92.726485
0.862800 -0.000164 0.505545 56.792889 -0.003307 0.999977 0.005968 -2.044531 -0.505535 -0.006821 0.862779 93.162298
0.890575 -0.003578 0.454822 56.964864 -0.002497 0.999916 0.012756 -2.048290 -0.454830 -0.012496 0.890491 93.605321
0.914855 -0.001853 0.403778 57.112221 -0.005593 0.999835 0.017260 -2.055985 -0.403744 -0.018049 0.914694 94.045197
0.932890 0.001961 0.360157 57.260449 -0.009919 0.999746 0.020249 -2.059637 -0.360026 -0.022462 0.932672 94.504275
0.946650 0.007438 0.322177 57.369189 -0.015130 0.999657 0.021377 -2.056045 -0.321908 -0.025111 0.946438 94.969697
0.957651 0.012903 0.287642 57.472377 -0.019494 0.999609 0.020062 -2.051588 -0.287271 -0.024819 0.957528 95.439780
0.965627 0.010342 0.259726 57.579703 -0.016261 0.999655 0.020648 -2.042285 -0.259423 -0.024161 0.965461 95.913106
0.970621 0.006152 0.240533 57.689878 -0.011531 0.999714 0.020959 -2.040523 -0.240336 -0.023117 0.970415 96.392823
0.973990 0.004157 0.226551 57.797311 -0.009218 0.999731 0.021284 -2.044016 -0.226401 -0.022819 0.973767 96.874963
0.976607 0.009788 0.214807 57.889888 -0.014623 0.999674 0.020932 -2.039728 -0.214532 -0.023584 0.976432 97.379375
0.978228 0.015015 0.206991 57.984182 -0.019813 0.999580 0.021125 -2.032093 -0.206587 -0.024767 0.978115 97.885686
0.978977 0.023434 0.202620 58.069509 -0.027725 0.999447 0.018365 -2.025620 -0.202077 -0.023597 0.979085 98.409199
0.979292 0.027704 0.200550 58.160583 -0.031501 0.999379 0.015764 -2.025931 -0.199989 -0.021755 0.979557 98.928019
0.979036 0.027567 0.201814 58.276904 -0.030925 0.999431 0.013501 -2.030482 -0.201327 -0.019459 0.979331 99.446483
0.978358 0.025295 0.205368 58.403756 -0.027619 0.999583 0.008459 -2.031739 -0.205068 -0.013948 0.978648 99.980499
0.977423 0.024219 0.209901 58.526898 -0.025118 0.999683 0.001618 -2.027162 -0.209795 -0.006854 0.977721 100.536537
0.976402 0.026441 0.214338 58.648592 -0.027038 0.999634 -0.000146 -2.024607 -0.214264 -0.005653 0.976760 101.110844
0.975199 0.031798 0.219033 58.772549 -0.033027 0.999453 0.001949 -2.029570 -0.218851 -0.009135 0.975715 101.700919
0.973913 0.033331 0.224459 58.900297 -0.035676 0.999343 0.006398 -2.032821 -0.224098 -0.014239 0.974463 102.309330
0.973070 0.029237 0.228649 59.046010 -0.032683 0.999402 0.011301 -2.034969 -0.228182 -0.018470 0.973443 102.934473
0.972207 0.025079 0.232776 59.204299 -0.029936 0.999401 0.017356 -2.033112 -0.232201 -0.023842 0.972376 103.557283
0.971408 0.022721 0.236328 59.362248 -0.028520 0.999369 0.021149 -2.035066 -0.235698 -0.027285 0.971443 104.187997
0.970832 0.016193 0.239211 59.522839 -0.021762 0.999550 0.020656 -2.032783 -0.238769 -0.025259 0.970748 104.824897
0.971049 0.012700 0.238543 59.683539 -0.017106 0.999719 0.016408 -2.033835 -0.238267 -0.020013 0.970993 105.461964
0.971001 0.015150 0.238596 59.845080 -0.017372 0.999823 0.007213 -2.038950 -0.238445 -0.011149 0.971092 106.112104
0.971287 0.016463 0.237341 60.004314 -0.017598 0.999842 0.002665 -2.034163 -0.237259 -0.006766 0.971423 106.788480
0.971833 0.018348 0.234953 60.167451 -0.019398 0.999809 0.002161 -2.028713 -0.234869 -0.006658 0.972004 107.473469
0.972390 0.015215 0.232867 60.327488 -0.017771 0.999803 0.008879 -2.032715 -0.232686 -0.012772 0.972468 108.173017
0.972928 0.012456 0.230771 60.496734 -0.016714 0.999724 0.016505 -2.037120 -0.230502 -0.019915 0.972868 108.886515
0.973242 0.014514 0.229322 60.660372 -0.019489 0.999621 0.019441 -2.039484 -0.228953 -0.023390 0.973156 109.614480
0.973624 0.015989 0.227597 60.826348 -0.020346 0.999652 0.016813 -2.048057 -0.227249 -0.021000 0.973610 110.351987
0.974234 0.020474 0.224608 60.986488 -0.023792 0.999644 0.012077 -2.044549 -0.224281 -0.017110 0.974374 111.091392
0.975262 0.021470 0.220005 61.155405 -0.023542 0.999700 0.006797 -2.043911 -0.219793 -0.011808 0.975475 111.849437
0.976017 0.019738 0.216798 61.324834 -0.021678 0.999743 0.006575 -2.036479 -0.216613 -0.011117 0.976194 112.619244
0.977016 0.017594 0.212437 61.491908 -0.019803 0.999770 0.008274 -2.037722 -0.212243 -0.012291 0.977140 113.391723
0.977635 0.015138 0.209765 61.659724 -0.017795 0.999783 0.010785 -2.043432 -0.209556 -0.014277 0.977692 114.182346
0.977989 0.013033 0.208247 61.829136 -0.016094 0.999786 0.013012 -2.047716 -0.208033 -0.016077 0.977990 114.982464
0.978306 0.008403 0.206996 62.000164 -0.011695 0.999824 0.014684 -2.048905 -0.206836 -0.016786 0.978232 115.797164
0.978181 0.005594 0.207680 62.183236 -0.009242 0.999820 0.016597 -2.045853 -0.207550 -0.018155 0.978056 116.605442
0.978216 0.007427 0.207455 62.348077 -0.011236 0.999789 0.017188 -2.046645 -0.207284 -0.019144 0.978094 117.422402
0.978054 0.013118 0.207939 62.514981 -0.016451 0.999762 0.014307 -2.051267 -0.207702 -0.017414 0.978037 118.238995
0.977797 0.017555 0.208816 62.670088 -0.020499 0.999719 0.011945 -2.047900 -0.208547 -0.015960 0.977882 119.057979
0.977197 0.028742 0.210378 62.835028 -0.031818 0.999430 0.011252 -2.045369 -0.209935 -0.017689 0.977555 119.885273
0.976099 0.034565 0.214558 63.006014 -0.038235 0.999185 0.012976 -2.048147 -0.213935 -0.020869 0.976625 120.724485
0.975624 0.035771 0.216513 63.177477 -0.039758 0.999110 0.014083 -2.048340 -0.215817 -0.022348 0.976178 121.557637
0.975050 0.035135 0.219189 63.362443 -0.038742 0.999175 0.012181 -2.053274 -0.218581 -0.020369 0.975606 122.407182
0.974924 0.029701 0.220549 63.543250 -0.033024 0.999390 0.011391 -2.060294 -0.220076 -0.018389 0.975309 123.246867
0.975048 0.024554 0.220632 63.745496 -0.027628 0.999559 0.010855 -2.068201 -0.220268 -0.016679 0.975297 124.090742
0.974968 0.016198 0.221755 63.950114 -0.019279 0.999745 0.011734 -2.074290 -0.221509 -0.015716 0.975032 124.918915
0.974643 0.017455 0.223084 64.143482 -0.020553 0.999722 0.011570 -2.087667 -0.222820 -0.015862 0.974731 125.762261
0.974261 0.022072 0.224338 64.322066 -0.026263 0.999532 0.015713 -2.084152 -0.223887 -0.021201 0.974385 126.598974
0.973866 0.023927 0.225860 64.507582 -0.029762 0.999304 0.022467 -2.083868 -0.225165 -0.028602 0.973901 127.444445
0.973586 0.027881 0.226614 64.694632 -0.033943 0.999161 0.022896 -2.087804 -0.225785 -0.029983 0.973716 128.286139
0.973260 0.025798 0.228252 64.883072 -0.029279 0.999501 0.011877 -2.096049 -0.227832 -0.018242 0.973530 129.107160
0.973636 0.019757 0.227251 65.074646 -0.019516 0.999804 -0.003304 -2.101715 -0.227272 -0.001218 0.973831 129.910118
0.973902 0.017753 0.226272 65.271978 -0.017233 0.999842 -0.004273 -2.109655 -0.226312 0.000262 0.974055 130.718866
0.974125 0.013879 0.225583 65.459846 -0.017056 0.999781 0.012141 -2.108934 -0.225365 -0.015674 0.974148 131.554772
0.974583 0.005535 0.223959 65.650309 -0.013424 0.999341 0.033717 -2.122087 -0.223625 -0.035867 0.974015 132.412297
0.974573 0.008572 0.223907 65.851303 -0.017949 0.999043 0.039875 -2.125575 -0.223351 -0.042880 0.973794 133.267035
0.974644 0.013535 0.223352 66.017865 -0.020034 0.999439 0.026857 -2.114512 -0.222863 -0.030651 0.974368 134.067131
0.975097 0.020957 0.220788 66.179743 -0.024605 0.999602 0.013788 -2.105614 -0.220411 -0.018877 0.975224 134.856784
0.975480 0.017212 0.219416 66.356569 -0.019716 0.999763 0.009230 -2.096224 -0.219205 -0.013330 0.975588 135.664130
0.975917 0.015779 0.217571 66.543145 -0.018479 0.999775 0.010382 -2.106751 -0.217359 -0.014153 0.975989 136.481769
0.976590 0.015320 0.214565 66.719809 -0.018257 0.999765 0.011716 -2.120261 -0.214335 -0.015359 0.976639 137.291831
0.977608 0.014791 0.209916 66.889886 -0.017360 0.999795 0.010400 -2.121112 -0.209719 -0.013811 0.977664 138.096336
0.978511 0.015460 0.205615 67.052963 -0.017639 0.999806 0.008767 -2.136017 -0.205440 -0.012206 0.978594 138.903978
0.978886 0.022182 0.203198 67.202985 -0.024411 0.999666 0.008468 -2.149528 -0.202942 -0.013250 0.979101 139.729815
0.979125 0.026583 0.201513 67.349940 -0.029031 0.999536 0.009203 -2.148544 -0.201175 -0.014861 0.979443 140.554039
0.979532 0.028166 0.199307 67.498144 -0.031374 0.999424 0.012953 -2.152819 -0.198828 -0.018941 0.979851 141.362047
0.979797 0.025956 0.198304 67.661432 -0.029744 0.999427 0.016150 -2.155767 -0.197771 -0.021722 0.980007 142.159465
0.980284 0.022943 0.196255 67.818337 -0.026413 0.999537 0.015082 -2.168751 -0.195819 -0.019968 0.980437 142.950196
0.981016 0.018170 0.193076 67.976232 -0.020884 0.999710 0.012029 -2.176266 -0.192801 -0.015833 0.981110 143.743521
0.982023 0.013682 0.188266 68.135262 -0.015588 0.999841 0.008649 -2.179688 -0.188118 -0.011428 0.982080 144.533139
0.983335 0.013318 0.181313 68.278850 -0.015333 0.999835 0.009716 -2.180873 -0.181153 -0.012334 0.983378 145.323373
0.984497 0.011448 0.175026 68.411116 -0.014744 0.999737 0.017543 -2.177848 -0.174779 -0.019851 0.984408 146.117061
0.985500 0.006416 0.169555 68.537592 -0.011220 0.999562 0.027392 -2.185021 -0.169305 -0.028897 0.985140 146.919034
0.986188 0.010780 0.165276 68.668434 -0.016669 0.999273 0.034284 -2.179257 -0.164786 -0.036566 0.985651 147.721527
0.986684 0.014710 0.161985 68.785443 -0.020367 0.999237 0.033321 -2.180405 -0.161372 -0.036176 0.986230 148.519158
0.987626 0.016761 0.155927 68.895444 -0.020886 0.999473 0.024854 -2.174939 -0.155428 -0.027803 0.987456 149.310078
0.988764 0.015376 0.148689 69.011492 -0.017929 0.999714 0.015843 -2.169461 -0.148403 -0.018330 0.988757 150.097421
0.989653 0.011455 0.143025 69.132480 -0.013579 0.999811 0.013884 -2.155605 -0.142840 -0.015682 0.989622 150.881837
0.990660 0.015133 0.135510 69.229328 -0.017555 0.999706 0.016698 -2.153563 -0.135218 -0.018921 0.990635 151.690982
0.991524 0.021983 0.128051 69.313163 -0.024567 0.999524 0.018641 -2.159879 -0.127580 -0.021629 0.991592 152.504925
0.992509 0.027367 0.119068 69.392723 -0.029364 0.999456 0.015046 -2.158303 -0.118591 -0.018430 0.992772 153.320673
0.993672 0.026639 0.109117 69.468986 -0.027965 0.999552 0.010641 -2.156574 -0.108785 -0.013625 0.993972 154.145441
0.994587 0.025588 0.100711 69.550171 -0.026756 0.999589 0.010260 -2.154649 -0.100407 -0.012899 0.994863 154.963175
0.995255 0.028060 0.093165 69.620593 -0.029535 0.999459 0.014493 -2.155506 -0.092708 -0.017175 0.995545 155.787073
0.995905 0.029665 0.085406 69.678150 -0.031724 0.999235 0.022852 -2.158259 -0.084663 -0.025468 0.996084 156.625310
0.996459 0.034242 0.076795 69.721869 -0.036327 0.999004 0.025910 -2.155428 -0.075831 -0.028608 0.996710 157.452193
0.997030 0.032418 0.069866 69.769934 -0.034527 0.998977 0.029198 -2.149163 -0.068848 -0.031523 0.997129 158.278279
0.997370 0.032615 0.064720 69.821089 -0.034636 0.998939 0.030346 -2.142923 -0.063662 -0.032508 0.997442 159.100564
0.997623 0.032245 0.060898 69.868025 -0.033971 0.999044 0.027512 -2.136576 -0.059953 -0.029515 0.997765 159.922207
0.997646 0.039096 0.056347 69.894334 -0.040358 0.998955 0.021441 -2.127785 -0.055450 -0.023665 0.998181 160.742609
0.997626 0.043836 0.053103 69.918072 -0.044769 0.998861 0.016517 -2.123911 -0.052319 -0.018855 0.998452 161.554168
0.997834 0.042994 0.049789 69.945671 -0.043867 0.998900 0.016581 -2.119927 -0.049021 -0.018729 0.998622 162.379460
0.997776 0.047320 0.046938 69.974949 -0.048534 0.998507 0.025063 -2.115208 -0.045682 -0.027285 0.998583 163.215236
0.997883 0.047081 0.044857 69.999997 -0.048679 0.998193 0.035231 -2.112279 -0.043118 -0.037340 0.998372 164.059307
0.997922 0.050195 0.040402 70.023991 -0.051795 0.997873 0.039582 -2.096784 -0.038329 -0.041592 0.998399 164.901548
0.998542 0.040579 0.035590 70.054829 -0.041724 0.998616 0.032030 -2.087736 -0.034241 -0.033468 0.998853 165.716922
0.999088 0.031302 0.029031 70.086577 -0.032003 0.999200 0.023986 -2.072192 -0.028257 -0.024893 0.999291 166.530243
0.999223 0.032423 0.022387 70.102989 -0.032901 0.999231 0.021335 -2.057698 -0.021678 -0.022055 0.999522 167.331308
0.999232 0.036098 0.015224 70.099742 -0.036490 0.998988 0.026293 -2.055867 -0.014260 -0.026828 0.999538 168.160648
0.999522 0.030089 0.007046 70.096468 -0.030293 0.999066 0.030822 -2.047431 -0.006112 -0.031021 0.999500 168.998483
0.999653 0.026346 0.000406 70.106105 -0.026344 0.999050 0.034726 -2.031790 0.000509 -0.034725 0.999397 169.842002
0.999841 0.017128 -0.005027 70.107727 -0.016927 0.999147 0.037672 -2.010487 0.005668 -0.037581 0.999278 170.681396
0.999838 0.013877 -0.011481 70.098529 -0.013457 0.999266 0.035856 -2.007276 0.011970 -0.035696 0.999291 171.510477
0.999799 0.009108 -0.017880 70.083658 -0.008626 0.999603 0.026831 -2.004342 0.018117 -0.026672 0.999480 172.342181
0.999660 -0.005392 -0.025519 70.067217 0.005822 0.999842 0.016803 -1.991722 0.025425 -0.016946 0.999533 173.168308
0.999428 -0.009212 -0.032529 70.056671 0.009813 0.999783 0.018359 -1.977046 0.032353 -0.018668 0.999302 174.003637
0.999268 -0.003321 -0.038099 70.013587 0.004472 0.999535 0.030169 -1.973405 0.037981 -0.030317 0.998818 174.863107
0.999054 0.006705 -0.042978 69.948304 -0.004917 0.999123 0.041590 -1.964232 0.043219 -0.041339 0.998210 175.731603
0.998764 0.012656 -0.048056 69.876192 -0.010486 0.998925 0.045151 -1.944411 0.048575 -0.044591 0.997824 176.581649
0.998675 0.008407 -0.050771 69.833829 -0.006502 0.999273 0.037568 -1.932327 0.051050 -0.037188 0.998003 177.420314
0.998479 0.015393 -0.052940 69.780911 -0.013982 0.999540 0.026913 -1.919505 0.053330 -0.026131 0.998235 178.250036
0.998205 0.023370 -0.055145 69.714051 -0.022278 0.999545 0.020324 -1.907719 0.055595 -0.019059 0.998271 179.065885
0.998163 0.018353 -0.057746 69.656977 -0.017181 0.999637 0.020739 -1.899023 0.058106 -0.019709 0.998116 179.906293
0.998137 0.013424 -0.059518 69.613368 -0.011819 0.999559 0.027237 -1.901530 0.059857 -0.026483 0.997856 180.763659
0.998172 0.014748 -0.058613 69.565409 -0.012748 0.999328 0.034353 -1.891174 0.059080 -0.033543 0.997690 181.635949
0.998026 0.019115 -0.059830 69.496528 -0.016850 0.999130 0.038142 -1.871876 0.060507 -0.037058 0.997480 182.511748
0.997984 0.015120 -0.061643 69.432972 -0.012986 0.999307 0.034870 -1.865410 0.062128 -0.033999 0.997489 183.360785
0.997889 0.011568 -0.063912 69.376147 -0.010131 0.999690 0.022752 -1.848487 0.064155 -0.022056 0.997696 184.188641
0.997819 -0.001005 -0.066009 69.342178 0.001935 0.999900 0.014037 -1.848909 0.065988 -0.014134 0.997720 185.020765
0.997692 -0.007840 -0.067445 69.299277 0.008813 0.999861 0.014140 -1.838884 0.067325 -0.014701 0.997623 185.859752
0.997676 -0.000608 -0.068137 69.233567 0.002155 0.999741 0.022637 -1.838901 0.068106 -0.022732 0.997419 186.735453
0.997533 0.003717 -0.070098 69.154281 -0.001553 0.999521 0.030899 -1.837956 0.070179 -0.030714 0.997061 187.618748
0.997443 0.002610 -0.071421 69.079769 -0.000380 0.999512 0.031220 -1.836635 0.071468 -0.031114 0.996958 188.478460
0.997406 0.000287 -0.071974 69.020580 0.001563 0.999670 0.025640 -1.833478 0.071957 -0.025686 0.997077 189.327225
0.997440 0.002455 -0.071465 68.956833 -0.000887 0.999758 0.021968 -1.819942 0.071501 -0.021848 0.997201 190.168992
0.997311 0.010986 -0.072454 68.872265 -0.009338 0.999691 0.023056 -1.809328 0.072685 -0.022317 0.997105 191.013798
0.997236 0.014580 -0.072861 68.800562 -0.012708 0.999579 0.026090 -1.806977 0.073210 -0.025092 0.997001 191.845664
0.997168 0.017349 -0.073173 68.733892 -0.015240 0.999455 0.029289 -1.809680 0.073641 -0.028091 0.996889 192.670446
0.997074 0.021430 -0.073377 68.668402 -0.019158 0.999319 0.031534 -1.798532 0.074002 -0.030036 0.996806 193.507578
0.997056 0.021016 -0.073741 68.593317 -0.018798 0.999353 0.030651 -1.792080 0.074337 -0.029174 0.996806 194.335767
0.997002 0.020181 -0.074693 68.525173 -0.018310 0.999503 0.025642 -1.792931 0.075173 -0.024198 0.996877 195.162750
0.996913 0.020520 -0.075790 68.455082 -0.018938 0.999589 0.021536 -1.785290 0.076200 -0.020035 0.996891 195.962683
0.996684 0.025450 -0.077285 68.385374 -0.023512 0.999388 0.025894 -1.774018 0.077897 -0.023991 0.996673 196.765097
0.996587 0.023242 -0.079207 68.316335 -0.020298 0.999080 0.037773 -1.757705 0.080012 -0.036036 0.996142 197.565413
0.996497 0.021563 -0.080796 68.244833 -0.018013 0.998851 0.044412 -1.754556 0.081661 -0.042801 0.995741 198.350598
0.996578 0.012062 -0.081778 68.188689 -0.008694 0.999104 0.041422 -1.750160 0.082204 -0.040569 0.995789 199.125608
