1.000000 0.000000 0.000000 0.000000 -0.000000 1.000000 0.000000 0.000000 -0.000000 0.000000 1.000000 0.000000
0.998728 -0.000958 0.050416 0.082225 0.001185 0.999989 -0.004471 -0.027385 -0.050411 0.004525 0.998718 1.005064
0.995171 -0.005687 0.097988 0.203701 0.006527 0.999945 -0.008251 -0.051519 -0.097936 0.008851 0.995153 2.025718
0.989261 -0.004537 0.146089 0.361639 0.006265 0.999916 -0.011366 -0.080472 -0.146025 0.012160 0.989206 3.071616
0.981167 -0.004633 0.193104 0.528477 0.007132 0.999900 -0.012252 -0.113016 -0.193027 0.013398 0.981102 4.078186
0.970927 -0.007299 0.239264 0.755335 0.010567 0.999868 -0.012376 -0.147909 -0.239143 0.014545 0.970876 5.063852
0.958484 -0.008556 0.285017 1.037478 0.012889 0.999828 -0.013331 -0.180136 -0.284854 0.016451 0.958430 6.024101
0.944290 -0.013812 0.328824 1.368904 0.019914 0.999686 -0.015197 -0.212174 -0.328511 0.020898 0.944269 6.955910
0.928791 -0.012169 0.370404 1.720399 0.019864 0.999659 -0.016967 -0.248187 -0.370071 0.023117 0.928716 7.851045
0.910688 -0.014270 0.412849 2.127021 0.022850 0.999613 -0.015854 -0.281533 -0.412463 0.023872 0.910661 8.739279
0.889942 -0.014385 0.455847 2.572115 0.023860 0.999602 -0.015038 -0.318030 -0.455449 0.024260 0.889931 9.625877
0.867419 -0.014039 0.497380 3.045868 0.023794 0.999629 -0.013281 -0.354893 -0.497009 0.023354 0.867431 10.487729
0.842543 -0.014712 0.538427 3.569138 0.025599 0.999591 -0.012745 -0.387559 -0.538020 0.024522 0.842576 11.317834
0.816274 -0.015975 0.577444 4.126829 0.027868 0.999543 -0.011740 -0.419175 -0.576993 0.025675 0.816346 12.123164
0.788261 -0.016379 0.615123 4.719854 0.030060 0.999477 -0.011908 -0.450615 -0.614607 0.027877 0.788341 12.894477
0.758855 -0.018010 0.651011 5.353690 0.033113 0.999392 -0.010950 -0.479496 -0.650418 0.029866 0.758990 13.629929
0.727530 -0.019712 0.685792 6.018009 0.036747 0.999272 -0.010261 -0.507658 -0.685091 0.032666 0.727725 14.333829
0.695104 -0.018524 0.718671 6.705419 0.036120 0.999305 -0.009178 -0.538149 -0.718002 0.032338 0.695290 14.998996
0.660524 -0.018655 0.750573 7.416925 0.039382 0.999176 -0.009824 -0.565098 -0.749772 0.036048 0.660714 15.643880
0.624215 -0.019232 0.781016 8.169306 0.043167 0.999019 -0.009901 -0.592404 -0.780059 0.039895 0.624433 16.237075
0.587247 -0.017772 0.809212 8.941631 0.043553 0.999004 -0.009666 -0.620088 -0.808235 0.040920 0.587436 16.794466
0.549421 -0.015494 0.835402 9.741598 0.045937 0.998876 -0.011686 -0.648261 -0.834282 0.044796 0.549515 17.315743
0.509894 -0.015602 0.860095 10.570153 0.051177 0.998615 -0.012224 -0.669725 -0.858714 0.050250 0.509986 17.792177
0.471338 -0.015179 0.881822 11.420878 0.053476 0.998504 -0.011396 -0.693133 -0.880330 0.052527 0.471445 18.238617
0.433146 -0.017818 0.901147 12.284393 0.059116 0.998213 -0.008677 -0.720399 -0.899383 0.057031 0.433426 18.648526
0.396809 -0.016519 0.917752 13.177803 0.061697 0.998057 -0.008711 -0.745492 -0.915826 0.060079 0.397057 19.041360
0.361970 -0.015657 0.932058 14.083026 0.063018 0.997983 -0.007709 -0.767631 -0.930057 0.061527 0.362227 19.401885
0.329325 -0.016734 0.944068 15.004001 0.063394 0.997979 -0.004424 -0.783099 -0.942086 0.061306 0.329720 19.715774
0.296095 -0.018475 0.954980 15.949895 0.066215 0.997805 -0.001227 -0.799835 -0.952861 0.063597 0.296668 20.002224
0.263022 -0.016763 0.964644 16.911245 0.066033 0.997817 -0.000665 -0.818521 -0.962528 0.063873 0.263555 20.269008
0.231561 -0.014114 0.972718 17.882443 0.062326 0.998056 -0.000356 -0.831888 -0.970822 0.060708 0.231991 20.511021
0.200470 -0.013013 0.979613 18.865897 0.063781 0.997964 0.000205 -0.842360 -0.977622 0.062439 0.200892 20.717378
0.170068 -0.013357 0.985342 19.869610 0.066007 0.997817 0.002134 -0.854186 -0.983219 0.064676 0.170578 20.889873
0.139099 -0.013954 0.990180 20.885523 0.067258 0.997725 0.004612 -0.865999 -0.987992 0.065956 0.139721 21.030513
0.109054 -0.014487 0.993930 21.932450 0.064886 0.997865 0.007425 -0.869176 -0.991916 0.063682 0.109762 21.142909
0.080350 -0.014074 0.996667 22.989004 0.066430 0.997753 0.008734 -0.873193 -0.994551 0.065507 0.081105 21.240614
0.053631 -0.013961 0.998463 24.061266 0.069607 0.997522 0.010209 -0.872675 -0.996132 0.068952 0.054470 21.301091
0.029011 -0.013640 0.999486 25.151759 0.074228 0.997176 0.011453 -0.872864 -0.996819 0.073858 0.029941 21.327948
0.007274 -0.013065 0.999888 26.259644 0.078915 0.996804 0.012451 -0.871251 -0.996855 0.078815 0.008282 21.330982
-0.012778 -0.013842 0.999822 27.377001 0.083964 0.996358 0.014867 -0.865103 -0.996387 0.084139 -0.011569 21.313749
-0.029160 -0.014130 0.999475 28.496435 0.088000 0.995981 0.016648 -0.863979 -0.995694 0.088439 -0.027800 21.282121
-0.044035 -0.014267 0.998928 29.629043 0.090797 0.995703 0.018223 -0.857049 -0.994896 0.091502 -0.042550 21.228234
-0.057879 -0.015198 0.998208 30.769694 0.092288 0.995521 0.020509 -0.850043 -0.994049 0.093310 -0.056217 21.154635
-0.070827 -0.016466 0.997352 31.922595 0.092134 0.995481 0.022978 -0.837948 -0.993225 0.093517 -0.068990 21.075972
-0.082599 -0.015263 0.996466 33.079506 0.091805 0.995515 0.022859 -0.831263 -0.992345 0.093369 -0.080827 20.987806
-0.093529 -0.012056 0.995543 34.245062 0.092467 0.995500 0.020742 -0.820219 -0.991313 0.093995 -0.091994 20.886143
-0.103316 -0.008974 0.994608 35.425881 0.093179 0.995474 0.018661 -0.803160 -0.990275 0.094605 -0.102012 20.760370
-0.111810 -0.007089 0.993704 36.630544 0.093623 0.995452 0.017636 -0.790337 -0.989310 0.095005 -0.110638 20.624388
-0.118144 -0.006315 0.992976 37.853727 0.092785 0.995535 0.017371 -0.778887 -0.988652 0.094185 -0.117031 20.483669
-0.123417 -0.005523 0.992339 39.117543 0.092664 0.995551 0.017066 -0.761513 -0.988019 0.094060 -0.122356 20.324489
-0.128757 -0.004069 0.991668 40.408299 0.093625 0.995475 0.016241 -0.750172 -0.987247 0.094936 -0.127794 20.161975
-0.133546 -0.002501 0.991039 41.704294 0.092946 0.995558 0.015037 -0.738445 -0.986675 0.094121 -0.132721 19.992429
-0.136648 -0.002783 0.990616 43.009672 0.093235 0.995521 0.015658 -0.727434 -0.986222 0.094500 -0.135777 19.820109
-0.138889 -0.003935 0.990300 44.362629 0.092701 0.995550 0.016957 -0.714348 -0.985960 0.094157 -0.137907 19.625487
-0.141842 -0.006431 0.989868 45.729242 0.093424 0.995428 0.019854 -0.700234 -0.985471 0.095293 -0.140592 19.431244
-0.143759 -0.005933 0.989595 47.106124 0.094081 0.995371 0.019635 -0.686817 -0.985131 0.095925 -0.142535 19.232392
-0.145219 -0.006248 0.989380 48.510586 0.095558 0.995217 0.020310 -0.665801 -0.984774 0.097492 -0.143927 19.028516
-0.146055 -0.005498 0.989261 49.934946 0.096727 0.995114 0.019812 -0.645991 -0.984537 0.098582 -0.144809 18.813584
-0.146720 -0.004875 0.989166 51.371774 0.097217 0.995076 0.019324 -0.627167 -0.984389 0.098999 -0.145523 18.600562
-0.147410 -0.003984 0.989067 52.842390 0.097724 0.995040 0.018572 -0.613698 -0.984236 0.099393 -0.146289 18.382102
-0.145778 -0.003221 0.989312 54.335514 0.096712 0.995159 0.017491 -0.598929 -0.984579 0.098228 -0.144761 18.157640
-0.145524 -0.004150 0.989346 55.848249 0.097126 0.995101 0.018460 -0.585028 -0.984576 0.098777 -0.144408 17.942522
-0.143539 -0.004653 0.989634 57.366726 0.096986 0.995109 0.018746 -0.568811 -0.984881 0.098671 -0.142386 17.726863
-0.143134 -0.003891 0.989695 58.932251 0.097313 0.995091 0.017986 -0.550448 -0.984908 0.098885 -0.142053 17.499731
-0.141813 -0.003356 0.989888 60.504013 0.097577 0.995077 0.017353 -0.533068 -0.985073 0.099051 -0.140788 17.285315
-0.140820 -0.002780 0.990031 62.089175 0.098115 0.995034 0.016749 -0.521602 -0.985162 0.099495 -0.139848 17.068207
-0.138727 -0.003721 0.990323 63.694920 0.097683 0.995065 0.017423 -0.505942 -0.985501 0.099155 -0.137679 16.846437
-0.138431 -0.006005 0.990354 65.331963 0.099502 0.994838 0.019941 -0.487421 -0.985361 0.101302 -0.137118 16.613537
-0.137451 -0.006828 0.990485 66.974770 0.101327 0.994633 0.020918 -0.470673 -0.985312 0.103238 -0.136021 16.380421
-0.137357 -0.005021 0.990509 68.630379 0.103166 0.994476 0.019348 -0.456239 -0.985135 0.104844 -0.136080 16.151154
-0.135917 -0.004639 0.990709 70.290868 0.104323 0.994363 0.018968 -0.440637 -0.985213 0.105932 -0.134667 15.915664
-0.135688 -0.004953 0.990739 71.966432 0.103724 0.994421 0.019177 -0.424542 -0.985307 0.105365 -0.134418 15.691662
-0.135487 -0.006196 0.990760 73.669166 0.102873 0.994488 0.020287 -0.408260 -0.985424 0.104671 -0.134103 15.462062
-0.135744 -0.006480 0.990723 75.392991 0.103132 0.994454 0.020635 -0.389486 -0.985362 0.104976 -0.134322 15.234162
-0.135432 -0.006785 0.990763 77.126895 0.103930 0.994363 0.021017 -0.369648 -0.985321 0.105817 -0.133964 15.005310
-0.135668 -0.006743 0.990731 78.864613 0.104922 0.994256 0.021135 -0.346901 -0.985183 0.106817 -0.134182 14.769235
-0.136004 -0.006161 0.990689 80.628214 0.104198 0.994345 0.020489 -0.325263 -0.985214 0.106015 -0.134593 14.525907
-0.136820 -0.005527 0.990580 82.413812 0.104429 0.994332 0.019972 -0.308249 -0.985076 0.106178 -0.135467 14.271755
-0.138522 -0.005070 0.990346 84.219898 0.103315 0.994457 0.019542 -0.291413 -0.984956 0.105024 -0.137231 14.027187
-0.138756 -0.005350 0.990312 86.025011 0.102235 0.994565 0.019698 -0.273965 -0.985036 0.103978 -0.137455 13.783762
-0.139659 -0.005818 0.990182 87.852114 0.102025 0.994576 0.020234 -0.257881 -0.984930 0.103849 -0.138308 13.530536
-0.141123 -0.007157 0.989966 89.701052 0.100751 0.994678 0.021554 -0.239635 -0.984852 0.102782 -0.139651 13.272798
-0.142034 -0.007447 0.989834 91.554779 0.099401 0.994810 0.021748 -0.219323 -0.984858 0.101479 -0.140557 13.022431
-0.143808 -0.006519 0.989584 93.411155 0.098256 0.994943 0.020833 -0.197249 -0.984716 0.100228 -0.142440 12.769505
-0.146970 -0.006175 0.989122 95.281563 0.097070 0.995064 0.020635 -0.171534 -0.984367 0.099047 -0.145645 12.495528
-0.150619 -0.005846 0.988574 97.174802 0.096884 0.995081 0.020646 -0.151803 -0.983833 0.098887 -0.149312 12.217148
-0.155622 -0.007160 0.987791 99.081685 0.094157 0.995313 0.022049 -0.132049 -0.983319 0.096439 -0.154218 11.933591
-0.160364 -0.007347 0.987030 101.004416 0.093597 0.995353 0.022615 -0.115003 -0.982611 0.096009 -0.158931 11.641241
-0.165389 -0.006412 0.986207 102.934369 0.092522 0.995468 0.021989 -0.093189 -0.981879 0.094882 -0.164046 11.329771
-0.169357 -0.005193 0.985541 104.856341 0.092819 0.995457 0.021195 -0.075157 -0.981174 0.095067 -0.168105 11.009354
-0.174560 -0.003676 0.984640 106.801215 0.091878 0.995569 0.020006 -0.058086 -0.980351 0.093959 -0.173449 10.673236
-0.179591 -0.003933 0.983733 108.745845 0.090212 0.995713 0.020450 -0.044476 -0.979596 0.092417 -0.178466 10.340409
-0.185027 -0.004696 0.982722 110.684959 0.087462 0.995942 0.021227 -0.026255 -0.978834 0.089878 -0.183866 9.988724
-0.190542 -0.005749 0.981662 112.646625 0.086042 0.996037 0.022534 -0.003958 -0.977901 0.088758 -0.189292 9.620695
-0.196165 -0.006382 0.980550 114.628287 0.084447 0.996154 0.023378 0.015153 -0.976928 0.087390 -0.194871 9.243872
-0.202235 -0.006164 0.979317 116.615893 0.085832 0.996021 0.023994 0.037106 -0.975569 0.088909 -0.200901 8.847044
-0.207966 -0.004792 0.978124 118.598278 0.085744 0.996049 0.023110 0.059361 -0.974371 0.088675 -0.206733 8.442951
-0.213542 -0.004526 0.976923 120.578937 0.085745 0.996043 0.023357 0.080193 -0.973164 0.088754 -0.212309 8.031382
-0.218758 -0.005032 0.975766 122.574623 0.085359 0.996055 0.024274 0.100576 -0.972039 0.088600 -0.217465 7.596197
-0.224782 -0.004585 0.974398 124.579716 0.084833 0.996100 0.024257 0.121172 -0.970709 0.088113 -0.223517 7.145090
-0.230274 -0.004218 0.973117 126.594258 0.084266 0.996148 0.024259 0.145639 -0.969471 0.087587 -0.229031 6.692577
-0.234693 -0.004646 0.972058 128.611636 0.083416 0.996204 0.024901 0.171057 -0.968484 0.086929 -0.233414 6.223627
-0.238721 -0.005244 0.971074 130.644146 0.085428 0.995995 0.026380 0.195533 -0.967323 0.089255 -0.237317 5.732257
-0.243387 -0.005369 0.969914 132.666715 0.086813 0.995851 0.027297 0.228291 -0.966037 0.090844 -0.241911 5.220320
-0.245745 -0.004808 0.969322 134.686095 0.087174 0.995826 0.027040 0.258401 -0.965407 0.091145 -0.244300 4.722848
-0.248927 -0.004657 0.968511 136.718534 0.087735 0.995769 0.027338 0.287177 -0.964540 0.091777 -0.247465 4.215517
-0.252530 -0.005059 0.967576 138.750498 0.086706 0.995845 0.027836 0.320185 -0.963697 0.090925 -0.251042 3.700414
-0.256343 -0.004450 0.966576 140.815333 0.086094 0.995910 0.027418 0.349679 -0.962744 0.090244 -0.254911 3.169539
-0.260594 -0.004696 0.965437 142.906313 0.084126 0.996074 0.027553 0.383129 -0.961776 0.088399 -0.259176 2.619246
-0.265578 -0.004636 0.964078 145.004700 0.084303 0.996046 0.028013 0.414080 -0.960397 0.088715 -0.264137 2.065497
-0.270386 -0.004379 0.962742 147.103688 0.083542 0.996111 0.027994 0.444686 -0.959121 0.087999 -0.268968 1.499732
-0.274800 -0.003992 0.961493 149.185707 0.083202 0.996142 0.027916 0.478078 -0.957895 0.087670 -0.273407 0.920936
-0.279343 -0.004160 0.960182 151.252796 0.082760 0.996165 0.028393 0.505504 -0.956618 0.087396 -0.277927 0.338328
-0.283898 -0.005174 0.958840 153.345320 0.082039 0.996187 0.029666 0.542026 -0.955339 0.087084 -0.282391 -0.266660
-0.288116 -0.004857 0.957583 155.450964 0.083067 0.996091 0.030046 0.577194 -0.953986 0.088200 -0.286586 -0.886418
-0.292043 -0.004397 0.956395 157.562684 0.083121 0.996089 0.029961 0.612301 -0.952787 0.088246 -0.290535 -1.507473
-0.295296 -0.002957 0.955401 159.677445 0.083781 0.996063 0.028978 0.647296 -0.951725 0.088602 -0.293886 -2.143282
-0.298469 -0.001564 0.954418 161.799273 0.083395 0.996131 0.027712 0.682907 -0.950769 0.087865 -0.297184 -2.794412
-0.301839 -0.000843 0.953358 163.921602 0.084059 0.996081 0.027495 0.713289 -0.949646 0.088438 -0.300586 -3.448824
-0.305721 -0.000590 0.952121 166.054231 0.083460 0.996134 0.027415 0.745621 -0.948456 0.087845 -0.304490 -4.117808
-0.308540 -0.000890 0.951211 168.202033 0.083450 0.996118 0.028001 0.781358 -0.947544 0.088018 -0.307268 -4.796931
-0.312938 -0.000578 0.949773 170.359140 0.083717 0.996091 0.028190 0.812916 -0.946077 0.088334 -0.311666 -5.492038
-0.316534 -0.000636 0.948581 172.519408 0.085833 0.995878 0.029310 0.848079 -0.944690 0.090698 -0.315175 -6.198616
-0.319718 -0.000234 0.947513 174.679302 0.087673 0.995703 0.029829 0.882215 -0.943448 0.092608 -0.318323 -6.908676
-0.322124 -0.000878 0.946697 176.825310 0.087517 0.995690 0.030702 0.921257 -0.942644 0.092741 -0.320659 -7.628665
-0.324497 -0.001735 0.945885 179.000671 0.086099 0.995793 0.031364 0.959606 -0.941960 0.091617 -0.322982 -8.368752
-0.327144 -0.001180 0.944974 181.179819 0.084983 0.995910 0.030664 1.000358 -0.941146 0.090338 -0.325706 -9.105592
-0.330382 0.001296 0.943846 183.359462 0.085262 0.995952 0.028477 1.034663 -0.939989 0.089883 -0.329155 -9.848830
-0.332817 0.001708 0.942990 185.539015 0.083532 0.996121 0.027677 1.069862 -0.939285 0.087982 -0.331668 -10.595588
-0.336413 0.003356 0.941709 187.718645 0.083396 0.996171 0.026242 1.098864 -0.938015 0.087363 -0.335404 -11.354680
-0.338804 0.003792 0.940849 189.913198 0.082194 0.996288 0.025583 1.130885 -0.937260 0.086000 -0.337858 -12.133791
-0.342475 0.003934 0.939518 192.131138 0.082687 0.996237 0.025970 1.158397 -0.935881 0.086580 -0.341512 -12.932551
-0.346356 0.002944 0.938098 194.343500 0.082603 0.996207 0.027371 1.187613 -0.934460 0.086970 -0.345285 -13.734009
-0.349545 0.001973 0.936917 196.549981 0.081685 0.996254 0.028377 1.221978 -0.933352 0.086452 -0.348396 -14.539352
-0.353361 0.001508 0.935486 198.755685 0.080946 0.996297 0.028970 1.258355 -0.931979 0.085961 -0.352175 -15.362855
-0.357045 0.002213 0.934084 200.972272 0.080081 0.996388 0.028250 1.294277 -0.930648 0.084889 -0.355933 -16.202131
-0.360625 0.002751 0.932707 203.188640 0.079687 0.996430 0.027872 1.327144 -0.929301 0.084376 -0.359557 -17.037529
-0.363678 0.002602 0.931521 205.397157 0.080158 0.996374 0.028511 1.359321 -0.928070 0.085038 -0.362568 -17.883343
-0.365856 0.003055 0.930666 207.609868 0.080837 0.996320 0.028508 1.389727 -0.927154 0.085662 -0.364756 -18.749830
-0.368793 0.002410 0.929508 209.837075 0.081662 0.996214 0.029817 1.423790 -0.925917 0.086902 -0.367594 -19.616021
-0.371160 0.002384 0.928566 212.068106 0.082753 0.996103 0.030520 1.460407 -0.924874 0.088170 -0.369911 -20.490897
-0.374079 0.002801 0.927392 214.301742 0.083566 0.996029 0.030699 1.500464 -0.923624 0.088982 -0.372828 -21.384055
-0.377156 0.003051 0.926145 216.529741 0.082554 0.996125 0.030337 1.539485 -0.922463 0.087899 -0.375946 -22.287291
-0.379687 0.003358 0.925109 218.753929 0.082132 0.996167 0.030093 1.572999 -0.921462 0.087406 -0.378507 -23.195929
-0.381538 0.004668 0.924341 220.988976 0.081973 0.996218 0.028805 1.605816 -0.920711 0.086761 -0.380478 -24.095307
-0.384815 0.004932 0.922980 223.223609 0.080883 0.996319 0.028399 1.637048 -0.919443 0.085582 -0.383797 -25.008116
-0.386830 0.005294 0.922136 225.459302 0.079274 0.996472 0.027534 1.667912 -0.918737 0.083753 -0.385885 -25.927218
-0.389914 0.005849 0.920832 227.678471 0.080785 0.996342 0.027879 1.693962 -0.917301 0.085260 -0.388960 -26.851637
-0.392240 0.004699 0.919851 229.882048 0.080996 0.996279 0.029448 1.724094 -0.916290 0.086055 -0.391162 -27.790095
-0.394985 0.003693 0.918680 232.098986 0.081014 0.996236 0.030827 1.760699 -0.915109 0.086602 -0.393798 -28.730148
-0.397823 0.003508 0.917455 234.319060 0.080246 0.996293 0.030986 1.798640 -0.913946 0.085949 -0.396630 -29.677581
-0.401747 0.003052 0.915745 236.540129 0.078640 0.996415 0.031180 1.836019 -0.912368 0.084540 -0.400547 -30.625356
-0.404451 0.002426 0.914556 238.750711 0.077052 0.996532 0.031432 1.874287 -0.911308 0.083181 -0.403235 -31.593463
-0.407409 0.001511 0.913244 240.956727 0.075984 0.996587 0.032249 1.912216 -0.910079 0.082530 -0.406134 -32.563844
-0.411124 0.001538 0.911578 243.166734 0.075306 0.996638 0.032281 1.951192 -0.908464 0.081919 -0.409857 -33.550584
-0.414601 0.001040 0.910003 245.376782 0.074701 0.996663 0.032895 1.991087 -0.906932 0.081617 -0.413295 -34.536689
-0.417110 0.000345 0.908856 247.581942 0.072945 0.996787 0.033099 2.030838 -0.905924 0.080102 -0.415795 -35.518393
-0.422097 0.000312 0.906550 249.781474 0.072373 0.996820 0.033355 2.072241 -0.903657 0.079688 -0.420777 -36.518930
-0.425871 0.000822 0.904783 251.970084 0.072978 0.996773 0.033444 2.112527 -0.901836 0.080272 -0.424557 -37.531253
-0.429906 0.000810 0.902873 254.137507 0.072883 0.996767 0.033809 2.154329 -0.899927 0.080339 -0.428575 -38.551037
-0.433759 0.000698 0.901029 256.322379 0.072194 0.996812 0.033982 2.196591 -0.898132 0.079789 -0.432426 -39.577964
-0.437373 0.000348 0.899280 258.490913 0.070892 0.996901 0.034093 2.240931 -0.896482 0.078663 -0.436042 -40.612222
-0.441023 0.000849 0.897495 260.656631 0.071905 0.996818 0.034391 2.288539 -0.894611 0.079702 -0.439681 -41.660592
-0.444816 0.001835 0.895620 262.834635 0.073163 0.996730 0.034295 2.336492 -0.892629 0.080781 -0.443496 -42.716956
-0.447402 0.002847 0.894328 265.014655 0.073707 0.996710 0.033700 2.385498 -0.891291 0.080995 -0.446140 -43.792070
-0.451160 0.004145 0.892433 267.192494 0.074982 0.996629 0.033277 2.431297 -0.889288 0.081930 -0.449950 -44.878489
-0.453746 0.004859 0.891118 269.360635 0.076599 0.996497 0.033569 2.479922 -0.887833 0.083490 -0.452528 -45.971790
-0.455979 0.007179 0.889961 271.537307 0.078170 0.996426 0.032014 2.528146 -0.886551 0.084166 -0.454911 -47.072192
-0.459755 0.008773 0.888003 273.725890 0.080000 0.996295 0.031577 2.574233 -0.884435 0.085558 -0.458753 -48.181870
-0.462494 0.009448 0.886572 275.902445 0.080799 0.996231 0.031533 2.623501 -0.882933 0.086218 -0.461515 -49.301941
-0.466113 0.009581 0.884673 278.085018 0.080515 0.996251 0.031632 2.674482 -0.881054 0.085973 -0.465137 -50.435026
-0.469199 0.009706 0.883039 280.279493 0.079542 0.996340 0.031313 2.724688 -0.879503 0.084931 -0.468254 -51.578750
-0.472640 0.011068 0.881186 282.480457 0.080593 0.996274 0.030714 2.773273 -0.877563 0.085534 -0.471770 -52.744562
-0.475996 0.010884 0.879380 284.701941 0.079381 0.996373 0.030636 2.820881 -0.875858 0.084389 -0.475134 -53.920362
-0.478793 0.011004 0.877859 286.916983 0.078463 0.996456 0.030304 2.869131 -0.874414 0.083389 -0.477960 -55.100142
-0.481493 0.011043 0.876380 289.132899 0.079885 0.996311 0.031336 2.917879 -0.872802 0.085097 -0.480599 -56.302489
-0.483797 0.010980 0.875111 291.365645 0.081511 0.996140 0.032564 2.969426 -0.871376 0.087086 -0.482824 -57.529564
-0.486169 0.010501 0.873802 293.606506 0.081935 0.996071 0.033617 3.026387 -0.870016 0.087939 -0.485119 -58.762727
-0.488187 0.010410 0.872677 295.855561 0.081371 0.996116 0.033638 3.081021 -0.868938 0.087432 -0.487138 -59.984922
-0.490654 0.009836 0.871299 298.100752 0.081659 0.996055 0.034740 3.140426 -0.867520 0.088195 -0.489522 -61.229619
-0.492585 0.009470 0.870213 300.341847 0.082801 0.995914 0.036032 3.202799 -0.866317 0.089804 -0.491357 -62.471227
-0.494545 0.009477 0.869100 302.591346 0.082612 0.995926 0.036149 3.264630 -0.865217 0.089675 -0.493313 -63.733621
-0.496417 0.010697 0.868018 304.847971 0.081690 0.996062 0.034443 3.329354 -0.864232 0.088007 -0.495337 -65.009213
-0.499263 0.011887 0.866369 307.123360 0.080696 0.996198 0.032835 3.386688 -0.862684 0.086306 -0.498324 -66.297184
-0.502842 0.010231 0.864318 309.404496 0.078917 0.996297 0.034119 3.445693 -0.860769 0.085365 -0.501787 -67.597975
-0.507497 0.007903 0.861617 311.691155 0.076120 0.996460 0.035695 3.506609 -0.858285 0.083701 -0.506301 -68.920327
-0.511700 0.005432 0.859147 313.976630 0.073556 0.996585 0.037508 3.573161 -0.856010 0.082389 -0.510352 -70.244626
-0.516534 0.004712 0.856254 316.268552 0.073231 0.996564 0.038693 3.643886 -0.853130 0.082690 -0.515104 -71.589340
-0.520920 0.004816 0.853591 318.553252 0.074349 0.996440 0.039751 3.717577 -0.850361 0.084171 -0.519424 -72.963788
-0.525246 0.006434 0.850926 320.853147 0.076287 0.996301 0.039556 3.795891 -0.847524 0.085691 -0.523794 -74.365124
-0.529217 0.006935 0.848458 323.153657 0.077467 0.996185 0.040177 3.872230 -0.844943 0.086990 -0.527735 -75.775359
-0.532709 0.005775 0.846279 325.431765 0.077624 0.996095 0.042064 3.945971 -0.842731 0.088099 -0.531077 -77.174771
-0.537144 0.004621 0.843477 327.719837 0.078066 0.995965 0.044258 4.023468 -0.839870 0.089620 -0.535338 -78.598767
-0.540910 0.003158 0.841075 329.999190 0.076862 0.995994 0.045692 4.101028 -0.837561 0.089361 -0.538986 -80.036310
-0.545413 0.003065 0.838162 332.267220 0.076563 0.995995 0.046179 4.181266 -0.834664 0.089359 -0.543463 -81.486869
-0.549185 0.002563 0.835697 334.542347 0.077292 0.995865 0.047739 4.265465 -0.832119 0.090810 -0.547112 -82.951430
-0.552767 0.002763 0.833331 336.826766 0.078809 0.995686 0.048975 4.353310 -0.829601 0.092746 -0.550600 -84.432902
-0.557256 0.001970 0.830338 339.088579 0.078751 0.995615 0.050489 4.444092 -0.826598 0.093526 -0.554968 -85.918047
-0.560530 0.000491 0.828134 341.340112 0.077026 0.995696 0.051546 4.540450 -0.824544 0.092680 -0.558155 -87.414234
-0.564147 0.000458 0.825674 343.595639 0.078602 0.995488 0.053154 4.636769 -0.821924 0.094886 -0.561638 -88.926760
-0.567515 -0.000888 0.823362 345.848615 0.077081 0.995550 0.054203 4.736580 -0.819747 0.094227 -0.564922 -90.440941
-0.569859 -0.002676 0.821738 348.091727 0.073147 0.995860 0.053969 4.836241 -0.818481 0.090863 -0.567304 -91.955111
-0.572752 -0.002480 0.819725 350.329686 0.071152 0.996071 0.052728 4.939583 -0.816635 0.088525 -0.570325 -93.494433
-0.575906 -0.004296 0.817504 352.563568 0.066914 0.996383 0.052375 5.041168 -0.814773 0.084866 -0.573536 -95.039715
-0.579071 -0.007683 0.815241 354.813665 0.064723 0.996366 0.055363 5.143640 -0.812704 0.084824 -0.576469 -96.596369
-0.582048 -0.006697 0.813126 357.053991 0.066687 0.996205 0.055941 5.249130 -0.810415 0.086785 -0.579393 -98.163141
-0.585223 -0.006754 0.810844 359.286269 0.065011 0.996355 0.055221 5.357495 -0.808262 0.085031 -0.582651 -99.740968
-0.587387 -0.008998 0.809256 361.505727 0.063060 0.996389 0.056850 5.465115 -0.806846 0.084424 -0.584699 -101.321276
-0.590941 -0.012114 0.806623 363.713567 0.061109 0.996342 0.059732 5.577226 -0.804397 0.084590 -0.588040 -102.908421
-0.594321 -0.014327 0.804100 365.910517 0.058371 0.996436 0.060897 5.695750 -0.802107 0.083128 -0.591366 -104.493496
-0.596796 -0.014056 0.802270 368.105054 0.059177 0.996353 0.061476 5.821526 -0.800208 0.084164 -0.593787 -106.087411
-0.599546 -0.015487 0.800190 370.292432 0.056930 0.996455 0.061940 5.945539 -0.798313 0.082691 -0.596539 -107.700120
-0.603631 -0.015447 0.797114 372.477210 0.057833 0.996330 0.063104 6.064259 -0.795163 0.084191 -0.600523 -109.317487
-0.605892 -0.017697 0.795350 374.648897 0.055029 0.996426 0.064092 6.188652 -0.793641 0.082600 -0.602753 -110.937374
-0.608809 -0.019224 0.793084 376.823044 0.050792 0.996711 0.063150 6.306643 -0.791690 0.078728 -0.605830 -112.567774
-0.611918 -0.023511 0.790571 378.985567 0.036885 0.997622 0.058218 6.421099 -0.790061 0.064784 -0.609596 -114.193818
-0.614923 -0.016976 0.788404 381.160602 0.036802 0.998061 0.050194 6.533890 -0.787728 0.059880 -0.613106 -115.821956
-0.616221 -0.007789 0.787534 383.308924 0.049183 0.997619 0.048351 6.618854 -0.786036 0.068529 -0.614371 -117.469744
-0.618002 -0.012165 0.786083 385.434848 0.052544 0.997005 0.056738 6.714392 -0.784419 0.076369 -0.615512 -119.142811
-0.620666 -0.023731 0.783716 387.577319 0.047759 0.996542 0.067998 6.838304 -0.782619 0.079633 -0.617386 -120.812101
-0.623666 -0.032143 0.781030 389.728271 0.041475 0.996386 0.074125 6.990173 -0.780590 0.078622 -0.620079 -122.481693
-0.626608 -0.037381 0.778438 391.865447 0.036056 0.996389 0.076870 7.154464 -0.778501 0.076234 -0.622997 -124.142893
-0.628820 -0.035555 0.776737 394.000738 0.037968 0.996358 0.076346 7.312047 -0.776623 0.077500 -0.625180 -125.810769
-0.631362 -0.029364 0.774932 396.115138 0.044846 0.996228 0.074287 7.461165 -0.774190 0.081655 -0.627664 -127.508293
-0.634067 -0.023303 0.772926 398.210584 0.048524 0.996377 0.069847 7.603555 -0.771754 0.081793 -0.630639 -129.199417
-0.636456 -0.022342 0.770990 400.303978 0.048333 0.996461 0.068775 7.739631 -0.769798 0.081036 -0.633123 -130.894983
-0.639555 -0.023016 0.768401 402.394797 0.047571 0.996451 0.069441 7.877535 -0.767273 0.080965 -0.636190 -132.594676
-0.642156 -0.023712 0.766207 404.480278 0.048224 0.996292 0.071248 8.021555 -0.765055 0.082702 -0.638632 -134.307508
-0.644325 -0.024297 0.764366 406.553925 0.048535 0.996181 0.072578 8.167641 -0.763210 0.083862 -0.640685 -136.018482
-0.645922 -0.024645 0.763006 408.630803 0.048280 0.996159 0.073047 8.319478 -0.761876 0.084020 -0.642251 -137.741576
-0.647192 -0.024165 0.761944 410.694947 0.048791 0.996135 0.073035 8.468742 -0.760764 0.084444 -0.643512 -139.467692
-0.648222 -0.024362 0.761061 412.765145 0.049808 0.995991 0.074305 8.619093 -0.759821 0.086073 -0.644410 -141.200683
-0.649562 -0.025180 0.759891 414.832826 0.050843 0.995776 0.076458 8.773696 -0.758607 0.088299 -0.645538 -142.938043
-0.650844 -0.026100 0.758762 416.893988 0.052557 0.995462 0.079324 8.932888 -0.757390 0.091506 -0.646519 -144.678496
-0.651990 -0.026267 0.757773 418.949246 0.053653 0.995296 0.080663 9.101312 -0.756327 0.093248 -0.647513 -146.418179
-0.653548 -0.026165 0.756432 421.006400 0.051285 0.995575 0.078747 9.269623 -0.755145 0.090258 -0.649314 -148.156303
-0.654296 -0.026885 0.755760 423.059018 0.047063 0.995983 0.076175 9.431466 -0.754772 0.085410 -0.650403 -149.889740
-0.655832 -0.027138 0.754418 425.108726 0.045413 0.996125 0.075312 9.583044 -0.753540 0.083653 -0.652059 -151.631189
-0.656805 -0.028371 0.753526 427.145081 0.044786 0.996060 0.076540 9.740026 -0.752729 0.084019 -0.652947 -153.379185
-0.658143 -0.030139 0.752289 429.177679 0.041293 0.996250 0.076038 9.894527 -0.751760 0.081108 -0.654430 -155.124642
-0.658868 -0.030428 0.751643 431.200167 0.039854 0.996366 0.075270 10.049436 -0.751203 0.079549 -0.655261 -156.862876
-0.659131 -0.031809 0.751355 433.222564 0.039505 0.996261 0.076834 10.205716 -0.750990 0.080326 -0.655410 -158.600173
-0.659508 -0.033775 0.750938 435.258221 0.039834 0.996016 0.079782 10.368549 -0.750641 0.082530 -0.655535 -160.360307
-0.659423 -0.034815 0.750965 437.299521 0.043088 0.995535 0.083989 10.539491 -0.750536 0.087742 -0.654979 -162.130677
-0.658121 -0.036400 0.752032 439.356100 0.047995 0.994771 0.090151 10.725274 -0.751381 0.095424 -0.652933 -163.896283
-0.656703 -0.037684 0.753207 441.401864 0.049161 0.994487 0.092617 10.922294 -0.752545 0.097850 -0.651231 -165.666987
-0.655377 -0.040378 0.754222 443.437218 0.041667 0.995117 0.089481 11.132389 -0.754152 0.090069 -0.650494 -167.413275
-0.653915 -0.041782 0.755413 445.475978 0.034755 0.995761 0.085161 11.322398 -0.755769 0.081943 -0.649691 -169.127876
-0.651302 -0.043354 0.757579 447.513972 0.031825 0.995927 0.084355 11.498311 -0.758151 0.079051 -0.647269 -170.834046
-0.648207 -0.043345 0.760230 449.555916 0.031832 0.995963 0.083927 11.673682 -0.760799 0.078601 -0.644210 -172.533070
-0.645468 -0.043599 0.762542 451.601333 0.032893 0.995857 0.084781 11.852696 -0.763079 0.079806 -0.641359 -174.257286
-0.642868 -0.042378 0.764803 453.658610 0.033938 0.995912 0.083711 12.038773 -0.765225 0.079771 -0.638802 -175.975761
-0.640757 -0.044502 0.766452 455.742032 0.029362 0.996168 0.082387 12.221337 -0.767182 0.075295 -0.636995 -177.685468
-0.639087 -0.050098 0.767501 457.816405 0.021650 0.996309 0.083061 12.391103 -0.768830 0.069700 -0.635643 -179.368640
-0.637847 -0.055751 0.768142 459.906109 0.014005 0.996372 0.083946 12.564527 -0.770035 0.064303 -0.634752 -181.053285
-0.637209 -0.058209 0.768489 461.980249 0.008766 0.996532 0.082750 12.743331 -0.770641 0.059466 -0.634489 -182.729985
-0.636409 -0.057899 0.769175 464.041547 0.009199 0.996538 0.082625 12.915549 -0.771297 0.059659 -0.633673 -184.405937
-0.635263 -0.058340 0.770089 466.111502 0.011969 0.996279 0.085349 13.088982 -0.772204 0.063436 -0.632201 -186.089568
-0.633286 -0.059975 0.771590 468.174856 0.012562 0.996065 0.087734 13.272505 -0.773816 0.065253 -0.630041 -187.757280
-0.632278 -0.062601 0.772208 470.258574 0.009581 0.996022 0.088590 13.466447 -0.774683 0.063412 -0.629163 -189.433210
-0.631574 -0.062946 0.772756 472.338295 0.007538 0.996153 0.087304 13.658079 -0.775279 0.060964 -0.628670 -191.101422
-0.630146 -0.061995 0.773998 474.415836 0.006919 0.996320 0.085436 13.846105 -0.776446 0.059192 -0.627398 -192.764924
-0.629207 -0.060962 0.774843 476.501796 0.008560 0.996315 0.085338 14.025063 -0.777191 0.060328 -0.626366 -194.440748
-0.628116 -0.060701 0.775748 478.594979 0.011048 0.996156 0.086892 14.204832 -0.778041 0.063149 -0.625031 -196.109958
-0.626705 -0.060933 0.776871 480.676858 0.012236 0.996046 0.087994 14.392831 -0.779161 0.064652 -0.623481 -197.774065
-0.625755 -0.062254 0.777531 482.784013 0.010863 0.996018 0.088490 14.584691 -0.779944 0.063819 -0.622587 -199.445176
-0.625010 -0.063396 0.778038 484.874665 0.010296 0.995941 0.089422 14.775716 -0.780549 0.063900 -0.621820 -201.098424
-0.624313 -0.064098 0.778540 486.962618 0.010718 0.995831 0.090583 14.968796 -0.781101 0.064897 -0.621023 -202.744358
-0.623627 -0.065164 0.779001 489.046316 0.009971 0.995775 0.091279 15.166058 -0.781659 0.064692 -0.620342 -204.386796
-0.622425 -0.064038 0.780055 491.147677 0.010035 0.995912 0.089765 15.361264 -0.782615 0.063700 -0.619238 -206.024907
-0.622103 -0.063246 0.780376 493.237599 0.010954 0.995931 0.089449 15.550619 -0.782859 0.064195 -0.618879 -207.664710
-0.621531 -0.064241 0.780751 495.316550 0.011044 0.995814 0.090728 15.738251 -0.783312 0.065013 -0.618220 -209.298758
-0.621053 -0.065629 0.781016 497.409816 0.010058 0.995739 0.091670 15.935656 -0.783704 0.064788 -0.617746 -210.931568
-0.620943 -0.067250 0.780965 499.511131 0.009050 0.995631 0.092931 16.136022 -0.783803 0.064773 -0.617622 -212.570322
-0.621141 -0.067718 0.780767 501.615742 0.008433 0.995625 0.093062 16.337887 -0.783653 0.064389 -0.617853 -214.213229
-0.621188 -0.066715 0.780816 503.714489 0.009425 0.995662 0.092570 16.535966 -0.783605 0.064862 -0.617864 -215.851932
-0.621381 -0.067633 0.780584 505.816713 0.009430 0.995550 0.093765 16.737270 -0.783452 0.065624 -0.617978 -217.497992
-0.621504 -0.069074 0.780360 507.927969 0.008892 0.995419 0.095192 16.941160 -0.783361 0.066101 -0.618043 -219.148620
-0.621983 -0.071000 0.779805 510.035590 0.007665 0.995281 0.096732 17.154162 -0.782994 0.066142 -0.618503 -220.794610
-0.622313 -0.071695 0.779478 512.141218 0.006939 0.995252 0.097082 17.369880 -0.782738 0.065824 -0.618861 -222.443976
-0.622601 -0.071581 0.779259 514.235188 0.006554 0.995296 0.096662 17.582964 -0.782512 0.065289 -0.619203 -224.083120
-0.622709 -0.071001 0.779225 516.329483 0.007189 0.995313 0.096436 17.794959 -0.782421 0.065653 -0.619280 -225.724049
-0.622141 -0.070841 0.779693 518.405002 0.007853 0.995283 0.096695 18.003319 -0.782866 0.066281 -0.618651 -227.348846
-0.622158 -0.071405 0.779628 520.487952 0.007845 0.995213 0.097411 18.213700 -0.782852 0.066721 -0.618620 -228.982878
-0.622028 -0.071463 0.779727 522.573911 0.007393 0.995246 0.097113 18.420896 -0.782960 0.066171 -0.618542 -230.617391
-0.621529 -0.071755 0.780098 524.673765 0.006735 0.995270 0.096913 18.632034 -0.783363 0.065488 -0.618106 -232.255078
-0.621155 -0.072980 0.780282 526.772898 0.006398 0.995149 0.098169 18.846871 -0.783662 0.065970 -0.617675 -233.890358
-0.620879 -0.074021 0.780403 528.873727 0.006744 0.994991 0.099740 19.061919 -0.783877 0.067189 -0.617270 -235.527568
-0.620767 -0.074827 0.780416 530.975701 0.006923 0.994873 0.100896 19.284874 -0.783965 0.068036 -0.617066 -237.173693
-0.620802 -0.074235 0.780444 533.079536 0.007593 0.994891 0.100673 19.507554 -0.783930 0.068424 -0.617067 -238.820662
-0.620427 -0.073892 0.780775 535.182725 0.008303 0.994877 0.100753 19.734145 -0.784220 0.068993 -0.616635 -240.460483
-0.620277 -0.075014 0.780788 537.287454 0.007915 0.994767 0.101860 19.959818 -0.784343 0.069362 -0.616437 -242.104167
-0.620177 -0.076643 0.780709 539.392337 0.006184 0.994707 0.102565 20.189819 -0.784438 0.068436 -0.616420 -243.747894
-0.620406 -0.076450 0.780546 541.492988 0.006127 0.994735 0.102298 20.419048 -0.784257 0.068249 -0.616671 -245.384032
-0.620471 -0.077436 0.780397 543.608810 0.005471 0.994661 0.103047 20.650923 -0.784211 0.068207 -0.616735 -247.025489
-0.620749 -0.078712 0.780048 545.716306 0.005118 0.994519 0.104426 20.879637 -0.783993 0.068815 -0.616944 -248.674976
-0.620537 -0.080300 0.780055 547.822469 0.004868 0.994330 0.106230 21.113125 -0.784162 0.069717 -0.616628 -250.308748
-0.620914 -0.081075 0.779675 549.918323 0.003974 0.994299 0.106557 21.352167 -0.783869 0.069261 -0.617051 -251.939625
-0.620982 -0.079386 0.779794 552.011416 0.003549 0.994563 0.104076 21.587205 -0.783817 0.067397 -0.617324 -253.571006
-0.620834 -0.077801 0.780072 554.113181 0.003696 0.994762 0.102155 21.817704 -0.783934 0.066304 -0.617294 -255.203073
-0.620868 -0.079068 0.779917 556.211410 0.003383 0.994621 0.103528 22.044948 -0.783908 0.066916 -0.617260 -256.839651
-0.620855 -0.080610 0.779770 558.310698 0.004257 0.994338 0.106181 22.279804 -0.783914 0.069243 -0.616996 -258.471181
-0.620772 -0.081315 0.779762 560.418137 0.005188 0.994159 0.107803 22.518556 -0.783974 0.070966 -0.616724 -260.120455
-0.621177 -0.080485 0.779526 562.515603 0.005587 0.994232 0.107106 22.760566 -0.783651 0.070887 -0.617144 -261.761640
-0.621358 -0.080425 0.779388 564.612949 0.005598 0.994237 0.107058 23.009304 -0.783507 0.070885 -0.617327 -263.399382
-0.621612 -0.079951 0.779234 566.697973 0.006155 0.994248 0.106922 23.246935 -0.783301 0.071261 -0.617545 -265.036275
-0.621317 -0.080290 0.779434 568.773803 0.007018 0.994126 0.108000 23.483656 -0.783528 0.072573 -0.617104 -266.653854
-0.621204 -0.081494 0.779400 570.854763 0.007272 0.993936 0.109722 23.727088 -0.783616 0.073828 -0.616844 -268.285494
-0.620508 -0.082017 0.779899 572.942053 0.007277 0.993871 0.110309 23.970137 -0.784166 0.074123 -0.616108 -269.908954
-0.619833 -0.081741 0.780465 575.053812 0.008244 0.993827 0.110635 24.220339 -0.784691 0.075010 -0.615333 -271.538428
-0.619626 -0.082285 0.780572 577.166043 0.009005 0.993679 0.111898 24.468726 -0.784846 0.076364 -0.614968 -273.182861
-0.618877 -0.083493 0.781038 579.274990 0.008554 0.993559 0.112989 24.724822 -0.785441 0.076607 -0.614177 -274.822791
-0.618520 -0.085221 0.781134 581.382327 0.007063 0.993458 0.113979 24.981841 -0.785737 0.076015 -0.613872 -276.449935
-0.617983 -0.086733 0.781392 583.491694 0.005506 0.993394 0.114620 25.240332 -0.786172 0.075135 -0.613423 -278.086135
-0.617611 -0.085264 0.781848 585.597081 0.006090 0.993558 0.113163 25.498866 -0.786460 0.074652 -0.613113 -279.720819
-0.617097 -0.084152 0.782374 587.711329 0.008026 0.993540 0.113195 25.755305 -0.786846 0.076132 -0.612436 -281.359083
-0.616199 -0.084216 0.783075 589.818029 0.008654 0.993483 0.113654 26.011570 -0.787543 0.076811 -0.611454 -282.991151
-0.615443 -0.085718 0.783506 591.919160 0.008398 0.993299 0.115266 26.267556 -0.788137 0.077519 -0.610599 -284.610471
-0.614848 -0.086134 0.783928 594.012738 0.008711 0.993215 0.115962 26.529349 -0.788598 0.078128 -0.609926 -286.224518
-0.614502 -0.085861 0.784229 596.109347 0.008258 0.993305 0.115222 26.790362 -0.788873 0.077280 -0.609679 -287.847088
-0.614280 -0.086646 0.784317 598.211594 0.007233 0.993293 0.115397 27.051365 -0.789055 0.076559 -0.609533 -289.456433
-0.613749 -0.086820 0.784713 600.302110 0.007198 0.993278 0.115525 27.305827 -0.789469 0.076552 -0.608999 -291.060443
-0.613026 -0.087972 0.785150 602.404584 0.006469 0.993189 0.116332 27.567469 -0.790037 0.076393 -0.608281 -292.659859
-0.612465 -0.088465 0.785532 604.500132 0.006004 0.993169 0.116530 27.830273 -0.790475 0.076087 -0.607751 -294.258225
-0.611931 -0.090130 0.785759 606.597784 0.004140 0.993107 0.117137 28.093655 -0.790900 0.074933 -0.607340 -295.859875
-0.611659 -0.090526 0.785925 608.703792 0.002571 0.993199 0.116402 28.357585 -0.791118 0.073219 -0.607266 -297.459213
-0.611789 -0.090571 0.785819 610.815959 0.002509 0.993196 0.116426 28.623808 -0.791017 0.073200 -0.607399 -299.066156
-0.611516 -0.091435 0.785931 612.921348 0.003174 0.993009 0.117996 28.890570 -0.791226 0.074651 -0.606951 -300.664064
-0.611216 -0.092773 0.786008 615.025479 0.002672 0.992859 0.119266 29.158685 -0.791460 0.074998 -0.606603 -302.261634
-0.611047 -0.094122 0.785978 617.130178 0.001198 0.992795 0.119820 29.437258 -0.791593 0.074157 -0.606532 -303.860713
-0.611051 -0.093533 0.786046 619.238043 0.000403 0.992958 0.118468 29.712532 -0.791591 0.072706 -0.606710 -305.461289
-0.611201 -0.091781 0.786136 621.349963 0.000701 0.993191 0.116499 29.977981 -0.791475 0.071756 -0.606975 -307.067495
-0.611167 -0.091192 0.786230 623.467699 0.001278 0.993226 0.116193 30.247106 -0.791500 0.072018 -0.606911 -308.673759
-0.611251 -0.091451 0.786135 625.579667 0.001742 0.993144 0.116886 30.510497 -0.791435 0.072816 -0.606901 -310.280812
-0.611022 -0.092604 0.786178 627.676052 0.002319 0.992920 0.118759 30.774791 -0.791610 0.074387 -0.606481 -311.876930
-0.610815 -0.093766 0.786202 629.787880 0.002446 0.992735 0.120298 31.051519 -0.791770 0.075403 -0.606148 -313.480453
-0.610922 -0.093915 0.786100 631.899262 0.002598 0.992696 0.120615 31.327548 -0.791686 0.075729 -0.606216 -315.092601
-0.610005 -0.094191 0.786780 634.008923 0.001812 0.992742 0.120253 31.602004 -0.792396 0.074780 -0.605406 -316.684318
-0.609894 -0.094602 0.786816 636.126286 0.001159 0.992742 0.120259 31.881582 -0.792483 0.074257 -0.605357 -318.291069
-0.609131 -0.094736 0.787391 638.230532 0.001894 0.992663 0.120899 32.153930 -0.793068 0.075135 -0.604482 -319.887765
-0.608895 -0.095857 0.787438 640.347027 0.001174 0.992562 0.121736 32.435171 -0.793250 0.075049 -0.604253 -321.488714
-0.608456 -0.096514 0.787697 642.473544 0.000756 0.992506 0.122193 32.713596 -0.793587 0.074945 -0.603823 -323.091864
-0.608351 -0.096700 0.787755 644.594130 0.000313 0.992520 0.122078 32.993006 -0.793669 0.074513 -0.603770 -324.700604
-0.608058 -0.095898 0.788079 646.717839 0.000736 0.992609 0.121354 33.269726 -0.793892 0.074370 -0.603493 -326.303905
-0.607577 -0.096902 0.788327 648.826625 0.000660 0.992468 0.122504 33.547384 -0.794261 0.074951 -0.602937 -327.892513
