1.000000 0.000000 0.000000 0.000000 -0.000000 1.000000 0.000000 0.000000 -0.000000 0.000000 1.000000 0.000000
0.999992 -0.000611 -0.003934 -0.016639 0.000618 0.999998 0.001942 -0.034815 0.003933 -0.001945 0.999990 1.695050
0.999994 -0.002421 -0.002512 -0.009726 0.002425 0.999995 0.001786 -0.060156 0.002507 -0.001792 0.999995 3.100636
0.999993 -0.003346 -0.001864 -0.010716 0.003348 0.999994 0.001156 -0.085828 0.001860 -0.001162 0.999998 4.442785
0.999994 -0.003261 -0.001531 -0.014710 0.003264 0.999993 0.001863 -0.109443 0.001525 -0.001868 0.999997 5.774144
0.999990 -0.004419 -0.000919 -0.011476 0.004422 0.999985 0.003352 -0.131639 0.000904 -0.003356 0.999994 7.097951
0.999986 -0.005086 -0.001130 -0.010464 0.005091 0.999976 0.004638 -0.155611 0.001106 -0.004644 0.999989 8.432164
0.999989 -0.004551 -0.001120 -0.017697 0.004556 0.999980 0.004457 -0.176594 0.001100 -0.004462 0.999989 9.764029
0.999995 -0.003019 -0.000989 -0.021701 0.003021 0.999992 0.002615 -0.202148 0.000981 -0.002618 0.999996 11.098412
0.999999 -0.000248 -0.001123 -0.029911 0.000249 0.999999 0.001236 -0.222845 0.001123 -0.001237 0.999999 12.436431
0.999991 0.004183 -0.000961 -0.044427 -0.004182 0.999991 0.000804 -0.245748 0.000965 -0.000800 0.999999 13.776173
0.999982 0.005897 -0.000714 -0.048877 -0.005896 0.999982 0.001388 -0.271185 0.000722 -0.001384 0.999999 15.123256
0.999984 0.005732 -0.000372 -0.058133 -0.005730 0.999979 0.003096 -0.294571 0.000390 -0.003094 0.999995 16.476223
0.999996 0.002898 -0.000328 -0.064660 -0.002896 0.999977 0.006061 -0.313908 0.000345 -0.006061 0.999982 17.832066
0.999999 -0.001362 0.000006 -0.059862 0.001362 0.999975 0.006922 -0.333684 -0.000016 -0.006922 0.999976 19.192558
0.999997 -0.002579 -0.000197 -0.053359 0.002580 0.999988 0.004267 -0.352475 0.000186 -0.004267 0.999991 20.537681
0.999994 -0.003550 0.000213 -0.050981 0.003549 0.999990 0.002707 -0.371684 -0.000223 -0.002706 0.999996 21.886023
0.999999 0.000990 0.000750 -0.061146 -0.000992 0.999994 0.003357 -0.397746 -0.000747 -0.003357 0.999994 23.256812
0.999998 0.001334 0.001682 -0.075729 -0.001344 0.999984 0.005577 -0.416189 -0.001675 -0.005579 0.999983 24.622145
0.999996 0.001782 0.001992 -0.080734 -0.001802 0.999947 0.010097 -0.433106 -0.001974 -0.010100 0.999947 25.996654
0.999995 -0.002483 0.002055 -0.077457 0.002464 0.999952 0.009499 -0.446548 -0.002079 -0.009494 0.999953 27.358848
0.999992 -0.003680 0.001720 -0.075780 0.003666 0.999959 0.008241 -0.461417 -0.001750 -0.008234 0.999965 28.738793
0.999982 -0.005639 0.002239 -0.075459 0.005626 0.999969 0.005501 -0.479402 -0.002270 -0.005489 0.999982 30.114858
0.999990 -0.003293 0.002864 -0.075054 0.003280 0.999985 0.004497 -0.500758 -0.002879 -0.004488 0.999986 31.501743
0.999992 -0.000836 0.003791 -0.074866 0.000824 0.999995 0.003138 -0.520417 -0.003794 -0.003135 0.999988 32.881493
0.999992 -0.000449 0.004052 -0.079518 0.000439 0.999997 0.002259 -0.543759 -0.004053 -0.002257 0.999989 34.264100
0.999993 -0.000262 0.003809 -0.078406 0.000249 0.999994 0.003444 -0.566040 -0.003810 -0.003443 0.999987 35.658539
0.999995 -0.000809 0.003028 -0.084740 0.000793 0.999987 0.005031 -0.594130 -0.003032 -0.005028 0.999983 37.059138
0.999995 0.000257 0.003234 -0.075980 -0.000279 0.999976 0.006885 -0.614250 -0.003232 -0.006886 0.999971 38.479000
0.999994 0.000710 0.003488 -0.091210 -0.000734 0.999977 0.006720 -0.637182 -0.003483 -0.006722 0.999971 39.869949
0.999982 0.004841 0.003468 -0.097945 -0.004864 0.999965 0.006870 -0.654004 -0.003435 -0.006886 0.999970 41.269903
0.999973 0.006584 0.003296 -0.095177 -0.006608 0.999950 0.007455 -0.672490 -0.003247 -0.007476 0.999967 42.670175
0.999967 0.007702 0.002731 -0.104751 -0.007722 0.999942 0.007501 -0.691888 -0.002673 -0.007522 0.999968 44.079988
0.999986 0.004839 0.001960 -0.100545 -0.004853 0.999961 0.007349 -0.715215 -0.001924 -0.007359 0.999971 45.487437
0.999980 0.006271 0.001130 -0.108650 -0.006279 0.999956 0.006987 -0.729562 -0.001086 -0.006994 0.999975 46.913109
0.999979 0.006400 0.000236 -0.109782 -0.006402 0.999945 0.008301 -0.748702 -0.000183 -0.008303 0.999966 48.344994
0.999976 0.006957 -0.000547 -0.115209 -0.006952 0.999938 0.008724 -0.765251 0.000608 -0.008720 0.999962 49.763958
0.999973 0.007193 -0.001273 -0.122550 -0.007182 0.999936 0.008795 -0.788129 0.001336 -0.008785 0.999961 51.196376
0.999979 0.005855 -0.002688 -0.134550 -0.005830 0.999940 0.009285 -0.808074 0.002742 -0.009270 0.999953 52.617017
0.999975 0.005982 -0.003643 -0.140270 -0.005943 0.999925 0.010712 -0.823375 0.003707 -0.010690 0.999936 54.042967
0.999981 0.004676 -0.004123 -0.151246 -0.004629 0.999925 0.011336 -0.839074 0.004175 -0.011317 0.999927 55.462062
0.999981 0.003029 -0.005375 -0.157918 -0.002970 0.999935 0.011049 -0.855762 0.005408 -0.011033 0.999925 56.883230
0.999983 0.001018 -0.005692 -0.168101 -0.000955 0.999938 0.011052 -0.869930 0.005703 -0.011046 0.999923 58.299117
0.999987 -0.000051 -0.005152 -0.184185 0.000113 0.999928 0.012018 -0.882504 0.005151 -0.012019 0.999915 59.721654
0.999985 -0.002020 -0.005146 -0.192678 0.002087 0.999915 0.012896 -0.899269 0.005119 -0.012907 0.999904 61.148770
0.999982 -0.003764 -0.004701 -0.194487 0.003827 0.999902 0.013434 -0.913545 0.004650 -0.013452 0.999899 62.563857
0.999976 -0.005438 -0.004287 -0.218183 0.005492 0.999902 0.012839 -0.926601 0.004217 -0.012862 0.999908 64.017378
0.999970 -0.006432 -0.004399 -0.230580 0.006487 0.999901 0.012461 -0.945913 0.004319 -0.012489 0.999913 65.464581
0.999982 -0.005110 -0.003195 -0.235068 0.005148 0.999913 0.012111 -0.968288 0.003133 -0.012127 0.999922 66.887199
0.999987 -0.004243 -0.002724 -0.253185 0.004278 0.999909 0.012779 -0.979846 0.002669 -0.012790 0.999915 68.296384
0.999997 -0.000608 -0.002353 -0.260454 0.000641 0.999900 0.014153 -0.998501 0.002345 -0.014155 0.999897 69.716884
0.999991 0.003971 -0.001296 -0.278577 -0.003951 0.999881 0.014922 -1.017104 0.001355 -0.014916 0.999888 71.125558
0.999961 0.008669 -0.001495 -0.290220 -0.008645 0.999846 0.015304 -1.029612 0.001627 -0.015291 0.999882 72.548373
0.999938 0.011154 -0.000623 -0.302687 -0.011143 0.999824 0.015118 -1.040820 0.000792 -0.015110 0.999886 73.973437
0.999900 0.014102 0.000385 -0.316850 -0.014106 0.999791 0.014778 -1.057673 -0.000176 -0.014782 0.999891 75.383985
0.999892 0.014682 0.000649 -0.328396 -0.014691 0.999775 0.015334 -1.066017 -0.000424 -0.015342 0.999882 76.782960
0.999891 0.014791 0.000376 -0.324393 -0.014795 0.999773 0.015332 -1.080883 -0.000149 -0.015336 0.999882 78.189925
0.999902 0.013950 0.000877 -0.324727 -0.013961 0.999794 0.014703 -1.095398 -0.000672 -0.014714 0.999892 79.577428
0.999936 0.011327 0.000462 -0.332289 -0.011333 0.999829 0.014586 -1.104253 -0.000296 -0.014590 0.999894 80.962579
0.999915 0.013024 0.000530 -0.336982 -0.013030 0.999809 0.014591 -1.119175 -0.000340 -0.014597 0.999893 82.345037
0.999940 0.010920 0.000404 -0.350789 -0.010924 0.999834 0.014601 -1.134917 -0.000245 -0.014605 0.999893 83.736163
0.999925 0.012200 -0.001226 -0.348208 -0.012181 0.999820 0.014564 -1.148084 0.001403 -0.014548 0.999893 85.133287
0.999942 0.010662 -0.001449 -0.353674 -0.010640 0.999832 0.014937 -1.166467 0.001608 -0.014921 0.999887 86.524805
0.999938 0.010796 -0.002874 -0.360068 -0.010749 0.999817 0.015797 -1.176358 0.003044 -0.015765 0.999871 87.914022
0.999950 0.009239 -0.003899 -0.370955 -0.009172 0.999815 0.016932 -1.186333 0.004054 -0.016895 0.999849 89.279655
0.999967 0.006589 -0.004734 -0.380982 -0.006505 0.999826 0.017508 -1.193363 0.004848 -0.017477 0.999836 90.648789
0.999972 0.004901 -0.005660 -0.392273 -0.004802 0.999839 0.017313 -1.206040 0.005744 -0.017286 0.999834 92.015721
0.999980 0.002692 -0.005720 -0.406234 -0.002594 0.999851 0.017067 -1.212871 0.005765 -0.017052 0.999838 93.384785
0.999973 0.003149 -0.006662 -0.423628 -0.003038 0.999858 0.016551 -1.228378 0.006713 -0.016530 0.999841 94.747482
0.999975 0.003462 -0.006199 -0.429915 -0.003362 0.999866 0.016021 -1.239793 0.006253 -0.016000 0.999852 96.104164
0.999973 0.004083 -0.006148 -0.443361 -0.003987 0.999872 0.015466 -1.249344 0.006210 -0.015441 0.999861 97.467666
0.999965 0.005386 -0.006417 -0.469621 -0.005288 0.999871 0.015180 -1.263534 0.006498 -0.015145 0.999864 98.821062
0.999972 0.004729 -0.005877 -0.485558 -0.004635 0.999863 0.015901 -1.274880 0.005952 -0.015873 0.999856 100.174966
0.999955 0.007053 -0.006341 -0.502125 -0.006939 0.999816 0.017872 -1.285951 0.006466 -0.017828 0.999820 101.532344
0.999959 0.007641 -0.004866 -0.519956 -0.007552 0.999809 0.018038 -1.299346 0.005003 -0.018001 0.999825 102.873878
0.999972 0.005644 -0.004887 -0.532007 -0.005564 0.999854 0.016183 -1.309263 0.004978 -0.016156 0.999857 104.211676
0.999967 0.006198 -0.005303 -0.542581 -0.006122 0.999881 0.014161 -1.319143 0.005391 -0.014128 0.999886 105.546214
0.999972 0.005055 -0.005599 -0.555482 -0.004974 0.999884 0.014384 -1.329410 0.005671 -0.014356 0.999881 106.872935
0.999978 0.003221 -0.005862 -0.569440 -0.003125 0.999860 0.016410 -1.338648 0.005914 -0.016391 0.999848 108.209887
0.999988 -0.000241 -0.004875 -0.580366 0.000327 0.999842 0.017755 -1.351284 0.004870 -0.017756 0.999830 109.555217
0.999992 -0.001005 -0.003951 -0.595192 0.001076 0.999841 0.017801 -1.361925 0.003933 -0.017805 0.999834 110.893665
0.999995 -0.000790 -0.002933 -0.596783 0.000838 0.999870 0.016081 -1.369368 0.002920 -0.016083 0.999866 112.226030
0.999998 0.000788 -0.002059 -0.607454 -0.000759 0.999903 0.013932 -1.380417 0.002070 -0.013930 0.999901 113.545045
0.999992 0.004022 -0.000789 -0.619556 -0.004012 0.999914 0.012496 -1.393809 0.000839 -0.012493 0.999922 114.873527
0.999977 0.006703 0.000740 -0.632564 -0.006712 0.999886 0.013495 -1.400796 -0.000650 -0.013499 0.999909 116.199804
0.999974 0.007043 0.001595 -0.640834 -0.007068 0.999845 0.016111 -1.412123 -0.001481 -0.016122 0.999869 117.531693
0.999981 0.005579 0.002491 -0.643766 -0.005623 0.999828 0.017690 -1.425513 -0.002391 -0.017704 0.999840 118.871963
0.999979 0.005481 0.003454 -0.641301 -0.005542 0.999821 0.018076 -1.430598 -0.003354 -0.018094 0.999831 120.214668
0.999969 0.006441 0.004580 -0.640091 -0.006520 0.999827 0.017411 -1.436259 -0.004467 -0.017440 0.999838 121.562294
0.999944 0.008629 0.006141 -0.643010 -0.008734 0.999813 0.017262 -1.440475 -0.005991 -0.017315 0.999832 122.910821
0.999920 0.010470 0.007033 -0.648817 -0.010586 0.999806 0.016587 -1.449775 -0.006858 -0.016660 0.999838 124.238028
0.999903 0.011193 0.008258 -0.646187 -0.011324 0.999808 0.015971 -1.455680 -0.008077 -0.016063 0.999838 125.564962
0.999883 0.012591 0.008700 -0.647472 -0.012724 0.999801 0.015368 -1.463216 -0.008505 -0.015477 0.999844 126.897846
0.999893 0.010868 0.009752 -0.637552 -0.011022 0.999814 0.015830 -1.472467 -0.009578 -0.015936 0.999827 128.237728
0.999883 0.011227 0.010374 -0.631204 -0.011402 0.999791 0.016948 -1.481389 -0.010182 -0.017064 0.999803 129.580405
0.999894 0.009000 0.011479 -0.622817 -0.009204 0.999800 0.017774 -1.487900 -0.011316 -0.017877 0.999776 130.925310
0.999896 0.008143 0.011867 -0.609392 -0.008354 0.999806 0.017858 -1.497016 -0.011720 -0.017955 0.999770 132.268322
0.999903 0.006476 0.012293 -0.598085 -0.006703 0.999805 0.018561 -1.500486 -0.012170 -0.018642 0.999752 133.602485
0.999928 0.004471 0.011150 -0.594868 -0.004683 0.999806 0.019122 -1.506607 -0.011062 -0.019173 0.999755 134.955560
0.999936 0.003690 0.010651 -0.585682 -0.003888 0.999820 0.018587 -1.512659 -0.010580 -0.018627 0.999771 136.302213
0.999956 0.001737 0.009167 -0.570914 -0.001916 0.999807 0.019537 -1.515527 -0.009131 -0.019554 0.999767 137.647652
0.999967 0.000108 0.008163 -0.552870 -0.000273 0.999796 0.020212 -1.519566 -0.008159 -0.020213 0.999762 138.989664
0.999974 -0.002307 0.006891 -0.552248 0.002164 0.999784 0.020672 -1.521825 -0.006938 -0.020657 0.999763 140.337060
0.999980 -0.003388 0.005327 -0.553477 0.003278 0.999784 0.020530 -1.527794 -0.005396 -0.020512 0.999775 141.693597
0.999983 -0.003329 0.004853 -0.549617 0.003230 0.999792 0.020138 -1.533847 -0.004919 -0.020122 0.999785 143.039336
0.999988 -0.003033 0.003755 -0.556443 0.002963 0.999821 0.018686 -1.534343 -0.003811 -0.018675 0.999818 144.378124
0.999985 -0.005214 0.001665 -0.557984 0.005184 0.999837 0.017273 -1.538346 -0.001755 -0.017264 0.999849 145.708546
0.999941 -0.010791 0.001200 -0.548378 0.010768 0.999785 0.017731 -1.543480 -0.001391 -0.017717 0.999842 147.058760
0.999866 -0.016370 0.000031 -0.531240 0.016366 0.999652 0.020676 -1.547154 -0.000369 -0.020672 0.999786 148.422532
0.999743 -0.022620 -0.001128 -0.525912 0.022638 0.999546 0.019900 -1.551053 0.000677 -0.019920 0.999801 149.775451
0.999723 -0.023473 -0.001454 -0.518149 0.023495 0.999580 0.016945 -1.549505 0.001055 -0.016974 0.999855 151.125024
0.999715 -0.023883 -0.000701 -0.531437 0.023890 0.999611 0.014368 -1.562556 0.000357 -0.014381 0.999897 152.460200
0.999742 -0.022707 -0.000017 -0.549772 0.022705 0.999657 0.013052 -1.569309 -0.000280 -0.013049 0.999915 153.796486
0.999764 -0.021725 0.000144 -0.555939 0.021720 0.999660 0.014430 -1.582625 -0.000458 -0.014423 0.999896 155.142573
0.999621 -0.027538 0.000633 -0.551113 0.027522 0.999458 0.018069 -1.586049 -0.001130 -0.018045 0.999837 156.501288
0.999406 -0.034439 0.000980 -0.540460 0.034412 0.999196 0.020553 -1.595712 -0.001687 -0.020507 0.999788 157.846180
0.999268 -0.038266 0.000415 -0.534541 0.038248 0.999038 0.021459 -1.594233 -0.001236 -0.021427 0.999770 159.193437
0.999207 -0.039819 0.000697 -0.534372 0.039793 0.998963 0.022139 -1.595064 -0.001578 -0.022094 0.999755 160.544504
0.999210 -0.039684 0.001985 -0.541429 0.039628 0.998946 0.023143 -1.592625 -0.002901 -0.023046 0.999730 161.898734
0.999285 -0.037697 0.002752 -0.548061 0.037628 0.999051 0.021938 -1.591751 -0.003576 -0.021819 0.999756 163.254321
0.999373 -0.035265 0.003213 -0.553707 0.035193 0.999173 0.020377 -1.596713 -0.003929 -0.020251 0.999787 164.610206
0.999523 -0.030651 0.003647 -0.550212 0.030570 0.999321 0.020569 -1.599493 -0.004275 -0.020448 0.999782 165.974085
0.999561 -0.029306 0.004326 -0.552477 0.029206 0.999339 0.021650 -1.600756 -0.004957 -0.021514 0.999756 167.332555
0.999585 -0.028591 0.003505 -0.550229 0.028513 0.999379 0.020683 -1.604747 -0.004095 -0.020574 0.999780 168.711221
0.999676 -0.025267 0.003042 -0.557829 0.025209 0.999524 0.017800 -1.608382 -0.003490 -0.017718 0.999837 170.068986
0.999743 -0.022537 0.002415 -0.562130 0.022497 0.999623 0.015756 -1.616146 -0.002770 -0.015698 0.999873 171.443067
0.999890 -0.014610 0.002387 -0.564928 0.014572 0.999779 0.015144 -1.627221 -0.002607 -0.015107 0.999882 172.832156
0.999984 -0.004937 0.002824 -0.588106 0.004892 0.999859 0.016057 -1.633055 -0.002903 -0.016043 0.999867 174.231858
0.999986 -0.004558 0.002638 -0.592018 0.004508 0.999814 0.018746 -1.642757 -0.002723 -0.018734 0.999821 175.613903
0.999986 -0.004761 0.002343 -0.598375 0.004713 0.999786 0.020141 -1.644676 -0.002439 -0.020130 0.999794 176.984119
0.999974 -0.007098 0.001450 -0.589546 0.007066 0.999752 0.021124 -1.642279 -0.001600 -0.021113 0.999776 178.356200
0.999979 -0.006466 -0.000214 -0.594120 0.006469 0.999781 0.019926 -1.643646 0.000085 -0.019927 0.999801 179.734390
0.999960 -0.008689 -0.002070 -0.598865 0.008720 0.999842 0.015517 -1.650549 0.001935 -0.015535 0.999877 181.122219
0.999974 -0.006472 -0.003277 -0.611771 0.006515 0.999890 0.013288 -1.654986 0.003190 -0.013309 0.999906 182.541459
0.999991 -0.002575 -0.003505 -0.631794 0.002620 0.999915 0.012790 -1.663953 0.003472 -0.012799 0.999912 183.983358
0.999991 0.002667 -0.003425 -0.648812 -0.002615 0.999886 0.014904 -1.674842 0.003465 -0.014895 0.999883 185.402816
0.999990 0.003302 -0.002963 -0.658537 -0.003247 0.999827 0.018314 -1.678958 0.003023 -0.018304 0.999828 186.812275
0.999992 0.002500 -0.003155 -0.678191 -0.002436 0.999795 0.020099 -1.683794 0.003205 -0.020091 0.999793 188.213982
0.999994 0.002046 -0.002860 -0.682333 -0.001986 0.999780 0.020857 -1.680049 0.002902 -0.020851 0.999778 189.607278
0.999996 -0.000188 -0.002912 -0.694013 0.000251 0.999765 0.021663 -1.680556 0.002907 -0.021663 0.999761 191.014859
0.999982 -0.005416 -0.002731 -0.700456 0.005475 0.999740 0.022114 -1.685002 0.002611 -0.022129 0.999752 192.427491
0.999976 -0.006701 -0.001942 -0.696282 0.006743 0.999721 0.022644 -1.679689 0.001790 -0.022657 0.999742 193.833807
0.999941 -0.010649 -0.002024 -0.710687 0.010694 0.999653 0.024077 -1.676452 0.001767 -0.024097 0.999708 195.255160
0.999900 -0.014124 -0.001209 -0.702481 0.014151 0.999576 0.025445 -1.671061 0.000849 -0.025460 0.999675 196.672776
0.999864 -0.016456 -0.000746 -0.698066 0.016469 0.999575 0.024037 -1.669037 0.000350 -0.024046 0.999711 198.088962
0.999889 -0.014862 -0.000517 -0.706004 0.014869 0.999704 0.019268 -1.668093 0.000230 -0.019274 0.999814 199.518285
0.999952 -0.009763 0.000125 -0.723196 0.009759 0.999821 0.016209 -1.670819 -0.000283 -0.016207 0.999869 200.950521
0.999979 0.006414 0.001035 -0.754209 -0.006431 0.999832 0.017193 -1.673651 -0.000925 -0.017199 0.999852 202.396191
0.999943 0.010326 0.002659 -0.761113 -0.010379 0.999730 0.020784 -1.681703 -0.002444 -0.020811 0.999780 203.848354
0.999959 0.008735 0.002509 -0.768725 -0.008789 0.999708 0.022503 -1.678501 -0.002312 -0.022524 0.999744 205.301497
0.999977 0.006688 0.001361 -0.767431 -0.006718 0.999717 0.022820 -1.672515 -0.001208 -0.022829 0.999739 206.763009
0.999990 0.004519 0.000577 -0.763998 -0.004531 0.999733 0.022661 -1.670131 -0.000474 -0.022663 0.999743 208.219239
0.999993 0.003760 -0.000337 -0.768348 -0.003751 0.999748 0.022122 -1.669599 0.000420 -0.022121 0.999755 209.654436
0.999989 0.004470 -0.001052 -0.776115 -0.004446 0.999758 0.021522 -1.668689 0.001148 -0.021517 0.999768 211.101625
0.999982 0.005785 -0.001384 -0.791887 -0.005753 0.999731 0.022454 -1.667300 0.001514 -0.022445 0.999747 212.553553
0.999977 0.006530 -0.001632 -0.798195 -0.006491 0.999709 0.023217 -1.663268 0.001783 -0.023206 0.999729 214.015901
0.999980 0.006075 -0.001572 -0.810263 -0.006038 0.999724 0.022692 -1.662457 0.001710 -0.022682 0.999741 215.494628
0.999983 0.005395 -0.002143 -0.814625 -0.005347 0.999745 0.021956 -1.660069 0.002261 -0.021944 0.999757 216.971094
0.999984 0.004895 -0.002887 -0.822800 -0.004829 0.999743 0.022167 -1.658819 0.002994 -0.022153 0.999750 218.451267
0.999981 0.005272 -0.003327 -0.836922 -0.005197 0.999743 0.022065 -1.658418 0.003443 -0.022047 0.999751 219.937908
0.999981 0.004868 -0.003761 -0.841605 -0.004784 0.999747 0.021957 -1.659371 0.003867 -0.021939 0.999752 221.425602
0.999979 0.005658 -0.003142 -0.858955 -0.005588 0.999746 0.021835 -1.656141 0.003265 -0.021817 0.999757 222.898048
0.999971 0.006648 -0.003619 -0.876595 -0.006568 0.999744 0.021631 -1.654851 0.003762 -0.021607 0.999759 224.371773
0.999962 0.007389 -0.004592 -0.889050 -0.007287 0.999738 0.021677 -1.651361 0.004751 -0.021643 0.999754 225.848400
0.999972 0.005511 -0.005069 -0.908986 -0.005397 0.999739 0.022199 -1.649705 0.005190 -0.022171 0.999741 227.339984
0.999973 0.005463 -0.004974 -0.919096 -0.005351 0.999738 0.022252 -1.651028 0.005095 -0.022225 0.999740 228.840891
0.999984 0.002272 -0.005174 -0.927493 -0.002157 0.999753 0.022117 -1.652057 0.005223 -0.022106 0.999742 230.341266
0.999986 0.001291 -0.005095 -0.937116 -0.001175 0.999741 0.022738 -1.650397 0.005123 -0.022732 0.999728 231.847203
0.999988 -0.000237 -0.004865 -0.952221 0.000352 0.999719 0.023705 -1.647416 0.004858 -0.023706 0.999707 233.348721
0.999987 0.000803 -0.005070 -0.957509 -0.000682 0.999718 0.023743 -1.645836 0.005087 -0.023739 0.999705 234.845396
0.999984 -0.001319 -0.005441 -0.977154 0.001449 0.999714 0.023876 -1.646196 0.005408 -0.023883 0.999700 236.345126
0.999982 -0.001944 -0.005685 -0.990281 0.002078 0.999719 0.023615 -1.644102 0.005637 -0.023627 0.999705 237.857409
0.999989 -0.000639 -0.004699 -1.009532 0.000757 0.999685 0.025075 -1.643196 0.004681 -0.025079 0.999675 239.378656
0.999989 0.000924 -0.004609 -1.028561 -0.000802 0.999651 0.026394 -1.637673 0.004632 -0.026390 0.999641 240.896389
0.999991 0.000472 -0.004219 -1.032156 -0.000360 0.999650 0.026448 -1.631113 0.004230 -0.026446 0.999641 242.414775
0.999994 -0.001494 -0.003088 -1.044689 0.001571 0.999681 0.025216 -1.627565 0.003049 -0.025221 0.999677 243.950537
0.999995 0.000134 -0.003273 -1.057805 -0.000054 0.999707 0.024212 -1.622371 0.003275 -0.024211 0.999701 245.472242
0.999996 0.000030 -0.002976 -1.059478 0.000044 0.999693 0.024766 -1.616054 0.002976 -0.024766 0.999689 246.988801
0.999994 0.001131 -0.003421 -1.068054 -0.001041 0.999657 0.026183 -1.610518 0.003449 -0.026179 0.999651 248.513984
0.999995 0.000968 -0.003018 -1.075335 -0.000887 0.999643 0.026704 -1.608505 0.003042 -0.026701 0.999639 250.048523
0.999992 0.002396 -0.003260 -1.087046 -0.002307 0.999635 0.026902 -1.601104 0.003323 -0.026895 0.999633 251.578957
0.999991 0.003268 -0.002699 -1.090333 -0.003195 0.999632 0.026926 -1.595844 0.002786 -0.026917 0.999634 253.108807
0.999986 0.004518 -0.002662 -1.089577 -0.004445 0.999626 0.026980 -1.591670 0.002783 -0.026968 0.999632 254.642120
0.999987 0.003776 -0.003510 -1.099062 -0.003679 0.999626 0.027109 -1.582483 0.003611 -0.027095 0.999626 256.190265
0.999989 0.003048 -0.003439 -1.115754 -0.002952 0.999614 0.027620 -1.574561 0.003522 -0.027610 0.999613 257.741107
0.999992 0.000857 -0.003834 -1.123312 -0.000747 0.999590 0.028614 -1.566424 0.003857 -0.028611 0.999583 259.291518
0.999994 -0.000909 -0.003198 -1.126338 0.001001 0.999581 0.028920 -1.559536 0.003170 -0.028923 0.999577 260.830916
0.999993 -0.001267 -0.003440 -1.131570 0.001362 0.999618 0.027595 -1.547523 0.003404 -0.027599 0.999613 262.363023
0.999991 -0.001499 -0.003888 -1.139078 0.001606 0.999614 0.027746 -1.540026 0.003844 -0.027752 0.999607 263.913905
0.999991 -0.003721 -0.002261 -1.141545 0.003787 0.999541 0.030063 -1.531809 0.002148 -0.030071 0.999545 265.445527
0.999972 -0.006884 -0.003036 -1.147011 0.006975 0.999492 0.031087 -1.518025 0.002820 -0.031107 0.999512 266.972882
0.999976 -0.006470 -0.002490 -1.161286 0.006542 0.999520 0.030276 -1.501875 0.002293 -0.030292 0.999538 268.516264
0.999964 -0.008333 -0.001713 -1.170908 0.008380 0.999522 0.029773 -1.489710 0.001465 -0.029786 0.999555 270.053457
0.999981 -0.006092 -0.000669 -1.174194 0.006110 0.999531 0.030017 -1.476464 0.000486 -0.030020 0.999549 271.608483
0.999987 -0.005001 0.000193 -1.183255 0.004993 0.999543 0.029812 -1.466388 -0.000342 -0.029811 0.999556 273.157978
0.999995 -0.002886 0.001351 -1.194478 0.002845 0.999552 0.029778 -1.452522 -0.001436 -0.029774 0.999556 274.692272
0.999995 -0.002176 0.002263 -1.196348 0.002107 0.999554 0.029788 -1.443087 -0.002326 -0.029783 0.999554 276.224372
0.999995 -0.000842 0.003068 -1.192761 0.000752 0.999568 0.029395 -1.434203 -0.003091 -0.029392 0.999563 277.767914
0.999990 -0.001871 0.004123 -1.191518 0.001751 0.999574 0.029122 -1.423745 -0.004175 -0.029115 0.999567 279.309216
0.999983 -0.003338 0.004764 -1.190781 0.003197 0.999567 0.029256 -1.414346 -0.004860 -0.029241 0.999561 280.862683
0.999972 -0.005358 0.005133 -1.188565 0.005202 0.999538 0.029951 -1.407762 -0.005291 -0.029924 0.999538 282.420500
0.999963 -0.006249 0.005992 -1.178645 0.006061 0.999504 0.030888 -1.398343 -0.006182 -0.030850 0.999505 283.988091
0.999950 -0.007718 0.006301 -1.166164 0.007523 0.999507 0.030470 -1.384484 -0.006533 -0.030421 0.999516 285.537947
0.999954 -0.007744 0.005701 -1.169517 0.007585 0.999596 0.027409 -1.376357 -0.005911 -0.027364 0.999608 287.111321
0.999955 -0.007904 0.005212 -1.169453 0.007762 0.999612 0.026752 -1.366040 -0.005421 -0.026711 0.999629 288.666898
0.999949 -0.008744 0.005103 -1.164802 0.008605 0.999607 0.026692 -1.359459 -0.005335 -0.026646 0.999631 290.201576
0.999952 -0.008920 0.004000 -1.151303 0.008810 0.999608 0.026585 -1.350223 -0.004236 -0.026549 0.999639 291.746521
0.999951 -0.009332 0.003196 -1.148623 0.009247 0.999621 0.025929 -1.344878 -0.003437 -0.025899 0.999659 293.303522
0.999957 -0.008980 0.002514 -1.153059 0.008911 0.999614 0.026322 -1.336982 -0.002750 -0.026299 0.999650 294.873006
0.999959 -0.008745 0.002188 -1.152207 0.008684 0.999613 0.026422 -1.326849 -0.002418 -0.026402 0.999648 296.437462
0.999945 -0.010336 0.001918 -1.152933 0.010280 0.999580 0.027080 -1.319624 -0.002198 -0.027059 0.999631 298.007628
0.999958 -0.009113 -0.000043 -1.154140 0.009111 0.999537 0.029042 -1.303901 -0.000221 -0.029041 0.999578 299.582554
0.999977 -0.006680 -0.000612 -1.161820 0.006695 0.999540 0.029591 -1.296385 0.000414 -0.029594 0.999562 301.156103
0.999982 -0.005829 0.001703 -1.162761 0.005776 0.999555 0.029275 -1.280505 -0.001873 -0.029264 0.999570 302.743791
0.999985 -0.005092 0.001865 -1.172807 0.005034 0.999549 0.029606 -1.262445 -0.002015 -0.029596 0.999560 304.344179
0.999971 -0.007337 0.002239 -1.172847 0.007269 0.999547 0.029216 -1.250933 -0.002452 -0.029199 0.999571 305.928955
0.999947 -0.009877 0.002963 -1.159196 0.009792 0.999574 0.027486 -1.242324 -0.003233 -0.027456 0.999618 307.515594
0.999951 -0.009355 0.003387 -1.148869 0.009265 0.999627 0.025701 -1.235394 -0.003626 -0.025668 0.999664 309.127129
0.999938 -0.010987 0.001837 -1.149521 0.010937 0.999628 0.024976 -1.224855 -0.002111 -0.024954 0.999686 310.744850
0.999959 -0.009022 -0.000422 -1.162518 0.009030 0.999661 0.024403 -1.213788 0.000202 -0.024406 0.999702 312.374984
0.999965 -0.008239 -0.001707 -1.187170 0.008280 0.999628 0.025994 -1.208640 0.001492 -0.026007 0.999661 313.990099
0.999976 -0.006626 -0.001957 -1.200884 0.006682 0.999532 0.029864 -1.194016 0.001759 -0.029876 0.999552 315.611307
0.999961 -0.008597 -0.002076 -1.202037 0.008660 0.999435 0.032470 -1.180458 0.001796 -0.032487 0.999471 317.238368
0.999952 -0.009580 -0.001965 -1.200664 0.009639 0.999429 0.032374 -1.162751 0.001653 -0.032391 0.999474 318.866054
0.999950 -0.009941 -0.001414 -1.212538 0.009980 0.999455 0.031455 -1.146946 0.001101 -0.031467 0.999504 320.501217
0.999945 -0.010419 -0.001068 -1.226247 0.010448 0.999442 0.031728 -1.130101 0.000737 -0.031738 0.999496 322.125860
0.999943 -0.010638 -0.000072 -1.227574 0.010635 0.999432 0.031970 -1.118085 -0.000268 -0.031969 0.999489 323.752933
0.999948 -0.010160 -0.000011 -1.231080 0.010155 0.999439 0.031925 -1.105470 -0.000313 -0.031923 0.999490 325.377370
0.999961 -0.008819 0.000687 -1.243060 0.008794 0.999485 0.030860 -1.093822 -0.000958 -0.030852 0.999523 327.000294
0.999958 -0.009114 0.001391 -1.250453 0.009066 0.999485 0.030776 -1.083774 -0.001671 -0.030762 0.999525 328.619966
0.999953 -0.009629 0.001366 -1.258354 0.009579 0.999410 0.032992 -1.069009 -0.001683 -0.032977 0.999455 330.236639
0.999939 -0.010915 0.001612 -1.252005 0.010856 0.999400 0.032882 -1.055689 -0.001969 -0.032862 0.999458 331.851237
0.999928 -0.011897 0.001245 -1.246301 0.011850 0.999400 0.032553 -1.039245 -0.001632 -0.032535 0.999469 333.474489
0.999962 -0.008568 0.001609 -1.252134 0.008512 0.999444 0.032248 -1.027251 -0.001884 -0.032233 0.999479 335.108843
0.999963 -0.008563 0.001162 -1.263012 0.008526 0.999551 0.028708 -1.012055 -0.001407 -0.028697 0.999587 336.727629
0.999985 -0.005442 0.000530 -1.274535 0.005425 0.999596 0.027900 -1.001103 -0.000682 -0.027897 0.999611 338.327399
0.999989 -0.004646 0.000339 -1.281728 0.004635 0.999565 0.029125 -0.994643 -0.000474 -0.029123 0.999576 339.926989
0.999995 -0.003014 -0.001090 -1.295703 0.003048 0.999445 0.033164 -0.983331 0.000989 -0.033167 0.999449 341.529475
0.999995 -0.002403 -0.002046 -1.299513 0.002472 0.999397 0.034626 -0.967913 0.001962 -0.034631 0.999398 343.139454
0.999991 -0.002592 -0.003449 -1.307431 0.002704 0.999457 0.032824 -0.950378 0.003362 -0.032833 0.999455 344.750343
0.999980 -0.003168 -0.005559 -1.323429 0.003348 0.999460 0.032684 -0.933865 0.005452 -0.032701 0.999450 346.363106
0.999966 -0.004333 -0.007057 -1.340449 0.004570 0.999412 0.033983 -0.916856 0.006905 -0.034014 0.999398 347.964135
0.999952 -0.005694 -0.007941 -1.355092 0.005962 0.999399 0.034154 -0.904651 0.007742 -0.034200 0.999385 349.566273
0.999952 -0.005665 -0.007942 -1.368752 0.005925 0.999431 0.033193 -0.886312 0.007750 -0.033239 0.999417 351.162985
0.999950 -0.005949 -0.008093 -1.383544 0.006212 0.999441 0.032854 -0.873328 0.007893 -0.032903 0.999427 352.762073
0.999946 -0.006654 -0.008041 -1.399653 0.006915 0.999434 0.032933 -0.853743 0.007818 -0.032986 0.999425 354.357097
0.999942 -0.007338 -0.007904 -1.416357 0.007595 0.999429 0.032928 -0.839792 0.007657 -0.032986 0.999426 355.951463
0.999937 -0.007775 -0.008036 -1.429773 0.008029 0.999454 0.032054 -0.829264 0.007782 -0.032116 0.999454 357.543551
0.999942 -0.007371 -0.007796 -1.456163 0.007616 0.999463 0.031856 -0.811555 0.007557 -0.031913 0.999462 359.138413
0.999938 -0.007742 -0.007946 -1.479646 0.007995 0.999444 0.032363 -0.797875 0.007691 -0.032424 0.999445 360.721580
0.999932 -0.008553 -0.007898 -1.493832 0.008792 0.999488 0.030780 -0.786541 0.007631 -0.030848 0.999495 362.313872
0.999924 -0.009566 -0.007799 -1.509983 0.009802 0.999476 0.030848 -0.769783 0.007500 -0.030922 0.999494 363.905823
0.999903 -0.011593 -0.007715 -1.528968 0.011839 0.999399 0.032575 -0.753596 0.007333 -0.032664 0.999440 365.496645
0.999894 -0.012118 -0.008047 -1.547418 0.012374 0.999392 0.032608 -0.737839 0.007647 -0.032704 0.999436 367.087500
0.999901 -0.011742 -0.007812 -1.566042 0.011984 0.999423 0.031785 -0.717801 0.007434 -0.031875 0.999464 368.681536
0.999923 -0.009858 -0.007475 -1.581751 0.010092 0.999439 0.031924 -0.703918 0.007156 -0.031997 0.999462 370.284435
0.999942 -0.008452 -0.006711 -1.598220 0.008669 0.999414 0.033100 -0.684667 0.006427 -0.033156 0.999430 371.890742
0.999953 -0.007442 -0.006159 -1.615270 0.007645 0.999404 0.033649 -0.667727 0.005905 -0.033694 0.999415 373.510486
0.999954 -0.007521 -0.005885 -1.635063 0.007711 0.999430 0.032862 -0.651135 0.005634 -0.032906 0.999443 375.117219
0.999956 -0.007379 -0.005851 -1.654285 0.007566 0.999443 0.032497 -0.632768 0.005607 -0.032540 0.999455 376.720342
0.999955 -0.007595 -0.005660 -1.673679 0.007776 0.999439 0.032591 -0.615180 0.005409 -0.032633 0.999453 378.320854
0.999962 -0.006822 -0.005435 -1.694454 0.006996 0.999443 0.032627 -0.597616 0.005209 -0.032664 0.999453 379.928504
0.999975 -0.004954 -0.005073 -1.712369 0.005120 0.999430 0.033376 -0.576455 0.004905 -0.033402 0.999430 381.553704
0.999980 -0.004079 -0.004901 -1.733880 0.004242 0.999422 0.033742 -0.556818 0.004760 -0.033762 0.999419 383.173458
0.999983 -0.003267 -0.004729 -1.754421 0.003422 0.999447 0.033081 -0.539777 0.004619 -0.033096 0.999441 384.787441
0.999987 -0.001955 -0.004659 -1.772389 0.002108 0.999452 0.033044 -0.515247 0.004591 -0.033053 0.999443 386.410301
0.999990 -0.000216 -0.004382 -1.790110 0.000363 0.999435 0.033602 -0.492502 0.004373 -0.033603 0.999426 388.027281
0.999992 0.000493 -0.004014 -1.803543 -0.000353 0.999394 0.034806 -0.475594 0.004028 -0.034804 0.999386 389.656678
0.999992 0.001268 -0.003797 -1.822452 -0.001135 0.999398 0.034668 -0.455829 0.003839 -0.034664 0.999392 391.293178
0.999994 0.001183 -0.003347 -1.835928 -0.001066 0.999396 0.034749 -0.432325 0.003386 -0.034745 0.999390 392.913372
0.999994 0.001397 -0.003053 -1.843660 -0.001287 0.999360 0.035758 -0.406402 0.003101 -0.035754 0.999356 394.535408
