1.000000 0.000000 0.000000 0.000000 -0.000000 1.000000 0.000000 0.000000 -0.000000 0.000000 1.000000 0.000000
0.999954 0.000959 -0.009569 -0.004644 -0.000951 0.999999 0.000892 0.006755 0.009570 -0.000883 0.999954 0.117420
0.999860 0.000931 -0.016703 -0.014413 -0.000927 1.000000 0.000235 -0.003305 0.016703 -0.000219 0.999860 0.217327
0.999690 0.001068 -0.024859 -0.028903 -0.001083 0.999999 -0.000611 -0.005711 0.024859 0.000637 0.999691 0.321078
0.999390 0.001385 -0.034895 -0.041561 -0.001463 0.999996 -0.002212 -0.007953 0.034892 0.002261 0.999389 0.427685
0.998884 0.001760 -0.047199 -0.059609 -0.001923 0.999992 -0.003408 -0.006941 0.047192 0.003495 0.998880 0.548598
0.998086 0.001379 -0.061822 -0.080018 -0.001638 0.999990 -0.004139 -0.012190 0.061815 0.004232 0.998079 0.679758
0.996839 0.001434 -0.079436 -0.107510 -0.001755 0.999991 -0.003973 -0.013798 0.079430 0.004100 0.996832 0.826099
0.995102 0.000241 -0.098853 -0.147972 -0.000635 0.999992 -0.003958 -0.012874 0.098852 0.004001 0.995094 0.980856
0.992802 -0.000394 -0.119769 -0.178333 -0.000078 0.999992 -0.003934 -0.017019 0.119770 0.003915 0.992794 1.140928
0.989732 0.000627 -0.142934 -0.225390 -0.001301 0.999988 -0.004624 -0.020171 0.142929 0.004762 0.989721 1.316007
0.985801 0.005264 -0.167838 -0.286345 -0.006352 0.999962 -0.005947 -0.028998 0.167800 0.006929 0.985797 1.506163
0.980960 0.009443 -0.193980 -0.354003 -0.011068 0.999912 -0.007295 -0.037472 0.193895 0.009303 0.980978 1.681859
0.974986 0.011705 -0.221959 -0.427568 -0.013745 0.999876 -0.007649 -0.043151 0.221842 0.010508 0.975026 1.856129
0.967928 0.012077 -0.250938 -0.498365 -0.014491 0.999865 -0.007774 -0.049983 0.250810 0.011161 0.967972 2.039798
0.959358 0.014586 -0.281815 -0.583732 -0.017115 0.999832 -0.006516 -0.052855 0.281672 0.011075 0.959447 2.236110
0.949262 0.016153 -0.314072 -0.687648 -0.018817 0.999808 -0.005453 -0.057707 0.313924 0.011086 0.949384 2.427489
0.937290 0.018841 -0.348041 -0.792472 -0.022006 0.999745 -0.005144 -0.061847 0.347855 0.012480 0.937465 2.627837
0.924471 0.021679 -0.380636 -0.914884 -0.025284 0.999670 -0.004472 -0.062629 0.380413 0.013758 0.924714 2.817424
0.909586 0.024319 -0.414803 -1.048277 -0.028729 0.999578 -0.004395 -0.065374 0.414521 0.015914 0.909901 3.004566
0.892591 0.024015 -0.450226 -1.183942 -0.028437 0.999591 -0.003058 -0.062780 0.449969 0.015533 0.892909 3.196545
0.872912 0.017857 -0.487551 -1.326925 -0.022553 0.999739 -0.003762 -0.063821 0.487357 0.014280 0.873086 3.382567
0.850389 0.015392 -0.525930 -1.475739 -0.019740 0.999802 -0.002657 -0.067630 0.525785 0.012642 0.850524 3.575070
0.824055 0.020221 -0.566148 -1.654008 -0.023538 0.999722 0.001446 -0.069383 0.566020 0.012134 0.824302 3.761617
0.793728 0.025934 -0.607719 -1.858038 -0.028955 0.999569 0.004839 -0.077842 0.607583 0.013756 0.794137 3.932886
0.759612 0.028066 -0.649770 -2.070099 -0.031499 0.999484 0.006348 -0.082178 0.649613 0.015645 0.760104 4.095128
0.722372 0.025973 -0.691017 -2.290553 -0.028544 0.999563 0.007730 -0.081753 0.690915 0.014140 0.722797 4.260508
0.681179 0.022157 -0.731782 -2.520311 -0.022395 0.999705 0.009423 -0.080985 0.731775 0.009969 0.681474 4.430910
0.638005 0.019834 -0.769777 -2.764052 -0.018459 0.999775 0.010461 -0.078889 0.769811 0.007535 0.638227 4.580168
0.591868 0.020548 -0.805773 -3.030717 -0.016550 0.999774 0.013339 -0.080079 0.805865 0.005441 0.592074 4.720183
0.542430 0.020996 -0.839838 -3.322352 -0.014256 0.999774 0.015787 -0.077609 0.839980 0.003410 0.542607 4.851683
0.490823 0.022671 -0.870964 -3.625774 -0.014055 0.999737 0.018103 -0.074237 0.871146 0.003356 0.491013 4.974147
0.437439 0.024696 -0.898909 -3.948718 -0.012916 0.999692 0.021179 -0.068298 0.899156 0.002345 0.437623 5.078633
0.382391 0.026845 -0.923610 -4.294725 -0.012089 0.999638 0.024050 -0.062165 0.923922 0.001969 0.382577 5.169520
0.327213 0.029233 -0.944498 -4.655885 -0.011010 0.999571 0.027123 -0.059993 0.944887 0.001524 0.327395 5.243063
0.272165 0.032670 -0.961696 -5.035773 -0.007699 0.999465 0.031774 -0.056082 0.962220 -0.001243 0.272271 5.309382
0.220002 0.033606 -0.974920 -5.430304 -0.002967 0.999425 0.033781 -0.055078 0.975495 -0.004539 0.219975 5.366943
0.170678 0.034393 -0.984726 -5.832741 -0.002381 0.999402 0.034493 -0.048976 0.985324 -0.003543 0.170657 5.401538
0.125266 0.035297 -0.991495 -6.247359 -0.005344 0.999376 0.034903 -0.042276 0.992109 0.000926 0.125376 5.410198
0.085106 0.034570 -0.995772 -6.681672 -0.006112 0.999397 0.034174 -0.033383 0.996353 0.003178 0.085266 5.408596
0.049042 0.032720 -0.998260 -7.137745 -0.006754 0.999451 0.032427 -0.020697 0.998774 0.005151 0.049236 5.399062
0.016749 0.030195 -0.999404 -7.609613 -0.005305 0.999533 0.030110 -0.011547 0.999846 0.004798 0.016902 5.389698
-0.012714 0.028048 -0.999526 -8.087632 -0.005598 0.999589 0.028121 -0.006071 0.999904 0.005952 -0.012552 5.361761
-0.036397 0.026265 -0.998992 -8.586028 -0.006633 0.999626 0.026523 0.002353 0.999316 0.007592 -0.036209 5.326696
-0.055181 0.023919 -0.998190 -9.101707 -0.006656 0.999682 0.024323 0.010164 0.998454 0.007986 -0.055004 5.279378
-0.070175 0.023642 -0.997254 -9.636941 -0.005794 0.999693 0.024108 0.024523 0.997518 0.007470 -0.070016 5.231359
-0.081726 0.024723 -0.996348 -10.181625 -0.006368 0.999659 0.025327 0.034251 0.996635 0.008415 -0.081541 5.181674
-0.089815 0.026036 -0.995618 -10.755885 -0.008043 0.999607 0.026866 0.033845 0.995926 0.010421 -0.089570 5.120584
-0.095697 0.027015 -0.995044 -11.338904 -0.008301 0.999575 0.027937 0.033865 0.995376 0.010934 -0.095433 5.048725
-0.099319 0.028133 -0.994658 -11.922124 -0.006562 0.999560 0.028926 0.044629 0.995034 0.009400 -0.099091 4.976002
-0.099365 0.029743 -0.994606 -12.525663 -0.003752 0.999535 0.030265 0.059908 0.995044 0.006739 -0.099207 4.927817
-0.097672 0.032278 -0.994695 -13.164389 -0.003640 0.999456 0.032790 0.074244 0.995212 0.006824 -0.097502 4.867722
-0.096307 0.034349 -0.994759 -13.814105 -0.005867 0.999367 0.035076 0.085333 0.995335 0.009214 -0.096045 4.798393
-0.094535 0.032954 -0.994976 -14.475916 -0.005954 0.999415 0.033666 0.089955 0.995504 0.009106 -0.094283 4.730149
-0.092970 0.031038 -0.995185 -15.150637 -0.007600 0.999463 0.031881 0.103150 0.995640 0.010528 -0.092684 4.657825
-0.091395 0.032158 -0.995295 -15.829807 -0.007810 0.999425 0.033008 0.124419 0.995784 0.010790 -0.091091 4.593068
-0.089803 0.035577 -0.995324 -16.529416 -0.010070 0.999278 0.036627 0.146706 0.995909 0.013312 -0.089380 4.531288
-0.088284 0.038979 -0.995332 -17.252106 -0.009985 0.999149 0.040015 0.157509 0.996046 0.013471 -0.087819 4.459336
-0.086478 0.040014 -0.995450 -17.979325 -0.010619 0.999099 0.041084 0.165582 0.996197 0.014123 -0.085975 4.387153
-0.084363 0.039156 -0.995665 -18.724485 -0.010230 0.999141 0.040159 0.188850 0.996383 0.013573 -0.083890 4.324324
-0.083006 0.036695 -0.995873 -19.489220 -0.013829 0.999183 0.037970 0.212978 0.996453 0.016924 -0.082431 4.252136
-0.081389 0.037451 -0.995978 -20.263677 -0.013648 0.999158 0.038686 0.232398 0.996589 0.016741 -0.080809 4.182414
-0.080032 0.039626 -0.996004 -21.058275 -0.010886 0.999115 0.040624 0.254255 0.996733 0.014094 -0.079530 4.123246
-0.078894 0.042433 -0.995979 -21.851321 -0.008277 0.999031 0.043219 0.268756 0.996849 0.011653 -0.078466 4.055142
-0.077867 0.041883 -0.996083 -22.653220 -0.008785 0.999050 0.042695 0.281531 0.996925 0.012076 -0.077425 3.994975
-0.077130 0.035524 -0.996388 -23.461586 -0.008115 0.999310 0.036257 0.295271 0.996988 0.010883 -0.076789 3.932431
-0.076842 0.029585 -0.996604 -24.265076 -0.003928 0.999543 0.029975 0.310665 0.997036 0.006218 -0.076690 3.871652
-0.077272 0.027011 -0.996644 -25.086859 -0.002216 0.999626 0.027264 0.329553 0.997008 0.004316 -0.077183 3.806964
-0.077491 0.030694 -0.996520 -25.917305 -0.003359 0.999512 0.031047 0.347286 0.996988 0.005753 -0.077350 3.737634
-0.077604 0.039670 -0.996195 -26.754955 -0.002738 0.999196 0.040003 0.355733 0.996981 0.005832 -0.077433 3.673172
-0.078119 0.045966 -0.995884 -27.592960 -0.002676 0.998923 0.046317 0.373380 0.996941 0.006284 -0.077912 3.598103
-0.078667 0.049265 -0.995683 -28.434291 -0.007353 0.998722 0.049996 0.393018 0.996874 0.011254 -0.078205 3.526180
-0.079009 0.048488 -0.995694 -29.280098 -0.006333 0.998772 0.049141 0.410660 0.996854 0.010188 -0.078605 3.455473
-0.079297 0.045139 -0.995828 -30.105446 -0.005738 0.998937 0.045737 0.433316 0.996835 0.009341 -0.078953 3.389978
-0.079467 0.043795 -0.995875 -30.936200 -0.005868 0.998997 0.044400 0.453271 0.996820 0.009372 -0.079131 3.323450
-0.079667 0.045552 -0.995780 -31.757509 -0.007776 0.998897 0.046317 0.469819 0.996791 0.011433 -0.079225 3.246727
-0.079839 0.047468 -0.995677 -32.589608 -0.009297 0.998787 0.048362 0.493256 0.996765 0.013118 -0.079301 3.176773
-0.079474 0.044124 -0.995860 -33.438343 -0.010575 0.998926 0.045104 0.508838 0.996781 0.014116 -0.078922 3.106273
-0.078528 0.039408 -0.996133 -34.276415 -0.009707 0.999141 0.040292 0.525867 0.996865 0.012834 -0.078078 3.030278
-0.078743 0.036894 -0.996212 -35.110274 -0.012031 0.999207 0.037956 0.547313 0.996823 0.014975 -0.078237 2.961206
-0.077812 0.038535 -0.996223 -35.951802 -0.011677 0.999149 0.039560 0.563224 0.996900 0.014711 -0.077296 2.888699
-0.077523 0.041617 -0.996121 -36.773689 -0.011562 0.999024 0.042638 0.576254 0.996924 0.014823 -0.076967 2.823174
-0.077199 0.048957 -0.995813 -37.578702 -0.007778 0.998734 0.049703 0.595063 0.996986 0.011583 -0.076720 2.757413
-0.077170 0.051217 -0.995701 -38.402819 -0.012916 0.998545 0.052364 0.621079 0.996934 0.016902 -0.076396 2.691815
-0.077187 0.054940 -0.995502 -39.252446 -0.011725 0.998362 0.056007 0.647381 0.996948 0.015995 -0.076416 2.619334
-0.076530 0.053167 -0.995649 -40.092639 -0.009250 0.998496 0.054030 0.670067 0.997025 0.013344 -0.075923 2.557949
-0.076447 0.049241 -0.995857 -40.926264 -0.009133 0.998703 0.050083 0.693846 0.997032 0.012924 -0.075898 2.488847
-0.075604 0.045493 -0.996099 -41.754666 -0.007511 0.998904 0.046191 0.709619 0.997110 0.010974 -0.075180 2.421385
-0.075938 0.042676 -0.996199 -42.577321 -0.014930 0.998923 0.043931 0.731707 0.997001 0.018209 -0.075219 2.344733
-0.076508 0.041259 -0.996215 -43.407787 -0.015893 0.998966 0.042593 0.750681 0.996942 0.019092 -0.075774 2.270021
-0.077458 0.038989 -0.996233 -44.226022 -0.013406 0.999104 0.040144 0.769124 0.996906 0.016464 -0.076866 2.207823
-0.078023 0.035260 -0.996328 -45.045905 -0.009814 0.999299 0.036134 0.778211 0.996903 0.012597 -0.077622 2.146047
-0.078885 0.035757 -0.996242 -45.867180 -0.006153 0.999320 0.036355 0.797199 0.996865 0.008998 -0.078612 2.085667
-0.081175 0.040188 -0.995889 -46.697525 -0.008567 0.999122 0.041017 0.815263 0.996663 0.011862 -0.080760 2.014234
-0.082954 0.046101 -0.995486 -47.529180 -0.005988 0.998888 0.046758 0.829987 0.996536 0.009840 -0.082585 1.941103
-0.085168 0.048354 -0.995192 -48.352556 -0.002804 0.998806 0.048769 0.843244 0.996363 0.006944 -0.084931 1.865798
-0.086106 0.046447 -0.995203 -49.154741 -0.003677 0.998891 0.046937 0.858703 0.996279 0.007701 -0.085840 1.794888
-0.087220 0.042622 -0.995277 -49.948394 -0.006926 0.999034 0.043390 0.876890 0.996165 0.010678 -0.086840 1.711747
-0.088558 0.039627 -0.995282 -50.742812 -0.011930 0.999094 0.040840 0.891954 0.996000 0.015490 -0.088005 1.627127
-0.089792 0.038897 -0.995200 -51.544857 -0.015403 0.999063 0.040437 0.908022 0.995842 0.018960 -0.089109 1.543404
-0.090746 0.040982 -0.995030 -52.336975 -0.015970 0.998965 0.042601 0.924588 0.995746 0.019756 -0.089998 1.464732
-0.091723 0.041894 -0.994903 -53.121112 -0.015824 0.998927 0.043522 0.937111 0.995659 0.019736 -0.090962 1.388637
-0.092404 0.041264 -0.994866 -53.903436 -0.017625 0.998917 0.043069 0.948334 0.995566 0.021514 -0.091577 1.312423
-0.093278 0.042076 -0.994750 -54.675466 -0.018683 0.998857 0.044002 0.968037 0.995465 0.022689 -0.092385 1.230501
-0.093802 0.044300 -0.994605 -55.454341 -0.016096 0.998811 0.046006 0.984253 0.995461 0.020325 -0.092978 1.153069
-0.093865 0.047719 -0.994440 -56.239621 -0.016728 0.998634 0.049499 1.004838 0.995445 0.021281 -0.092939 1.074235
-0.093726 0.051454 -0.994267 -57.017438 -0.017379 0.998427 0.053307 1.021552 0.995447 0.022275 -0.092684 1.001560
-0.094557 0.053456 -0.994083 -57.765625 -0.015823 0.998350 0.055190 1.043359 0.995394 0.020948 -0.093556 0.922234
-0.095130 0.053135 -0.994046 -58.507451 -0.015244 0.998380 0.054826 1.063932 0.995348 0.020368 -0.094166 0.849514
-0.095075 0.050662 -0.994180 -59.251227 -0.014206 0.998533 0.052242 1.083420 0.995369 0.019090 -0.094216 0.780568
-0.095100 0.047995 -0.994310 -59.981501 -0.013711 0.998679 0.049517 1.107371 0.995373 0.018342 -0.094317 0.705446
-0.094625 0.044776 -0.994505 -60.697879 -0.014900 0.998812 0.046388 1.119094 0.995402 0.019208 -0.093846 0.627256
-0.092869 0.042926 -0.994752 -61.407277 -0.014742 0.998901 0.044481 1.128558 0.995569 0.018795 -0.092134 0.554324
-0.089582 0.043175 -0.995043 -62.103606 -0.016471 0.998859 0.044823 1.143745 0.995843 0.020405 -0.088768 0.493565
-0.084499 0.044705 -0.995420 -62.773358 -0.015102 0.998821 0.046140 1.157900 0.996309 0.018932 -0.083724 0.436056
-0.077939 0.045772 -0.995907 -63.426905 -0.014318 0.998791 0.047025 1.164600 0.996856 0.017925 -0.077189 0.384527
-0.070364 0.047064 -0.996410 -64.067560 -0.015884 0.998707 0.048294 1.176180 0.997395 0.019225 -0.069525 0.344243
-0.060528 0.048982 -0.996964 -64.690131 -0.016877 0.998602 0.050087 1.191941 0.998024 0.019858 -0.059617 0.304218
-0.047373 0.050867 -0.997581 -65.302599 -0.020212 0.998449 0.051871 1.207273 0.998673 0.022621 -0.046272 0.274583
-0.031093 0.052433 -0.998140 -65.901624 -0.023876 0.998299 0.053186 1.223065 0.999231 0.025486 -0.029788 0.256854
-0.011383 0.053665 -0.998494 -66.472713 -0.026201 0.998200 0.053948 1.238739 0.999592 0.026776 -0.009956 0.246954
0.012566 0.054527 -0.998433 -67.037076 -0.026552 0.998178 0.054179 1.253934 0.999569 0.025829 0.013991 0.267611
0.039480 0.054666 -0.997724 -67.560920 -0.024859 0.998247 0.053711 1.263071 0.998911 0.022682 0.040770 0.298537
0.071183 0.054728 -0.995961 -68.068947 -0.022987 0.998318 0.053215 1.280360 0.997199 0.019106 0.072321 0.359113
0.107665 0.054694 -0.992681 -68.554693 -0.022704 0.998360 0.052545 1.286716 0.993928 0.016881 0.108730 0.447466
0.146278 0.054612 -0.987735 -69.008439 -0.022947 0.998394 0.051803 1.298118 0.988978 0.015088 0.147296 0.540618
0.188286 0.055091 -0.980568 -69.455288 -0.023429 0.998393 0.051594 1.310436 0.981835 0.013259 0.189275 0.645532
0.234145 0.055717 -0.970604 -69.894199 -0.022616 0.998398 0.051856 1.318694 0.971939 0.009809 0.235030 0.774876
0.282959 0.052662 -0.957685 -70.319047 -0.017596 0.998608 0.049714 1.326076 0.958971 0.002785 0.283492 0.944695
0.333189 0.046888 -0.941693 -70.723629 -0.010008 0.998882 0.046195 1.328914 0.942807 -0.005967 0.333286 1.142286
0.384711 0.042235 -0.922070 -71.110295 -0.006650 0.999054 0.042986 1.339395 0.923013 -0.010405 0.384628 1.360186
0.436288 0.038239 -0.898994 -71.481291 -0.002126 0.999138 0.041466 1.351496 0.899805 -0.016180 0.435993 1.589308
0.485720 0.038824 -0.873252 -71.847606 -0.005189 0.999124 0.041534 1.363705 0.874099 -0.015643 0.485496 1.832961
0.532037 0.036072 -0.845952 -72.194504 -0.002083 0.999145 0.041294 1.374403 0.846718 -0.020208 0.531657 2.099286
0.576054 0.030548 -0.816841 -72.516901 0.009357 0.998990 0.043959 1.385314 0.817358 -0.032966 0.575186 2.391170
0.619038 0.023583 -0.785007 -72.817840 0.016505 0.998938 0.043026 1.385285 0.785188 -0.039591 0.617991 2.705200
0.660999 0.020030 -0.750119 -73.105557 0.014079 0.999137 0.039085 1.389956 0.750255 -0.036396 0.660146 3.026907
0.701387 0.013618 -0.712651 -73.380861 0.010327 0.999518 0.029263 1.396471 0.712706 -0.027884 0.700908 3.339619
0.740952 0.007984 -0.671511 -73.639914 0.005579 0.999822 0.018042 1.404949 0.671535 -0.017115 0.740775 3.675535
0.779225 0.006261 -0.626712 -73.894978 0.000809 0.999939 0.010996 1.414162 0.626743 -0.009075 0.779173 4.038330
0.814593 0.005539 -0.580006 -74.140865 -0.000049 0.999955 0.009481 1.418046 0.580033 -0.007694 0.814557 4.439722
0.847568 0.004068 -0.530670 -74.370575 -0.000610 0.999977 0.006691 1.422344 0.530686 -0.005347 0.847552 4.875522
0.876561 0.004964 -0.481266 -74.585967 -0.002920 0.999983 0.004997 1.420122 0.481282 -0.002975 0.876561 5.327669
0.900195 0.008239 -0.435410 -74.784086 -0.005231 0.999953 0.008107 1.413903 0.435456 -0.005020 0.900196 5.799954
0.920020 0.013688 -0.391632 -74.981039 -0.012212 0.999906 0.006261 1.410083 0.391681 -0.000978 0.920101 6.303490
0.935889 0.017910 -0.351839 -75.168366 -0.017098 0.999839 0.005416 1.410596 0.351879 0.000947 0.936045 6.819600
0.947723 0.022080 -0.318328 -75.339333 -0.020829 0.999756 0.007331 1.411008 0.318412 -0.000318 0.947952 7.366908
0.956849 0.021771 -0.289770 -75.502943 -0.020066 0.999759 0.008855 1.401791 0.289893 -0.002659 0.957055 7.951983
0.963563 0.020077 -0.266727 -75.651243 -0.018097 0.999787 0.009880 1.394578 0.266869 -0.004693 0.963722 8.540971
0.968795 0.021018 -0.246971 -75.792919 -0.018427 0.999748 0.012797 1.394098 0.247178 -0.007846 0.968938 9.140025
0.972884 0.024921 -0.229946 -75.933349 -0.022106 0.999646 0.014811 1.395219 0.230233 -0.009326 0.973091 9.758458
0.976197 0.029410 -0.214883 -76.078518 -0.026388 0.999509 0.016921 1.395280 0.215275 -0.010848 0.976493 10.400255
0.978783 0.031320 -0.202491 -76.217443 -0.028473 0.999451 0.016958 1.393720 0.202911 -0.010833 0.979137 11.046423
0.981572 0.029532 -0.188798 -76.339928 -0.026775 0.999495 0.017135 1.394623 0.189209 -0.011764 0.981866 11.716823
0.984091 0.029790 -0.175151 -76.458939 -0.027202 0.999483 0.017160 1.397681 0.175572 -0.012123 0.984392 12.390907
0.986475 0.031180 -0.160922 -76.574487 -0.028658 0.999428 0.017971 1.399642 0.161390 -0.013116 0.986804 13.081541
0.988569 0.031848 -0.147368 -76.680761 -0.029587 0.999409 0.017509 1.401379 0.147839 -0.012948 0.988927 13.793291
0.990343 0.031051 -0.135118 -76.781421 -0.029377 0.999465 0.014373 1.396496 0.135492 -0.010264 0.990725 14.527459
0.991743 0.031815 -0.124233 -76.867623 -0.031133 0.999488 0.007429 1.390138 0.124405 -0.003500 0.992225 15.269732
0.992886 0.029436 -0.115377 -76.945816 -0.029332 0.999566 0.002600 1.384868 0.115404 0.000803 0.993318 16.018345
0.993669 0.032202 -0.107634 -77.027685 -0.031786 0.999479 0.005575 1.388650 0.107758 -0.002118 0.994175 16.790812
0.994309 0.032881 -0.101335 -77.111995 -0.031625 0.999402 0.013983 1.376864 0.101734 -0.010698 0.994754 17.574290
0.994680 0.036556 -0.096306 -77.197081 -0.034642 0.999169 0.021474 1.371701 0.097011 -0.018023 0.995120 18.345914
0.994981 0.036176 -0.093295 -77.274446 -0.034285 0.999175 0.021787 1.365256 0.094007 -0.018479 0.995400 19.113807
0.995329 0.034511 -0.090166 -77.347662 -0.032715 0.999237 0.021323 1.366511 0.090833 -0.018273 0.995698 19.882035
0.995557 0.034885 -0.087463 -77.420533 -0.033175 0.999230 0.020939 1.367201 0.088126 -0.017945 0.995948 20.654801
0.995876 0.034191 -0.084037 -77.483591 -0.032306 0.999197 0.023694 1.370919 0.084780 -0.020881 0.996181 21.422991
0.996164 0.031060 -0.081812 -77.543867 -0.029039 0.999246 0.025784 1.363673 0.082551 -0.023309 0.996314 22.201727
0.996443 0.029979 -0.078759 -77.604571 -0.027952 0.999252 0.026719 1.367455 0.079501 -0.024423 0.996536 22.968464
0.996625 0.028360 -0.077037 -77.667734 -0.026790 0.999413 0.021332 1.360826 0.077596 -0.019196 0.996800 23.721554
0.996572 0.034094 -0.075378 -77.732832 -0.033173 0.999359 0.013444 1.364794 0.075788 -0.010897 0.997064 24.478108
0.996735 0.032715 -0.073812 -77.804148 -0.032342 0.999457 0.006241 1.356944 0.073976 -0.003834 0.997253 25.227681
0.996824 0.033925 -0.072044 -77.860978 -0.033671 0.999422 0.004738 1.348329 0.072164 -0.002298 0.997390 25.976905
0.996897 0.037104 -0.069426 -77.924413 -0.036635 0.999297 0.008022 1.343706 0.069674 -0.005453 0.997555 26.747218
0.996983 0.039250 -0.066964 -77.982938 -0.038516 0.999183 0.012220 1.332197 0.067389 -0.009604 0.997681 27.514192
0.996997 0.042777 -0.064548 -78.043456 -0.041804 0.998992 0.016352 1.324627 0.065182 -0.013604 0.997781 28.272926
0.997340 0.037741 -0.062366 -78.089734 -0.036721 0.999173 0.017434 1.315378 0.062972 -0.015098 0.997901 29.020984
0.997492 0.034802 -0.061639 -78.134038 -0.033774 0.999274 0.017643 1.309829 0.062208 -0.015517 0.997943 29.771230
0.997614 0.033752 -0.060233 -78.180481 -0.032759 0.999312 0.017388 1.305037 0.060779 -0.015374 0.998033 30.526339
0.997729 0.031716 -0.059414 -78.230181 -0.030827 0.999400 0.015821 1.299160 0.059880 -0.013953 0.998108 31.282769
0.997840 0.029074 -0.058905 -78.277962 -0.028236 0.999489 0.015003 1.297298 0.059311 -0.013307 0.998151 32.045431
0.997875 0.029422 -0.058141 -78.326742 -0.028554 0.999469 0.015719 1.293447 0.058573 -0.014025 0.998185 32.813752
0.997817 0.032439 -0.057520 -78.378185 -0.031590 0.999379 0.015608 1.290869 0.057990 -0.013757 0.998222 33.583490
0.997843 0.030088 -0.058343 -78.430651 -0.029229 0.999452 0.015533 1.287671 0.058778 -0.013794 0.998176 34.356548
0.997751 0.029731 -0.060073 -78.478769 -0.028846 0.999463 0.015542 1.284322 0.060503 -0.013774 0.998073 35.139251
0.997550 0.030738 -0.062850 -78.531374 -0.029787 0.999428 0.016021 1.285389 0.063307 -0.014109 0.997894 35.932051
0.997396 0.030001 -0.065585 -78.593561 -0.028958 0.999439 0.016805 1.277425 0.066052 -0.014862 0.997705 36.726966
0.997071 0.034378 -0.068323 -78.659905 -0.033457 0.999334 0.014582 1.272030 0.068779 -0.012254 0.997557 37.516859
0.996973 0.031293 -0.071168 -78.731190 -0.030640 0.999478 0.010248 1.259369 0.071452 -0.008036 0.997412 38.317658
0.996747 0.032185 -0.073888 -78.798434 -0.031757 0.999471 0.006955 1.254392 0.074073 -0.004586 0.997242 39.114113
0.996673 0.030677 -0.075515 -78.863479 -0.030209 0.999517 0.007328 1.249331 0.075704 -0.005023 0.997118 39.919839
0.996491 0.031240 -0.077656 -78.934707 -0.030685 0.999494 0.008340 1.241156 0.077877 -0.005928 0.996945 40.759967
0.996388 0.029159 -0.079755 -78.998613 -0.028462 0.999546 0.009861 1.230928 0.080007 -0.007556 0.996766 41.595914
0.996241 0.030464 -0.081096 -79.069804 -0.029607 0.999493 0.011744 1.222812 0.081412 -0.009299 0.996637 42.436612
0.996219 0.029745 -0.081621 -79.142792 -0.028573 0.999472 0.015491 1.218321 0.082039 -0.013101 0.996543 43.286135
0.996149 0.029062 -0.082722 -79.219714 -0.027495 0.999421 0.020027 1.215244 0.083256 -0.017675 0.996371 44.139718
0.996262 0.031174 -0.080562 -79.297001 -0.029501 0.999325 0.021882 1.217161 0.081190 -0.019424 0.996509 44.987134
0.996321 0.032996 -0.079092 -79.376440 -0.031319 0.999260 0.022349 1.222148 0.079771 -0.019790 0.996617 45.836511
0.996492 0.031913 -0.077365 -79.446300 -0.030447 0.999335 0.020060 1.217140 0.077954 -0.017634 0.996801 46.708488
0.996732 0.028182 -0.075697 -79.520031 -0.026880 0.999474 0.018160 1.217954 0.076169 -0.016066 0.996965 47.583910
0.996928 0.026186 -0.073821 -79.581599 -0.025014 0.999547 0.016754 1.216804 0.074226 -0.014856 0.997131 48.458682
0.997071 0.025898 -0.071968 -79.644638 -0.024702 0.999542 0.017460 1.218832 0.072387 -0.015631 0.997254 49.335767
0.997195 0.023318 -0.071118 -79.709813 -0.021917 0.999551 0.020407 1.215532 0.071562 -0.018791 0.997259 50.218172
0.997298 0.020917 -0.070424 -79.767245 -0.019379 0.999560 0.022451 1.210616 0.070863 -0.021025 0.997264 51.104853
0.997390 0.021439 -0.068947 -79.830780 -0.019952 0.999555 0.022185 1.210550 0.069392 -0.020751 0.997374 51.980178
0.997459 0.020920 -0.068103 -79.901489 -0.019712 0.999637 0.018356 1.207329 0.068462 -0.016967 0.997509 52.845899
0.997341 0.027491 -0.067497 -79.970467 -0.026735 0.999570 0.012080 1.199827 0.067801 -0.010244 0.997646 53.709228
0.997396 0.027109 -0.066829 -80.045400 -0.026724 0.999621 0.006644 1.185504 0.066984 -0.004841 0.997742 54.557951
0.997287 0.032605 -0.065994 -80.112510 -0.032569 0.999468 0.001633 1.181553 0.066012 0.000521 0.997819 55.408751
0.997322 0.033096 -0.065215 -80.176071 -0.033019 0.999452 0.002254 1.160944 0.065254 -0.000095 0.997869 56.265597
0.997453 0.028238 -0.065492 -80.230509 -0.027521 0.999551 0.011824 1.145474 0.065797 -0.009991 0.997783 57.124826
0.997389 0.029938 -0.065722 -80.288245 -0.028548 0.999351 0.021983 1.135649 0.066338 -0.020049 0.997596 57.993156
0.997365 0.026501 -0.067540 -80.357277 -0.024884 0.999386 0.024667 1.132630 0.068152 -0.022921 0.997412 58.846645
0.997240 0.023721 -0.070349 -80.415243 -0.022228 0.999512 0.021928 1.135503 0.070835 -0.020303 0.997281 59.685320
0.997209 0.018170 -0.072420 -80.473372 -0.016777 0.999663 0.019801 1.129737 0.072756 -0.018530 0.997178 60.517375
0.996971 0.020292 -0.075074 -80.540998 -0.018995 0.999658 0.017949 1.124951 0.075413 -0.016469 0.997016 61.347700
0.996729 0.019984 -0.078309 -80.610288 -0.018806 0.999699 0.015753 1.122462 0.078600 -0.014229 0.996805 62.170667
0.996371 0.023669 -0.081753 -80.682952 -0.022728 0.999664 0.012426 1.115589 0.082020 -0.010522 0.996575 62.987984
0.996104 0.021182 -0.085609 -80.768703 -0.020531 0.999753 0.008474 1.102602 0.085767 -0.006684 0.996293 63.799230
0.995771 0.024330 -0.088594 -80.849655 -0.023827 0.999693 0.006740 1.094281 0.088731 -0.004601 0.996045 64.604922
0.995350 0.029736 -0.091621 -80.936439 -0.029272 0.999551 0.006406 1.084641 0.091770 -0.003694 0.995773 65.422521
0.994787 0.035114 -0.095739 -81.034140 -0.034348 0.999363 0.009637 1.072871 0.096017 -0.006299 0.995360 66.231019
0.994408 0.035462 -0.099479 -81.126276 -0.033963 0.999283 0.016722 1.065840 0.100001 -0.013250 0.994899 67.033713
0.993963 0.035427 -0.103837 -81.215894 -0.033382 0.999214 0.021371 1.060984 0.104513 -0.017776 0.994365 67.830825
0.993445 0.032719 -0.109530 -81.305570 -0.030272 0.999255 0.023934 1.051728 0.110232 -0.020462 0.993695 68.630210
0.992689 0.034325 -0.115715 -81.407170 -0.031421 0.999146 0.026830 1.059258 0.116537 -0.022998 0.992920 69.420758
0.992071 0.031772 -0.121595 -81.503502 -0.028464 0.999179 0.028844 1.058260 0.122412 -0.025155 0.992161 70.209636
0.991258 0.032920 -0.127761 -81.606492 -0.029397 0.999136 0.029366 1.060783 0.128617 -0.025353 0.991370 70.973752
0.990336 0.037771 -0.133445 -81.730327 -0.034373 0.999026 0.027672 1.064416 0.134360 -0.022818 0.990670 71.747200
0.989452 0.037904 -0.139818 -81.850631 -0.034851 0.999099 0.024223 1.058982 0.140610 -0.019095 0.989881 72.525966
0.988745 0.035816 -0.145262 -81.967139 -0.033021 0.999221 0.021608 1.063716 0.145923 -0.016568 0.989157 73.289935
0.987897 0.039141 -0.150095 -82.093784 -0.036151 0.999091 0.022600 1.065082 0.150843 -0.016901 0.988413 74.049934
0.986976 0.042240 -0.155221 -82.226300 -0.038437 0.998885 0.027426 1.073881 0.156207 -0.021103 0.987499 74.811146
0.985923 0.041959 -0.161848 -82.363254 -0.037248 0.998793 0.032029 1.078653 0.162997 -0.025549 0.986296 75.586057
0.984954 0.039836 -0.168160 -82.498197 -0.034898 0.998871 0.032222 1.073446 0.169254 -0.025869 0.985233 76.353563
0.983704 0.037955 -0.175744 -82.633311 -0.033796 0.999075 0.026596 1.082945 0.176591 -0.020223 0.984077 77.093557
0.982079 0.038474 -0.184500 -82.773293 -0.035065 0.999149 0.021705 1.086444 0.185178 -0.014846 0.982593 77.832015
0.980390 0.032602 -0.194349 -82.927553 -0.028919 0.999345 0.021760 1.089002 0.194931 -0.015713 0.980691 78.574685
0.978073 0.034347 -0.205409 -83.096229 -0.029672 0.999227 0.025797 1.096075 0.206136 -0.019136 0.978336 79.322558
0.975657 0.031648 -0.217004 -83.278628 -0.025201 0.999157 0.032416 1.101133 0.217847 -0.026159 0.975632 80.059356
0.972825 0.036477 -0.228649 -83.460035 -0.028024 0.998802 0.040109 1.113468 0.229839 -0.032611 0.972682 80.797406
0.970134 0.033574 -0.240235 -83.654730 -0.024316 0.998847 0.041399 1.113460 0.241348 -0.034321 0.969831 81.531497
0.967106 0.036824 -0.251692 -83.851492 -0.029412 0.999018 0.033150 1.117955 0.252666 -0.024657 0.967239 82.241394
0.963926 0.033070 -0.264108 -84.061241 -0.027261 0.999300 0.025633 1.124146 0.264770 -0.017508 0.964153 82.940412
0.960501 0.030872 -0.276558 -84.276271 -0.024895 0.999375 0.025099 1.134787 0.277160 -0.017223 0.960669 83.642982
0.956968 0.033251 -0.288282 -84.502846 -0.025297 0.999191 0.031274 1.159458 0.289089 -0.022635 0.957035 84.357940
0.953596 0.036390 -0.298881 -84.733365 -0.025925 0.998907 0.038905 1.162071 0.299970 -0.029351 0.953497 85.077823
0.949720 0.034348 -0.311210 -84.976006 -0.022240 0.998854 0.042374 1.169039 0.312309 -0.033322 0.949396 85.790903
0.945616 0.033027 -0.323603 -85.222853 -0.021280 0.998982 0.039772 1.183178 0.324587 -0.030723 0.945357 86.499751
0.942049 0.030067 -0.334124 -85.473398 -0.019969 0.999235 0.033619 1.194629 0.334879 -0.024998 0.941929 87.202075
0.939080 0.026483 -0.342676 -85.741069 -0.018308 0.999466 0.027069 1.201781 0.343210 -0.019146 0.939063 87.896253
0.936096 0.022948 -0.350994 -86.009806 -0.015755 0.999604 0.023337 1.209678 0.351391 -0.016316 0.936087 88.592295
0.933279 0.025121 -0.358273 -86.284014 -0.018304 0.999581 0.022407 1.218047 0.358686 -0.014354 0.933348 89.292642
0.930221 0.030004 -0.365772 -86.578671 -0.023216 0.999467 0.022944 1.219093 0.366265 -0.012851 0.930422 89.993288
0.927063 0.027846 -0.373869 -86.868878 -0.019278 0.999459 0.026637 1.217035 0.374409 -0.017487 0.927099 90.683239
0.923976 0.028647 -0.381376 -87.162554 -0.017238 0.999297 0.033298 1.230621 0.382062 -0.024193 0.923820 91.388168
0.921561 0.032336 -0.386884 -87.460767 -0.016844 0.998917 0.043367 1.240353 0.387867 -0.033449 0.921108 92.107617
0.918570 0.046519 -0.392512 -87.779845 -0.030385 0.998422 0.047221 1.251395 0.394089 -0.031449 0.918534 92.809630
0.916111 0.046951 -0.398165 -88.107322 -0.033492 0.998610 0.040695 1.258040 0.399522 -0.023946 0.916411 93.509516
0.913645 0.044408 -0.404081 -88.424365 -0.034080 0.998883 0.032721 1.287638 0.405083 -0.016124 0.914138 94.195626
0.911999 0.037590 -0.408466 -88.724561 -0.028512 0.999193 0.028292 1.296008 0.409200 -0.014156 0.912335 94.873252
0.910155 0.042678 -0.412063 -89.051173 -0.033238 0.998996 0.030054 1.310125 0.412932 -0.013658 0.910659 95.565337
0.907764 0.046995 -0.416839 -89.389743 -0.035144 0.998731 0.036065 1.320092 0.418006 -0.018089 0.908264 96.273206
0.905298 0.045950 -0.422284 -89.731325 -0.032558 0.998714 0.038874 1.328978 0.423527 -0.021444 0.905630 96.989031
0.903193 0.042289 -0.427146 -90.064183 -0.029997 0.998921 0.035467 1.336025 0.428185 -0.019221 0.903487 97.682913
0.900705 0.041974 -0.432400 -90.408841 -0.032904 0.999054 0.028440 1.346484 0.433184 -0.011388 0.901233 98.363072
0.898463 0.038968 -0.437317 -90.756069 -0.031792 0.999213 0.023722 1.355804 0.437898 -0.007410 0.898994 99.056241
0.896265 0.041893 -0.441536 -91.102315 -0.034441 0.999097 0.024882 1.359579 0.442179 -0.007094 0.896899 99.745854
0.894261 0.043115 -0.445464 -91.461471 -0.034019 0.999018 0.028399 1.360030 0.446251 -0.010242 0.894849 100.437917
0.892284 0.041335 -0.449578 -91.812686 -0.031098 0.999062 0.030136 1.356468 0.450402 -0.012909 0.892733 101.129572
0.889763 0.042896 -0.454402 -92.172636 -0.032635 0.999005 0.030405 1.359893 0.455254 -0.012224 0.890278 101.809744
0.887811 0.041266 -0.458354 -92.521284 -0.031221 0.999078 0.029475 1.366365 0.459147 -0.011858 0.888281 102.476108
0.885679 0.039603 -0.462605 -92.873198 -0.029109 0.999132 0.029804 1.371654 0.463384 -0.012931 0.886063 103.138972
0.883546 0.038907 -0.466726 -93.228762 -0.027946 0.999147 0.030386 1.376703 0.467510 -0.013805 0.883880 103.803040
0.881356 0.041099 -0.470662 -93.593094 -0.030161 0.999072 0.030761 1.381622 0.471489 -0.012916 0.881777 104.462853
0.878946 0.040427 -0.475205 -93.959004 -0.029775 0.999109 0.029924 1.384421 0.475992 -0.012152 0.879366 105.122328
0.876687 0.037285 -0.479614 -94.321660 -0.028406 0.999265 0.025758 1.388150 0.480222 -0.008958 0.877102 105.772183
0.874673 0.034356 -0.483494 -94.688328 -0.027484 0.999395 0.021293 1.388724 0.483933 -0.005336 0.875089 106.429924
0.872615 0.034903 -0.487161 -95.054261 -0.028546 0.999383 0.020470 1.390809 0.487575 -0.003956 0.873072 107.076720
0.870745 0.037166 -0.490328 -95.418257 -0.027850 0.999266 0.026285 1.392370 0.490946 -0.009232 0.871141 107.713912
0.868861 0.043014 -0.493184 -95.794102 -0.028934 0.998927 0.036149 1.397990 0.494210 -0.017138 0.869174 108.350990
0.867418 0.042145 -0.495792 -96.161384 -0.022918 0.998733 0.044800 1.403095 0.497052 -0.027498 0.867285 108.993285
0.865765 0.041183 -0.498753 -96.528771 -0.020749 0.998705 0.046447 1.413127 0.500020 -0.029863 0.865499 109.626347
0.864102 0.037782 -0.501896 -96.881846 -0.017132 0.998809 0.045693 1.428732 0.503025 -0.030885 0.863720 110.213707
0.862552 0.037294 -0.504592 -97.212637 -0.018522 0.998939 0.042169 1.442307 0.505629 -0.027027 0.862327 110.782996
0.860784 0.035529 -0.507728 -97.542029 -0.017395 0.999031 0.040418 1.453283 0.508673 -0.025959 0.860569 111.344069
0.859513 0.033020 -0.510045 -97.872240 -0.015155 0.999119 0.039143 1.458631 0.510889 -0.025914 0.859256 111.892834
0.858184 0.032992 -0.512281 -98.197828 -0.014902 0.999113 0.039381 1.470875 0.513126 -0.026163 0.857914 112.428764
0.856855 0.034378 -0.514410 -98.520681 -0.015691 0.999051 0.040630 1.473068 0.515319 -0.026742 0.856581 112.949342
0.856078 0.033768 -0.515742 -98.811515 -0.014350 0.999032 0.041591 1.479629 0.516647 -0.028204 0.855734 113.434425
0.854668 0.032101 -0.518181 -99.094197 -0.011784 0.999029 0.042453 1.488184 0.519041 -0.030177 0.854216 113.900628
0.853537 0.030883 -0.520117 -99.372284 -0.010250 0.999044 0.042500 1.491807 0.520932 -0.030944 0.853037 114.356444
0.852309 0.029787 -0.522190 -99.638476 -0.009871 0.999115 0.040881 1.498215 0.522946 -0.029689 0.851849 114.787633
0.850911 0.030677 -0.524413 -99.907488 -0.013225 0.999228 0.036994 1.498916 0.525143 -0.024543 0.850660 115.200161
0.849001 0.026929 -0.527705 -100.160079 -0.010926 0.999382 0.033421 1.502143 0.528279 -0.022609 0.848770 115.588243
0.846692 0.023954 -0.531544 -100.396888 -0.008151 0.999453 0.032057 1.508405 0.532021 -0.022810 0.846424 115.960272
0.844021 0.020352 -0.535924 -100.624946 -0.003031 0.999445 0.033181 1.515123 0.536302 -0.026381 0.843614 116.320566
0.840699 0.023923 -0.540975 -100.845187 -0.006230 0.999385 0.034514 1.522742 0.541468 -0.025646 0.840330 116.661530
0.836688 0.027682 -0.546980 -101.066897 -0.008993 0.999282 0.036817 1.521713 0.547606 -0.025885 0.836336 116.979085
0.833165 0.035492 -0.551884 -101.290313 -0.014074 0.998976 0.042997 1.529564 0.552845 -0.028056 0.832812 117.278722
0.829233 0.038715 -0.557561 -101.496756 -0.013685 0.998705 0.048994 1.531525 0.558736 -0.032997 0.828689 117.564636
0.824231 0.038871 -0.564918 -101.690395 -0.011696 0.998597 0.051648 1.536748 0.566133 -0.035963 0.823529 117.834366
0.818734 0.035343 -0.573084 -101.869883 -0.006156 0.998587 0.052789 1.541444 0.574140 -0.039692 0.817795 118.088644
0.811356 0.034960 -0.583505 -102.046295 -0.004298 0.998540 0.053850 1.549682 0.584536 -0.041184 0.810322 118.329319
0.802455 0.033194 -0.595789 -102.208864 -0.000432 0.998484 0.055048 1.550093 0.596713 -0.043916 0.801253 118.535392
0.791911 0.034303 -0.609672 -102.380994 -0.000524 0.998459 0.055497 1.555998 0.610636 -0.043629 0.790709 118.730164
0.778967 0.035357 -0.626068 -102.564282 -0.001434 0.998507 0.054606 1.556729 0.627064 -0.041638 0.777854 118.901326
0.764674 0.033232 -0.643559 -102.733796 -0.000464 0.998698 0.051019 1.555405 0.644417 -0.038714 0.763694 119.064205
0.749864 0.031030 -0.660864 -102.897819 -0.000890 0.998946 0.045894 1.560662 0.661592 -0.033825 0.749101 119.214678
0.735192 0.027922 -0.677284 -103.053460 -0.000420 0.999170 0.040737 1.564086 0.677859 -0.029665 0.734593 119.351035
0.720402 0.029124 -0.692945 -103.217381 -0.004863 0.999306 0.036944 1.571574 0.693540 -0.023245 0.720043 119.482773
0.703787 0.033735 -0.709610 -103.394072 -0.012065 0.999295 0.035541 1.575787 0.710309 -0.016452 0.703698 119.604474
0.686333 0.034414 -0.726472 -103.561969 -0.011983 0.999279 0.036016 1.583723 0.727188 -0.016014 0.686251 119.720977
0.668089 0.032928 -0.743353 -103.723590 -0.008045 0.999282 0.037035 1.593655 0.744038 -0.018762 0.667874 119.854289
0.648134 0.032374 -0.760838 -103.896353 -0.004761 0.999249 0.038463 1.600762 0.761512 -0.021307 0.647801 119.977937
0.625500 0.035339 -0.779423 -104.082494 -0.005613 0.999152 0.040797 1.606706 0.780204 -0.021144 0.625168 120.088898
0.601818 0.039844 -0.797639 -104.266650 -0.008009 0.999006 0.043860 1.610990 0.798593 -0.020008 0.601539 120.190369
0.577922 0.043687 -0.814922 -104.464947 -0.009594 0.998861 0.046744 1.617331 0.816036 -0.019196 0.577683 120.293730
0.552858 0.046960 -0.831951 -104.664426 -0.010657 0.998728 0.049292 1.622758 0.833207 -0.018386 0.552655 120.386049
0.527097 0.050569 -0.848299 -104.857575 -0.013775 0.998605 0.050970 1.625755 0.849693 -0.015181 0.527059 120.462625
0.500588 0.055059 -0.863933 -105.057185 -0.017214 0.998411 0.053655 1.628449 0.865514 -0.011988 0.500741 120.537071
0.472644 0.057231 -0.879393 -105.254004 -0.017712 0.998304 0.055450 1.629928 0.881076 -0.010633 0.472856 120.608976
0.442344 0.055962 -0.895098 -105.458316 -0.015194 0.998376 0.054910 1.630867 0.896717 -0.010689 0.442476 120.677012
0.410307 0.052530 -0.910433 -105.680985 -0.014835 0.998592 0.050931 1.637277 0.911827 -0.007392 0.410508 120.743437
0.374996 0.048659 -0.925748 -105.922455 -0.013325 0.998801 0.047101 1.645542 0.926931 -0.005327 0.375195 120.809627
0.335175 0.047160 -0.940975 -106.179856 -0.012105 0.998880 0.045750 1.656039 0.942078 -0.003944 0.335371 120.863100
0.293670 0.045798 -0.954809 -106.462372 -0.010590 0.998946 0.044658 1.668656 0.955848 -0.003004 0.293846 120.915825
0.249056 0.043582 -0.967508 -106.765815 -0.008856 0.999048 0.042723 1.682120 0.968449 -0.002072 0.249204 120.950351
0.201340 0.040657 -0.978677 -107.081124 -0.006661 0.999172 0.040138 1.695730 0.979499 -0.001563 0.201444 120.976345
0.151344 0.039579 -0.987688 -107.408155 -0.004824 0.999216 0.039302 1.708306 0.988470 -0.001184 0.151416 120.979578
0.100970 0.039803 -0.994093 -107.755395 -0.003104 0.999207 0.039692 1.721900 0.994885 -0.000923 0.101014 120.975471
0.047797 0.041676 -0.997987 -108.106285 -0.000372 0.999130 0.041705 1.735403 0.998857 -0.001622 0.047771 120.947793
-0.005295 0.044283 -0.999005 -108.477572 0.004829 0.999008 0.044257 1.747213 0.999975 -0.004590 -0.005503 120.915397
-0.058349 0.046143 -0.997229 -108.857891 0.009625 0.998911 0.045657 1.755710 0.998250 -0.006935 -0.058730 120.864764
-0.112119 0.048399 -0.992515 -109.250302 0.015260 0.998779 0.046981 1.768422 0.993578 -0.009878 -0.112721 120.781961
-0.164512 0.050114 -0.985101 -109.645103 0.018352 0.998691 0.047741 1.780310 0.986205 -0.010225 -0.165216 120.687178
-0.215095 0.051614 -0.975228 -110.055220 0.022027 0.998605 0.047992 1.793668 0.976345 -0.011159 -0.215932 120.564322
-0.263703 0.052841 -0.963155 -110.472010 0.026642 0.998517 0.047486 1.807798 0.964236 -0.013139 -0.264720 120.415211
-0.311825 0.054648 -0.948567 -110.894111 0.033221 0.998361 0.046596 1.819762 0.949559 -0.016983 -0.313129 120.249966
-0.357422 0.056315 -0.932243 -111.331045 0.038885 0.998212 0.045391 1.833750 0.933133 -0.020027 -0.358973 120.058314
-0.400509 0.058148 -0.914446 -111.780392 0.043627 0.998063 0.044357 1.848860 0.915254 -0.022129 -0.402270 119.837449
-0.441600 0.059997 -0.895203 -112.223209 0.048514 0.997899 0.042949 1.862829 0.895899 -0.024464 -0.443583 119.576970
-0.478200 0.060188 -0.876186 -112.675018 0.049765 0.997903 0.041388 1.880149 0.876840 -0.023811 -0.480192 119.288889
-0.509624 0.060410 -0.858274 -113.132325 0.050927 0.997901 0.039998 1.891790 0.858889 -0.023326 -0.511631 118.992162
-0.534327 0.059947 -0.843149 -113.608401 0.051032 0.997950 0.038612 1.905392 0.843736 -0.022396 -0.536291 118.680114
-0.554086 0.057687 -0.830458 -114.087570 0.049002 0.998126 0.036639 1.919968 0.831016 -0.020393 -0.555875 118.344408
-0.569720 0.056449 -0.819898 -114.583270 0.047806 0.998225 0.035509 1.931720 0.820447 -0.018966 -0.571408 117.983860
-0.582324 0.056249 -0.811008 -115.080033 0.046925 0.998266 0.035543 1.950983 0.811601 -0.017359 -0.583954 117.619270
-0.592854 0.057256 -0.803272 -115.587625 0.048003 0.998208 0.035723 1.964448 0.803878 -0.017381 -0.594540 117.226436
-0.602015 0.058887 -0.796310 -116.126677 0.050021 0.998099 0.035993 1.974257 0.796917 -0.018164 -0.603816 116.810215
