1.000000 0.000000 0.000000 0.000000 -0.000000 1.000000 0.000000 0.000000 -0.000000 0.000000 1.000000 0.000000
0.999999 0.001178 0.001060 -0.012581 -0.001178 0.999999 0.000054 -0.034145 -0.001060 -0.000056 0.999999 1.604370
0.999996 0.000744 0.002764 -0.014310 -0.000746 0.999999 0.000799 -0.063741 -0.002764 -0.000801 0.999996 2.856541
0.999992 0.000114 0.004024 -0.009530 -0.000118 0.999999 0.001129 -0.090260 -0.004024 -0.001129 0.999991 4.071098
0.999987 0.000275 0.005117 -0.006630 -0.000282 0.999999 0.001344 -0.117759 -0.005117 -0.001345 0.999986 5.285041
0.999980 -0.000664 0.006220 -0.004773 0.000656 0.999999 0.001264 -0.140734 -0.006221 -0.001260 0.999980 6.492510
0.999974 0.000219 0.007218 0.002177 -0.000223 1.000000 0.000582 -0.165252 -0.007218 -0.000583 0.999974 7.688083
0.999968 -0.000451 0.007997 0.010343 0.000442 0.999999 0.001195 -0.190407 -0.007997 -0.001191 0.999967 8.888899
0.999969 -0.001148 0.007800 0.020195 0.001123 0.999994 0.003142 -0.217419 -0.007803 -0.003133 0.999965 10.092556
0.999978 -0.002429 0.006115 0.026213 0.002407 0.999991 0.003594 -0.240184 -0.006124 -0.003579 0.999975 11.299729
0.999988 -0.003257 0.003752 0.030225 0.003245 0.999989 0.003305 -0.263271 -0.003762 -0.003293 0.999988 12.486838
0.999994 -0.002769 0.002147 0.029413 0.002762 0.999991 0.003141 -0.284663 -0.002155 -0.003135 0.999993 13.684691
0.999997 -0.002158 0.000964 0.014723 0.002155 0.999992 0.003276 -0.308879 -0.000971 -0.003274 0.999994 14.889020
0.999999 -0.001276 0.000404 0.009836 0.001274 0.999993 0.003446 -0.331000 -0.000408 -0.003445 0.999994 16.083527
0.999997 -0.002395 -0.000107 0.005883 0.002396 0.999990 0.003770 -0.354352 0.000098 -0.003770 0.999993 17.283582
0.999997 -0.002588 -0.000520 0.004018 0.002591 0.999986 0.004599 -0.373973 0.000508 -0.004600 0.999989 18.478975
0.999993 -0.003643 -0.000885 -0.001535 0.003647 0.999983 0.004637 -0.397224 0.000868 -0.004640 0.999989 19.672497
0.999993 -0.003505 -0.001355 -0.006060 0.003510 0.999987 0.003647 -0.417758 0.001342 -0.003652 0.999992 20.873997
0.999992 -0.003624 -0.001882 -0.014583 0.003630 0.999987 0.003526 -0.437787 0.001869 -0.003533 0.999992 22.075548
0.999993 -0.002891 -0.002554 -0.020633 0.002901 0.999987 0.004110 -0.461193 0.002542 -0.004118 0.999988 23.268123
0.999989 -0.003247 -0.003349 -0.028926 0.003260 0.999987 0.003853 -0.482255 0.003336 -0.003864 0.999987 24.461472
0.999986 -0.003231 -0.004092 -0.036426 0.003246 0.999988 0.003651 -0.505250 0.004081 -0.003664 0.999985 25.658842
0.999983 -0.003199 -0.004971 -0.047743 0.003225 0.999981 0.005215 -0.526394 0.004954 -0.005231 0.999974 26.865412
0.999968 -0.005541 -0.005769 -0.056833 0.005581 0.999961 0.006786 -0.549116 0.005731 -0.006818 0.999960 28.068645
0.999966 -0.005087 -0.006488 -0.064382 0.005128 0.999966 0.006447 -0.567574 0.006454 -0.006480 0.999958 29.268713
0.999955 -0.006241 -0.007113 -0.076167 0.006279 0.999966 0.005320 -0.589423 0.007079 -0.005364 0.999961 30.463300
0.999951 -0.005865 -0.008009 -0.087586 0.005904 0.999971 0.004876 -0.606075 0.007980 -0.004923 0.999956 31.659935
0.999945 -0.005996 -0.008599 -0.102704 0.006041 0.999969 0.005146 -0.628698 0.008567 -0.005197 0.999950 32.861721
0.999936 -0.006490 -0.009246 -0.120466 0.006544 0.999962 0.005816 -0.648774 0.009208 -0.005876 0.999940 34.057045
0.999923 -0.007643 -0.009815 -0.132636 0.007702 0.999952 0.005975 -0.672276 0.009769 -0.006050 0.999934 35.263872
0.999913 -0.008134 -0.010376 -0.149775 0.008197 0.999948 0.006081 -0.694056 0.010326 -0.006166 0.999928 36.472394
0.999912 -0.008031 -0.010560 -0.165220 0.008098 0.999947 0.006342 -0.711002 0.010509 -0.006427 0.999924 37.674546
0.999901 -0.009143 -0.010702 -0.184775 0.009221 0.999931 0.007285 -0.732108 0.010635 -0.007383 0.999916 38.877394
0.999908 -0.008593 -0.010474 -0.202686 0.008687 0.999922 0.009013 -0.748520 0.010396 -0.009103 0.999905 40.081342
0.999912 -0.008092 -0.010491 -0.223153 0.008192 0.999921 0.009495 -0.764838 0.010413 -0.009580 0.999900 41.283725
0.999919 -0.007322 -0.010398 -0.243343 0.007418 0.999931 0.009152 -0.780402 0.010330 -0.009229 0.999904 42.477408
0.999933 -0.005643 -0.010091 -0.262707 0.005742 0.999935 0.009817 -0.798512 0.010035 -0.009874 0.999901 43.671795
0.999953 -0.003199 -0.009173 -0.283518 0.003311 0.999919 0.012297 -0.810461 0.009133 -0.012327 0.999882 44.874052
0.999967 -0.002809 -0.007601 -0.300151 0.002925 0.999879 0.015259 -0.822367 0.007557 -0.015281 0.999855 46.078744
0.999981 -0.002263 -0.005761 -0.316309 0.002369 0.999826 0.018502 -0.826523 0.005718 -0.018516 0.999812 47.289091
0.999988 -0.002346 -0.004325 -0.328276 0.002438 0.999769 0.021336 -0.831448 0.004274 -0.021346 0.999763 48.501564
0.999990 -0.003217 -0.003085 -0.338717 0.003283 0.999759 0.021687 -0.835600 0.003015 -0.021697 0.999760 49.703383
0.999987 -0.004739 -0.001633 -0.342307 0.004771 0.999790 0.019936 -0.833560 0.001538 -0.019943 0.999800 50.900981
0.999996 -0.002839 -0.000441 -0.349003 0.002847 0.999817 0.018899 -0.839927 0.000387 -0.018901 0.999821 52.099441
0.999993 -0.003756 0.000185 -0.357118 0.003752 0.999822 0.018478 -0.842260 -0.000254 -0.018477 0.999829 53.297636
0.999992 -0.003893 -0.000216 -0.359343 0.003896 0.999830 0.018000 -0.848786 0.000146 -0.018000 0.999838 54.503012
0.999992 -0.003901 -0.001191 -0.364374 0.003921 0.999844 0.017241 -0.854606 0.001124 -0.017245 0.999851 55.711789
0.999987 -0.004376 -0.002772 -0.371340 0.004426 0.999824 0.018215 -0.862724 0.002692 -0.018227 0.999830 56.922912
0.999985 -0.003652 -0.003983 -0.376737 0.003728 0.999808 0.019223 -0.866816 0.003912 -0.019237 0.999807 58.134772
0.999981 -0.003773 -0.004850 -0.390881 0.003867 0.999801 0.019555 -0.873745 0.004775 -0.019574 0.999797 59.346668
0.999980 -0.003082 -0.005544 -0.404705 0.003189 0.999809 0.019285 -0.879472 0.005483 -0.019303 0.999799 60.555574
0.999980 -0.002288 -0.005830 -0.414593 0.002400 0.999814 0.019130 -0.884147 0.005785 -0.019144 0.999800 61.762087
0.999975 -0.004324 -0.005663 -0.422498 0.004427 0.999823 0.018298 -0.892010 0.005583 -0.018323 0.999817 62.969939
0.999971 -0.004788 -0.006001 -0.440319 0.004896 0.999825 0.018077 -0.898689 0.005914 -0.018106 0.999819 64.179461
0.999971 -0.004748 -0.006031 -0.449446 0.004869 0.999785 0.020145 -0.904509 0.005934 -0.020174 0.999779 65.388747
0.999966 -0.004909 -0.006588 -0.461484 0.005045 0.999772 0.020740 -0.909892 0.006485 -0.020773 0.999763 66.588132
0.999969 -0.004608 -0.006460 -0.472715 0.004730 0.999807 0.019056 -0.916443 0.006371 -0.019086 0.999798 67.775173
0.999974 -0.002499 -0.006707 -0.494614 0.002624 0.999821 0.018738 -0.918186 0.006659 -0.018756 0.999802 68.964987
0.999976 -0.000481 -0.006850 -0.512045 0.000612 0.999815 0.019240 -0.924804 0.006840 -0.019243 0.999791 70.161703
0.999977 0.002082 -0.006387 -0.531347 -0.001956 0.999807 0.019534 -0.928791 0.006427 -0.019521 0.999789 71.361054
0.999981 0.002400 -0.005740 -0.546309 -0.002283 0.999793 0.020221 -0.930370 0.005787 -0.020208 0.999779 72.557906
0.999981 0.004246 -0.004473 -0.562758 -0.004151 0.999767 0.021173 -0.937969 0.004561 -0.021154 0.999766 73.743118
0.999987 0.004671 -0.002139 -0.576659 -0.004624 0.999761 0.021390 -0.939455 0.002239 -0.021380 0.999769 74.936125
0.999998 0.001770 0.000389 -0.580200 -0.001777 0.999834 0.018153 -0.947277 -0.000356 -0.018154 0.999835 76.110513
0.999996 -0.000462 0.002683 -0.579594 0.000423 0.999894 0.014539 -0.952820 -0.002689 -0.014538 0.999891 77.275478
0.999986 0.000707 0.005330 -0.576918 -0.000790 0.999878 0.015604 -0.960635 -0.005318 -0.015608 0.999864 78.460965
0.999965 -0.000708 0.008316 -0.576069 0.000547 0.999814 0.019291 -0.971570 -0.008328 -0.019286 0.999779 79.647185
0.999925 0.000021 0.012285 -0.567422 -0.000255 0.999819 0.019007 -0.981511 -0.012282 -0.019009 0.999744 80.829506
0.999874 -0.000905 0.015842 -0.558864 0.000630 0.999849 0.017362 -0.981590 -0.015855 -0.017350 0.999724 82.006172
0.999813 -0.001542 0.019271 -0.538761 0.001273 0.999902 0.013963 -0.994379 -0.019290 -0.013936 0.999717 83.170517
0.999737 -0.004359 0.022501 -0.519943 0.004105 0.999927 0.011330 -1.012291 -0.022548 -0.011235 0.999683 84.329926
0.999673 -0.003247 0.025352 -0.505158 0.002960 0.999931 0.011328 -1.026430 -0.025387 -0.011249 0.999614 85.490956
0.999562 -0.003917 0.029334 -0.470409 0.003530 0.999906 0.013217 -1.042634 -0.029383 -0.013107 0.999482 86.655413
0.999443 -0.003533 0.033196 -0.439612 0.003107 0.999912 0.012889 -1.052739 -0.033238 -0.012779 0.999366 87.809792
0.999305 -0.005642 0.036846 -0.403226 0.005249 0.999928 0.010757 -1.070713 -0.036904 -0.010556 0.999263 88.971043
0.999183 -0.005661 0.040027 -0.360721 0.005291 0.999942 0.009347 -1.084984 -0.040078 -0.009127 0.999155 90.137905
0.999055 -0.005196 0.043145 -0.311818 0.004777 0.999941 0.009801 -1.098126 -0.043194 -0.009586 0.999021 91.305983
0.998927 -0.007720 0.045675 -0.261399 0.007220 0.999912 0.011098 -1.114683 -0.045757 -0.010756 0.998895 92.471615
0.998800 -0.007613 0.048385 -0.216014 0.006996 0.999892 0.012909 -1.122069 -0.048478 -0.012555 0.998745 93.624127
0.998686 -0.008410 0.050558 -0.166888 0.007681 0.999864 0.014601 -1.132698 -0.050673 -0.014194 0.998614 94.781265
0.998528 -0.009990 0.053306 -0.100882 0.009217 0.999849 0.014733 -1.143482 -0.053446 -0.014220 0.998470 95.932845
0.998415 -0.011367 0.055116 -0.042875 0.010715 0.999869 0.012105 -1.153142 -0.055246 -0.011495 0.998407 97.090417
0.998273 -0.012260 0.057450 0.020158 0.011772 0.999892 0.008826 -1.163741 -0.057552 -0.008135 0.998309 98.249792
0.998185 -0.011583 0.059100 0.085621 0.011194 0.999914 0.006899 -1.174916 -0.059174 -0.006225 0.998228 99.407966
0.998098 -0.011311 0.060606 0.151669 0.010945 0.999920 0.006359 -1.192534 -0.060674 -0.005683 0.998141 100.579537
0.998113 -0.011056 0.060406 0.215319 0.010620 0.999915 0.007531 -1.206770 -0.060484 -0.006875 0.998145 101.757087
0.998186 -0.010743 0.059241 0.276932 0.010214 0.999905 0.009221 -1.221933 -0.059334 -0.008599 0.998201 102.945949
0.998249 -0.011224 0.058074 0.344857 0.010621 0.999886 0.010687 -1.236671 -0.058187 -0.010051 0.998255 104.141772
0.998376 -0.010727 0.055949 0.404224 0.010092 0.999882 0.011615 -1.243024 -0.056067 -0.011032 0.998366 105.344265
0.998534 -0.010036 0.053193 0.464823 0.009397 0.999881 0.012249 -1.254285 -0.053310 -0.011731 0.998509 106.545151
0.998706 -0.009239 0.050001 0.520220 0.008643 0.999889 0.012130 -1.262046 -0.050108 -0.011682 0.998676 107.753180
0.998918 -0.007663 0.045861 0.560816 0.007108 0.999900 0.012243 -1.269956 -0.045950 -0.011904 0.998873 108.952208
0.999100 -0.007095 0.041825 0.607481 0.006566 0.999897 0.012793 -1.280104 -0.041912 -0.012507 0.999043 110.156109
0.999278 -0.007099 0.037329 0.648792 0.006581 0.999881 0.013979 -1.289789 -0.037424 -0.013723 0.999205 111.370591
0.999425 -0.006604 0.033262 0.682019 0.006125 0.999876 0.014478 -1.302826 -0.033353 -0.014266 0.999342 112.591546
0.999571 -0.006612 0.028523 0.708359 0.006176 0.999863 0.015350 -1.310137 -0.028620 -0.015167 0.999475 113.808585
0.999708 -0.005928 0.023428 0.731563 0.005569 0.999867 0.015360 -1.316640 -0.023516 -0.015225 0.999608 115.033689
0.999809 -0.005350 0.018795 0.749357 0.005063 0.999870 0.015289 -1.326208 -0.018874 -0.015191 0.999706 116.260734
0.999895 -0.004681 0.013682 0.757505 0.004475 0.999877 0.015012 -1.335533 -0.013751 -0.014949 0.999794 117.482142
0.999950 -0.003163 0.009475 0.761107 0.003026 0.999891 0.014417 -1.344714 -0.009520 -0.014388 0.999851 118.711145
0.999979 -0.001063 0.006413 0.756953 0.000970 0.999895 0.014438 -1.353468 -0.006428 -0.014431 0.999875 119.945323
0.999989 0.000093 0.004739 0.751830 -0.000163 0.999893 0.014652 -1.363031 -0.004737 -0.014652 0.999881 121.177519
0.999992 0.001533 0.003681 0.746696 -0.001587 0.999891 0.014677 -1.371400 -0.003658 -0.014683 0.999886 122.412497
0.999987 0.004323 0.002782 0.747741 -0.004364 0.999875 0.015228 -1.378980 -0.002716 -0.015240 0.999880 123.658797
0.999986 0.004929 0.001802 0.743375 -0.004958 0.999857 0.016150 -1.385928 -0.001723 -0.016159 0.999868 124.907691
0.999988 0.004855 0.001139 0.736711 -0.004874 0.999836 0.017465 -1.393147 -0.001054 -0.017471 0.999847 126.155708
0.999955 0.009520 0.000422 0.727883 -0.009527 0.999762 0.019648 -1.398790 -0.000235 -0.019651 0.999807 127.405046
0.999965 0.008352 -0.000609 0.716543 -0.008337 0.999719 0.022200 -1.403160 0.000794 -0.022194 0.999753 128.662368
0.999978 0.006523 -0.000953 0.708505 -0.006502 0.999772 0.020360 -1.406454 0.001086 -0.020354 0.999792 129.917604
0.999973 0.007256 -0.001491 0.699056 -0.007224 0.999770 0.020176 -1.403127 0.001637 -0.020165 0.999795 131.180139
0.999992 0.002944 -0.002665 0.690564 -0.002886 0.999762 0.021607 -1.403239 0.002728 -0.021599 0.999763 132.439760
0.999994 0.001583 -0.003214 0.690667 -0.001508 0.999731 0.023148 -1.407365 0.003250 -0.023143 0.999727 133.707490
0.999993 -0.001712 -0.003408 0.685338 0.001798 0.999677 0.025365 -1.403439 0.003363 -0.025371 0.999672 134.975914
0.999983 -0.004630 -0.003671 0.679208 0.004722 0.999669 0.025308 -1.399694 0.003553 -0.025325 0.999673 136.245549
0.999963 -0.007770 -0.003717 0.666748 0.007856 0.999690 0.023623 -1.396256 0.003532 -0.023652 0.999714 137.512303
0.999945 -0.009747 -0.003845 0.663032 0.009834 0.999678 0.023379 -1.386695 0.003616 -0.023416 0.999719 138.785049
0.999945 -0.009842 -0.003666 0.656998 0.009924 0.999685 0.023047 -1.389092 0.003438 -0.023082 0.999728 140.066055
0.999936 -0.010874 -0.003049 0.646792 0.010944 0.999653 0.023979 -1.388762 0.002788 -0.024011 0.999708 141.348554
0.999956 -0.009098 -0.002447 0.636824 0.009160 0.999610 0.026379 -1.386932 0.002206 -0.026400 0.999649 142.621889
0.999960 -0.008811 -0.001776 0.627526 0.008855 0.999598 0.026950 -1.387080 0.001538 -0.026965 0.999635 143.903933
0.999964 -0.008365 -0.001208 0.615767 0.008392 0.999655 0.024901 -1.383864 0.000999 -0.024910 0.999689 145.176076
0.999966 -0.008217 -0.001103 0.607420 0.008241 0.999691 0.023436 -1.379836 0.000910 -0.023445 0.999725 146.449041
0.999963 -0.008572 -0.000769 0.601053 0.008586 0.999751 0.020607 -1.380044 0.000592 -0.020613 0.999787 147.724341
0.999956 -0.009350 0.000144 0.598814 0.009347 0.999821 0.016434 -1.387854 -0.000298 -0.016432 0.999865 149.001603
0.999956 -0.009321 0.000528 0.595670 0.009312 0.999859 0.013954 -1.394406 -0.000658 -0.013948 0.999903 150.262041
0.999954 -0.009558 0.000542 0.588576 0.009550 0.999859 0.013794 -1.410271 -0.000674 -0.013788 0.999905 151.538389
0.999953 -0.009672 0.000363 0.580911 0.009666 0.999854 0.014117 -1.423340 -0.000499 -0.014113 0.999900 152.803667
0.999957 -0.009306 0.000398 0.576114 0.009299 0.999843 0.015090 -1.434242 -0.000538 -0.015086 0.999886 154.078341
0.999960 -0.008982 0.000092 0.570327 0.008979 0.999831 0.016028 -1.449118 -0.000236 -0.016026 0.999872 155.348878
0.999953 -0.009658 -0.000060 0.563789 0.009658 0.999820 0.016338 -1.460526 -0.000098 -0.016338 0.999867 156.615727
0.999959 -0.009020 -0.000913 0.554876 0.009034 0.999831 0.015989 -1.469677 0.000768 -0.015996 0.999872 157.881880
0.999961 -0.008684 -0.001415 0.551402 0.008707 0.999823 0.016685 -1.477992 0.001270 -0.016696 0.999860 159.149449
0.999959 -0.008739 -0.002272 0.540614 0.008779 0.999797 0.018123 -1.482179 0.002113 -0.018143 0.999833 160.415206
0.999957 -0.008750 -0.002964 0.526757 0.008802 0.999797 0.018143 -1.489913 0.002804 -0.018168 0.999831 161.682818
0.999957 -0.008445 -0.003738 0.510994 0.008507 0.999821 0.016889 -1.499778 0.003595 -0.016920 0.999850 162.943614
0.999958 -0.008114 -0.004174 0.500566 0.008181 0.999832 0.016373 -1.507311 0.004040 -0.016407 0.999857 164.207404
0.999955 -0.008041 -0.004970 0.485293 0.008119 0.999839 0.015985 -1.517144 0.004841 -0.016025 0.999860 165.477131
0.999951 -0.008078 -0.005664 0.470322 0.008162 0.999854 0.015034 -1.528204 0.005542 -0.015079 0.999871 166.746736
0.999952 -0.007565 -0.006147 0.448427 0.007654 0.999866 0.014453 -1.537780 0.006037 -0.014500 0.999877 168.017996
0.999944 -0.007749 -0.007183 0.436672 0.007860 0.999849 0.015485 -1.546550 0.007061 -0.015540 0.999854 169.279692
0.999946 -0.007134 -0.007508 0.423574 0.007258 0.999835 0.016644 -1.554746 0.007388 -0.016698 0.999833 170.554367
0.999943 -0.006927 -0.008075 0.407743 0.007064 0.999830 0.017053 -1.563273 0.007956 -0.017109 0.999822 171.825761
0.999940 -0.006607 -0.008752 0.389928 0.006760 0.999823 0.017585 -1.571328 0.008635 -0.017643 0.999807 173.090685
0.999940 -0.005699 -0.009328 0.371643 0.005862 0.999830 0.017509 -1.577265 0.009227 -0.017563 0.999803 174.357815
0.999936 -0.005569 -0.009814 0.350739 0.005733 0.999843 0.016752 -1.585211 0.009719 -0.016808 0.999811 175.620461
0.999935 -0.004471 -0.010462 0.330739 0.004646 0.999849 0.016770 -1.594425 0.010385 -0.016817 0.999805 176.882076
0.999927 -0.004965 -0.011000 0.314484 0.005149 0.999846 0.016782 -1.605795 0.010915 -0.016838 0.999799 178.148559
0.999920 -0.005918 -0.011149 0.294436 0.006088 0.999865 0.015232 -1.614232 0.011057 -0.015299 0.999822 179.415562
0.999911 -0.007702 -0.010857 0.274614 0.007859 0.999864 0.014514 -1.622255 0.010744 -0.014598 0.999836 180.680805
0.999891 -0.009698 -0.011174 0.257951 0.009873 0.999828 0.015680 -1.635420 0.011020 -0.015789 0.999815 181.934336
0.999886 -0.009581 -0.011710 0.240676 0.009820 0.999741 0.020528 -1.640819 0.011510 -0.020641 0.999721 183.195372
0.999878 -0.010161 -0.011875 0.218084 0.010434 0.999678 0.023129 -1.649163 0.011636 -0.023250 0.999662 184.453459
0.999884 -0.009907 -0.011543 0.198802 0.010153 0.999719 0.021407 -1.649577 0.011327 -0.021522 0.999704 185.728804
0.999898 -0.008571 -0.011421 0.176240 0.008783 0.999788 0.018614 -1.650467 0.011259 -0.018713 0.999762 186.990804
0.999899 -0.008284 -0.011567 0.154401 0.008488 0.999807 0.017722 -1.660250 0.011418 -0.017819 0.999776 188.233042
0.999888 -0.009215 -0.011769 0.139714 0.009427 0.999792 0.018111 -1.671770 0.011599 -0.018220 0.999767 189.483904
0.999892 -0.009135 -0.011496 0.118644 0.009362 0.999759 0.019866 -1.678585 0.011312 -0.019971 0.999737 190.737913
0.999888 -0.009623 -0.011484 0.089780 0.009873 0.999710 0.021948 -1.684637 0.011269 -0.022059 0.999693 191.978677
0.999880 -0.010995 -0.010882 0.069468 0.011237 0.999684 0.022473 -1.691612 0.010631 -0.022593 0.999688 193.212148
0.999886 -0.012036 -0.009096 0.055542 0.012232 0.999689 0.021743 -1.695480 0.008832 -0.021852 0.999722 194.450551
0.999885 -0.013170 -0.007550 0.041800 0.013320 0.999708 0.020158 -1.702926 0.007282 -0.020256 0.999768 195.691765
0.999885 -0.013758 -0.006317 0.032501 0.013876 0.999724 0.018955 -1.710438 0.006054 -0.019041 0.999800 196.928223
0.999880 -0.014314 -0.005875 0.020189 0.014424 0.999714 0.019062 -1.717956 0.005601 -0.019145 0.999801 198.149077
0.999911 -0.012818 -0.003814 0.003258 0.012894 0.999706 0.020543 -1.722024 0.003549 -0.020590 0.999782 199.368718
0.999903 -0.013702 -0.002499 -0.006917 0.013754 0.999661 0.022092 -1.728567 0.002195 -0.022125 0.999753 200.588100
0.999921 -0.012441 -0.001653 -0.017374 0.012474 0.999678 0.022079 -1.734439 0.001378 -0.022098 0.999755 201.803658
0.999910 -0.013405 -0.000727 -0.026779 0.013418 0.999662 0.022282 -1.738055 0.000428 -0.022290 0.999751 202.998885
0.999920 -0.012671 0.000216 -0.034364 0.012663 0.999658 0.022873 -1.739093 -0.000506 -0.022868 0.999738 204.182110
0.999918 -0.012754 0.001365 -0.034888 0.012720 0.999660 0.022748 -1.746576 -0.001655 -0.022729 0.999740 205.366719
0.999930 -0.011727 0.001825 -0.040859 0.011682 0.999674 0.022708 -1.747933 -0.002091 -0.022685 0.999740 206.549941
0.999914 -0.012920 0.002347 -0.047982 0.012862 0.999649 0.023167 -1.751368 -0.002645 -0.023135 0.999729 207.721951
0.999899 -0.013960 0.002803 -0.043536 0.013891 0.999629 0.023409 -1.756789 -0.003129 -0.023368 0.999722 208.884155
0.999888 -0.014549 0.003383 -0.039834 0.014463 0.999601 0.024277 -1.761996 -0.003734 -0.024226 0.999700 210.033282
0.999885 -0.015018 0.002239 -0.040561 0.014957 0.999573 0.025110 -1.768542 -0.002615 -0.025074 0.999682 211.171309
0.999880 -0.015430 0.001404 -0.047228 0.015390 0.999573 0.024838 -1.769420 -0.001787 -0.024814 0.999690 212.281794
0.999888 -0.014945 0.001019 -0.056702 0.014916 0.999598 0.024119 -1.773805 -0.001379 -0.024101 0.999709 213.368312
0.999883 -0.015282 0.000357 -0.060519 0.015269 0.999602 0.023721 -1.775706 -0.000720 -0.023713 0.999719 214.436914
0.999878 -0.015633 -0.000462 -0.063075 0.015640 0.999598 0.023647 -1.779246 0.000092 -0.023652 0.999720 215.508602
0.999865 -0.016296 -0.001945 -0.073141 0.016338 0.999577 0.024059 -1.785079 0.001552 -0.024087 0.999709 216.569854
0.999836 -0.017773 -0.003387 -0.081856 0.017852 0.999525 0.025110 -1.788013 0.002939 -0.025167 0.999679 217.620745
0.999823 -0.018157 -0.004930 -0.089627 0.018284 0.999467 0.027031 -1.789862 0.004437 -0.027116 0.999622 218.647700
0.999814 -0.017770 -0.007442 -0.100346 0.017973 0.999439 0.028269 -1.791434 0.006936 -0.028398 0.999573 219.660015
0.999796 -0.017686 -0.009718 -0.118917 0.017953 0.999442 0.028179 -1.793280 0.009215 -0.028348 0.999556 220.656364
0.999768 -0.017582 -0.012469 -0.136403 0.017923 0.999454 0.027750 -1.794059 0.011974 -0.027967 0.999537 221.636816
0.999732 -0.017292 -0.015365 -0.156672 0.017724 0.999439 0.028419 -1.792115 0.014865 -0.028684 0.999478 222.601374
0.999691 -0.016706 -0.018392 -0.183519 0.017229 0.999442 0.028621 -1.794764 0.017904 -0.028929 0.999421 223.535933
0.999632 -0.016839 -0.021263 -0.210495 0.017438 0.999448 0.028295 -1.796605 0.020775 -0.028655 0.999373 224.455667
0.999545 -0.017063 -0.024865 -0.242251 0.017755 0.999454 0.027856 -1.796470 0.024376 -0.028285 0.999303 225.343067
0.999465 -0.016717 -0.028120 -0.268096 0.017495 0.999465 0.027635 -1.796921 0.027643 -0.028113 0.999222 226.212820
0.999387 -0.015892 -0.031180 -0.300325 0.016742 0.999489 0.027212 -1.798439 0.030732 -0.027718 0.999143 227.058229
0.999308 -0.014626 -0.034197 -0.335993 0.015542 0.999523 0.026672 -1.800545 0.033791 -0.027185 0.999059 227.885430
0.999276 -0.013033 -0.035737 -0.370506 0.013998 0.999541 0.026864 -1.800914 0.035370 -0.027345 0.999000 228.701189
0.999267 -0.012462 -0.036192 -0.403873 0.013470 0.999525 0.027722 -1.800460 0.035829 -0.028190 0.998960 229.491817
0.999281 -0.012476 -0.035814 -0.433951 0.013510 0.999494 0.028792 -1.800766 0.035437 -0.029255 0.998944 230.256944
0.999290 -0.012810 -0.035430 -0.464333 0.013849 0.999477 0.029219 -1.803125 0.035037 -0.029689 0.998945 231.008987
0.999296 -0.012769 -0.035280 -0.498179 0.013766 0.999509 0.028158 -1.801277 0.034903 -0.028624 0.998981 231.749053
0.999325 -0.011911 -0.034757 -0.529930 0.012822 0.999576 0.026128 -1.801574 0.034431 -0.026556 0.999054 232.471941
0.999361 -0.012765 -0.033387 -0.556835 0.013583 0.999610 0.024398 -1.803010 0.033063 -0.024836 0.999145 233.189008
0.999408 -0.011905 -0.032273 -0.584150 0.012669 0.999642 0.023572 -1.801562 0.031981 -0.023967 0.999201 233.910991
0.999448 -0.012286 -0.030852 -0.607606 0.013011 0.999641 0.023416 -1.805280 0.030553 -0.023804 0.999250 234.640886
0.999493 -0.013673 -0.028771 -0.629969 0.014345 0.999626 0.023275 -1.805306 0.028442 -0.023676 0.999315 235.369930
0.999558 -0.012585 -0.026928 -0.650241 0.013221 0.999635 0.023548 -1.803064 0.026621 -0.023894 0.999360 236.087900
0.999586 -0.014034 -0.025111 -0.674926 0.014621 0.999621 0.023328 -1.809789 0.024774 -0.023685 0.999412 236.797891
0.999647 -0.013955 -0.022620 -0.689558 0.014484 0.999622 0.023376 -1.811767 0.022285 -0.023695 0.999471 237.501885
0.999706 -0.014332 -0.019558 -0.706113 0.014799 0.999604 0.023925 -1.812916 0.019207 -0.024207 0.999522 238.196931
0.999744 -0.015553 -0.016410 -0.716444 0.015953 0.999571 0.024542 -1.811921 0.016022 -0.024798 0.999564 238.904645
0.999782 -0.015839 -0.013612 -0.727623 0.016173 0.999563 0.024756 -1.812795 0.013214 -0.024971 0.999601 239.608845
0.999798 -0.017100 -0.010545 -0.739466 0.017357 0.999541 0.024815 -1.816124 0.010115 -0.024993 0.999636 240.296670
0.999825 -0.017138 -0.007481 -0.746949 0.017317 0.999551 0.024443 -1.813178 0.007059 -0.024568 0.999673 240.981703
0.999844 -0.017057 -0.004618 -0.750542 0.017166 0.999548 0.024692 -1.807305 0.004195 -0.024767 0.999684 241.678820
0.999859 -0.016725 -0.001640 -0.755439 0.016759 0.999579 0.023682 -1.809497 0.001243 -0.023706 0.999718 242.369903
0.999854 -0.017032 0.001229 -0.757508 0.016998 0.999571 0.023857 -1.810020 -0.001634 -0.023833 0.999715 243.058933
0.999853 -0.016653 0.004107 -0.755644 0.016546 0.999557 0.024752 -1.808395 -0.004518 -0.024680 0.999685 243.755068
0.999830 -0.017336 0.006330 -0.755001 0.017168 0.999523 0.025673 -1.803553 -0.006772 -0.025560 0.999650 244.466504
0.999812 -0.017443 0.008475 -0.752849 0.017227 0.999542 0.024885 -1.806330 -0.008905 -0.024734 0.999654 245.174801
0.999792 -0.017440 0.010617 -0.745066 0.017193 0.999589 0.022920 -1.805985 -0.011013 -0.022732 0.999681 245.882862
0.999775 -0.017320 0.012281 -0.737462 0.017058 0.999632 0.021101 -1.800404 -0.012642 -0.020887 0.999702 246.597439
0.999753 -0.018052 0.012977 -0.728053 0.017792 0.999644 0.019869 -1.798180 -0.013331 -0.019633 0.999718 247.313842
0.999756 -0.017952 0.012873 -0.721338 0.017698 0.999651 0.019618 -1.796472 -0.013221 -0.019385 0.999725 248.036429
0.999743 -0.018585 0.013000 -0.717079 0.018335 0.999650 0.019077 -1.802579 -0.013350 -0.018834 0.999734 248.763460
0.999753 -0.018013 0.013032 -0.713864 0.017765 0.999662 0.018966 -1.806641 -0.013370 -0.018730 0.999735 249.499999
0.999755 -0.017553 0.013482 -0.707979 0.017310 0.999690 0.017894 -1.807749 -0.013792 -0.017656 0.999749 250.240155
0.999737 -0.018478 0.013553 -0.702251 0.018264 0.999710 0.015706 -1.809928 -0.013840 -0.015454 0.999785 250.993989
0.999665 -0.021863 0.013889 -0.689599 0.021676 0.999675 0.013452 -1.812904 -0.014178 -0.013146 0.999813 251.749930
0.999623 -0.023444 0.014325 -0.676759 0.023236 0.999625 0.014473 -1.812776 -0.014659 -0.014134 0.999793 252.511759
0.999706 -0.019397 0.014540 -0.674349 0.019118 0.999635 0.019083 -1.814771 -0.014905 -0.018800 0.999712 253.286727
0.999731 -0.017624 0.015068 -0.672570 0.017234 0.999523 0.025623 -1.808690 -0.015512 -0.025356 0.999558 254.086373
0.999632 -0.021692 0.016294 -0.656223 0.021244 0.999405 0.027186 -1.811750 -0.016874 -0.026829 0.999498 254.890682
0.999595 -0.020363 0.019898 -0.634277 0.019901 0.999534 0.023132 -1.809397 -0.020360 -0.022726 0.999534 255.680387
0.999494 -0.021014 0.023895 -0.619003 0.020597 0.999633 0.017581 -1.800305 -0.024256 -0.017080 0.999560 256.474942
0.999466 -0.017421 0.027636 -0.600482 0.016988 0.999730 0.015835 -1.797933 -0.027904 -0.015357 0.999493 257.301030
0.999382 -0.016923 0.030797 -0.579861 0.016421 0.999729 0.016483 -1.799752 -0.031068 -0.015967 0.999390 258.131579
0.999248 -0.018802 0.033904 -0.556220 0.018157 0.999650 0.019223 -1.802843 -0.034253 -0.018593 0.999240 258.955633
0.999080 -0.021833 0.036913 -0.527311 0.021039 0.999542 0.021748 -1.804849 -0.037371 -0.020951 0.999082 259.775702
0.998925 -0.023720 0.039834 -0.491649 0.022792 0.999462 0.023581 -1.802533 -0.040372 -0.022647 0.998928 260.623465
0.998818 -0.022818 0.042924 -0.456967 0.021834 0.999491 0.023266 -1.800506 -0.043433 -0.022301 0.998807 261.471099
0.998744 -0.022081 0.044968 -0.431976 0.021145 0.999552 0.021184 -1.802015 -0.045415 -0.020206 0.998764 262.305671
0.998681 -0.020911 0.046898 -0.395527 0.020016 0.999610 0.019483 -1.803902 -0.047287 -0.018518 0.998710 263.145193
0.998543 -0.020707 0.049826 -0.355631 0.019725 0.999603 0.020120 -1.803811 -0.050222 -0.019108 0.998555 263.990437
0.998434 -0.018697 0.052730 -0.315155 0.017535 0.999595 0.022411 -1.802177 -0.053128 -0.021451 0.998357 264.832069
0.998280 -0.017492 0.055947 -0.274888 0.016183 0.999587 0.023752 -1.805944 -0.056340 -0.022806 0.998151 265.688550
0.998123 -0.018064 0.058516 -0.231821 0.016700 0.999579 0.023721 -1.805858 -0.058920 -0.022699 0.998005 266.532892
0.997985 -0.018360 0.060728 -0.185641 0.016984 0.999589 0.023100 -1.804900 -0.061127 -0.022023 0.997887 267.372531
0.997809 -0.019660 0.063177 -0.128508 0.018237 0.999569 0.023021 -1.803000 -0.063603 -0.021819 0.997737 268.209877
0.997650 -0.022784 0.064625 -0.072391 0.021283 0.999490 0.023824 -1.799460 -0.065134 -0.022392 0.997625 269.068672
0.997607 -0.023662 0.064961 -0.018526 0.022159 0.999472 0.023760 -1.799471 -0.065489 -0.022263 0.997605 269.923508
0.997561 -0.023949 0.065562 0.034060 0.022422 0.999462 0.023924 -1.796908 -0.066100 -0.022396 0.997562 270.776133
0.997539 -0.024183 0.065812 0.089066 0.022638 0.999453 0.024113 -1.795195 -0.066359 -0.022564 0.997541 271.629144
0.997589 -0.023650 0.065242 0.140700 0.022057 0.999443 0.025024 -1.791590 -0.065798 -0.023525 0.997556 272.481900
0.997635 -0.023206 0.064705 0.193669 0.021617 0.999450 0.025156 -1.788471 -0.065254 -0.023697 0.997587 273.339518
0.997706 -0.024106 0.063261 0.244341 0.022599 0.999446 0.024437 -1.786615 -0.063816 -0.022952 0.997698 274.193765
0.997807 -0.023814 0.061758 0.294823 0.022388 0.999469 0.023672 -1.785755 -0.062288 -0.022238 0.997810 275.046974
0.997893 -0.024270 0.060173 0.342575 0.022901 0.999466 0.023325 -1.786577 -0.060707 -0.021898 0.997915 275.908599
0.997994 -0.023431 0.058807 0.388271 0.022097 0.999486 0.023229 -1.784738 -0.059321 -0.021883 0.997999 276.764819
0.998122 -0.022879 0.056830 0.430130 0.021593 0.999499 0.023134 -1.787633 -0.057330 -0.021863 0.998116 277.620340
0.998255 -0.022503 0.054601 0.474914 0.021229 0.999491 0.023800 -1.788153 -0.055109 -0.022599 0.998225 278.469286
0.998429 -0.022477 0.051331 0.516133 0.021184 0.999448 0.025597 -1.788294 -0.051878 -0.024469 0.998354 279.319432
0.998611 -0.024765 0.046499 0.554437 0.023475 0.999330 0.028094 -1.783329 -0.047164 -0.026964 0.998523 280.166456
0.998803 -0.025632 0.041670 0.583958 0.024403 0.999259 0.029752 -1.781565 -0.042402 -0.028699 0.998688 281.009427
0.998927 -0.027854 0.036987 0.615623 0.026711 0.999161 0.031054 -1.779873 -0.037821 -0.030033 0.998833 281.835208
0.999131 -0.026209 0.032405 0.637950 0.025190 0.999188 0.031461 -1.773783 -0.033203 -0.030617 0.998980 282.659326
0.999257 -0.026882 0.027613 0.654590 0.025997 0.999152 0.031935 -1.769655 -0.028448 -0.031193 0.999108 283.481764
0.999309 -0.029083 0.023160 0.671135 0.028341 0.999094 0.031762 -1.766575 -0.024062 -0.031083 0.999227 284.269126
0.999404 -0.028755 0.019101 0.681486 0.028140 0.999100 0.031732 -1.761983 -0.019996 -0.031176 0.999314 285.048559
0.999473 -0.028645 0.015257 0.689646 0.028155 0.999110 0.031398 -1.759328 -0.016143 -0.030952 0.999391 285.815747
0.999568 -0.027192 0.011172 0.687257 0.026827 0.999139 0.031636 -1.754153 -0.012022 -0.031323 0.999437 286.561609
0.999561 -0.028729 0.007276 0.691258 0.028487 0.999099 0.031470 -1.754313 -0.008174 -0.031249 0.999478 287.294107
0.999546 -0.029958 0.003070 0.691479 0.029850 0.999089 0.030507 -1.753727 -0.003981 -0.030401 0.999530 288.000100
0.999627 -0.027202 -0.002290 0.684297 0.027257 0.999211 0.028899 -1.749748 0.001502 -0.028951 0.999580 288.690995
0.999603 -0.026474 -0.009659 0.663002 0.026723 0.999288 0.026626 -1.752502 0.008947 -0.026874 0.999599 289.353827
0.999472 -0.026262 -0.019114 0.641279 0.026741 0.999324 0.025230 -1.751667 0.018439 -0.025727 0.999499 289.993224
0.999193 -0.026022 -0.030608 0.614417 0.026759 0.999355 0.023946 -1.754506 0.029965 -0.024746 0.999245 290.628220
0.998624 -0.025848 -0.045626 0.576815 0.026958 0.999351 0.023892 -1.755506 0.044979 -0.025089 0.998673 291.266646
0.997650 -0.024469 -0.064006 0.517479 0.026083 0.999359 0.024510 -1.758722 0.063365 -0.026122 0.997648 291.875443
0.996153 -0.022314 -0.084744 0.454710 0.024452 0.999406 0.024281 -1.761640 0.084152 -0.026260 0.996107 292.481584
0.993837 -0.021379 -0.108774 0.370459 0.024054 0.999438 0.023337 -1.765673 0.108214 -0.025810 0.993793 293.066458
0.990651 -0.018970 -0.135095 0.274505 0.022262 0.999490 0.022901 -1.768277 0.134592 -0.025694 0.990568 293.628247
0.986332 -0.017288 -0.163860 0.165208 0.021337 0.999508 0.022986 -1.768392 0.163382 -0.026168 0.986216 294.179109
0.980441 -0.017123 -0.196065 0.031500 0.022119 0.999483 0.023318 -1.772774 0.195564 -0.027198 0.980314 294.717867
0.972856 -0.016643 -0.230813 -0.112500 0.022837 0.999446 0.024191 -1.771793 0.230283 -0.028805 0.972697 295.228431
0.963542 -0.015915 -0.267085 -0.277829 0.023408 0.999416 0.024892 -1.775273 0.266533 -0.030237 0.963351 295.730173
0.952298 -0.013116 -0.304888 -0.466411 0.022213 0.999405 0.026386 -1.774388 0.304360 -0.031900 0.952023 296.215240
0.938839 -0.010966 -0.344182 -0.670078 0.021804 0.999380 0.027633 -1.776329 0.343666 -0.033447 0.938496 296.690070
0.923133 -0.010508 -0.384338 -0.890078 0.023169 0.999330 0.028327 -1.775864 0.383783 -0.035054 0.922758 297.140828
0.905033 -0.009704 -0.425230 -1.126429 0.024125 0.999301 0.028542 -1.774418 0.424656 -0.036090 0.904635 297.572825
0.884156 -0.010247 -0.467078 -1.379171 0.026461 0.999253 0.028167 -1.773197 0.466441 -0.037264 0.883767 297.982453
0.860101 -0.010737 -0.510011 -1.649778 0.028500 0.999228 0.027028 -1.775586 0.509328 -0.037782 0.859743 298.375924
0.832934 -0.010476 -0.553274 -1.939886 0.030324 0.999183 0.026732 -1.772743 0.552542 -0.039043 0.832570 298.756452
0.803048 -0.009276 -0.595842 -2.251944 0.031495 0.999142 0.026892 -1.772085 0.595081 -0.040362 0.802651 299.117240
0.769746 -0.008001 -0.638301 -2.577490 0.031124 0.999203 0.025007 -1.771718 0.637592 -0.039115 0.769381 299.448249
0.732963 -0.008481 -0.680215 -2.917601 0.033817 0.999140 0.023982 -1.772591 0.679427 -0.040580 0.732620 299.769217
0.692219 -0.009124 -0.721630 -3.267373 0.039026 0.998930 0.024806 -1.770443 0.720632 -0.045334 0.691834 300.063966
0.646692 -0.008764 -0.762701 -3.630789 0.044371 0.998673 0.026146 -1.768105 0.761459 -0.050750 0.646223 300.333552
0.597292 -0.007161 -0.801992 -4.010215 0.047439 0.998525 0.026415 -1.768034 0.800620 -0.053824 0.596751 300.566895
0.545551 -0.001294 -0.838077 -4.408605 0.044096 0.998658 0.027162 -1.770728 0.836917 -0.051774 0.544876 300.771152
0.491951 0.004918 -0.870609 -4.817257 0.038557 0.998880 0.027430 -1.775463 0.869769 -0.047062 0.491210 300.932123
0.435762 0.008468 -0.900022 -5.223123 0.036458 0.998969 0.027051 -1.775126 0.899323 -0.044601 0.435004 301.057772
0.377505 0.010824 -0.925944 -5.617090 0.035659 0.999020 0.026216 -1.774301 0.925321 -0.042915 0.376749 301.159515
0.319549 0.013633 -0.947472 -6.021210 0.037124 0.998949 0.026895 -1.768973 0.946842 -0.043769 0.318707 301.248482
0.261500 0.017602 -0.965043 -6.430264 0.037730 0.998883 0.028443 -1.767304 0.964466 -0.043849 0.260544 301.318139
0.201601 0.021488 -0.979232 -6.835854 0.039600 0.998763 0.030070 -1.767725 0.978667 -0.044840 0.200500 301.361172
0.139380 0.024878 -0.989926 -7.246884 0.038923 0.998774 0.030581 -1.765482 0.989474 -0.042794 0.138241 301.376969
0.075809 0.029677 -0.996680 -7.680182 0.039215 0.998695 0.032720 -1.761196 0.996351 -0.041565 0.074546 301.369377
0.010091 0.035682 -0.999312 -8.126841 0.039343 0.998575 0.036053 -1.753058 0.999175 -0.039680 0.008673 301.324858
-0.057117 0.042923 -0.997444 -8.582515 0.040139 0.998366 0.040665 -1.743967 0.997560 -0.037714 -0.058747 301.251175
-0.123771 0.049650 -0.991068 -9.038693 0.041292 0.998140 0.044847 -1.735069 0.991452 -0.035372 -0.125591 301.145833
-0.190695 0.055714 -0.980067 -9.491107 0.042163 0.997932 0.048526 -1.724347 0.980744 -0.032069 -0.192650 301.007378
-0.256155 0.061110 -0.964702 -9.947984 0.045202 0.997665 0.051196 -1.715135 0.965578 -0.030492 -0.258319 300.824951
-0.319309 0.064978 -0.945420 -10.396309 0.047883 0.997478 0.052384 -1.702468 0.946440 -0.028542 -0.321615 300.622202
-0.379667 0.066684 -0.922716 -10.842740 0.050366 0.997409 0.051358 -1.690557 0.923751 -0.026974 -0.382042 300.396471
-0.435805 0.067024 -0.897542 -11.295089 0.052014 0.997432 0.049228 -1.674520 0.898537 -0.025231 -0.438172 300.130072
-0.489876 0.067496 -0.869175 -11.752120 0.053047 0.997459 0.047560 -1.654385 0.870177 -0.022809 -0.492211 299.840022
-0.538922 0.067544 -0.839643 -12.203816 0.053678 0.997508 0.045791 -1.636648 0.840644 -0.020392 -0.541205 299.516673
-0.582771 0.067914 -0.809793 -12.654172 0.053715 0.997542 0.045004 -1.618689 0.810859 -0.017271 -0.584987 299.148339
-0.621963 0.069555 -0.779951 -13.104716 0.054795 0.997471 0.045258 -1.602727 0.781127 -0.014589 -0.624202 298.734049
-0.659238 0.074856 -0.748199 -13.551582 0.060367 0.997089 0.046568 -1.586054 0.749507 -0.014468 -0.661838 298.286404
-0.695957 0.081248 -0.713472 -14.004781 0.066856 0.996594 0.048274 -1.566248 0.714965 -0.014103 -0.699018 297.822070
-0.730000 0.086173 -0.677992 -14.455352 0.071459 0.996206 0.049678 -1.544337 0.679701 -0.012183 -0.733388 297.319170
-0.761221 0.086083 -0.642753 -14.898610 0.072276 0.996237 0.047828 -1.524527 0.644452 -0.010048 -0.764579 296.770167
-0.790321 0.082721 -0.607083 -15.308194 0.071754 0.996522 0.042375 -1.503788 0.608477 -0.010070 -0.793508 296.183876
-0.816866 0.078961 -0.571397 -15.713041 0.070488 0.996827 0.036982 -1.483846 0.572504 -0.010068 -0.819840 295.562488
-0.840786 0.075084 -0.536135 -16.112868 0.069765 0.997105 0.030233 -1.465227 0.536853 -0.011984 -0.843590 294.902278
-0.862357 0.072607 -0.501067 -16.493622 0.068135 0.997304 0.027251 -1.451537 0.501695 -0.010640 -0.864979 294.196713
-0.882630 0.070949 -0.464683 -16.852318 0.066674 0.997445 0.025651 -1.442413 0.465316 -0.008342 -0.885105 293.458085
-0.901258 0.067203 -0.428039 -17.194189 0.063226 0.997722 0.023518 -1.437697 0.428645 -0.005867 -0.903454 292.677778
-0.918580 0.068531 -0.389249 -17.519171 0.065035 0.997637 0.022168 -1.427712 0.389849 -0.004952 -0.920866 291.855086
-0.933873 0.071910 -0.350300 -17.829940 0.068744 0.997403 0.021482 -1.417950 0.350936 -0.004020 -0.936391 291.013629
-0.947301 0.073868 -0.311712 -18.111634 0.070533 0.997267 0.021977 -1.414275 0.312484 -0.001167 -0.949922 290.138363
-0.958476 0.076938 -0.274597 -18.366110 0.073384 0.997034 0.023206 -1.401494 0.275568 0.002092 -0.961279 289.247521
-0.968255 0.078749 -0.237234 -18.588735 0.075449 0.996885 0.022971 -1.394203 0.238304 0.004343 -0.971181 288.305864
-0.976366 0.077470 -0.201759 -18.782299 0.074766 0.996980 0.021003 -1.389058 0.202777 0.005422 -0.979210 287.317274
-0.982699 0.077172 -0.168368 -18.937302 0.075533 0.997013 0.016129 -1.380237 0.169110 0.003133 -0.985592 286.321018
-0.987957 0.074418 -0.135656 -19.069186 0.073255 0.997221 0.013550 -1.376533 0.136287 0.003449 -0.990663 285.299281
-0.991874 0.072814 -0.104331 -19.166914 0.071774 0.997327 0.013690 -1.373177 0.105049 0.006090 -0.994448 284.251684
-0.994578 0.072551 -0.074508 -19.244137 0.071824 0.997340 0.012398 -1.376627 0.075209 0.006979 -0.997143 283.170877
-0.996340 0.071844 -0.046303 -19.290303 0.071420 0.997388 0.010763 -1.375917 0.046956 0.007417 -0.998869 282.055952
-0.997321 0.070144 -0.020751 -19.309611 0.069937 0.997496 0.010540 -1.378655 0.021438 0.009061 -0.999729 280.920843
-0.997746 0.067012 0.003619 -19.300246 0.067049 0.997685 0.011395 -1.380824 -0.002847 0.011612 -0.999929 279.760048
-0.997519 0.065355 0.026155 -19.261075 0.065674 0.997774 0.011537 -1.383095 -0.025342 0.013226 -0.999591 278.584909
-0.997036 0.062473 0.044900 -19.198821 0.062973 0.997967 0.009797 -1.387921 -0.044196 0.012595 -0.998943 277.380368
-0.996576 0.057205 0.059696 -19.109872 0.057747 0.998304 0.007402 -1.398176 -0.059171 0.010824 -0.998189 276.178431
-0.996189 0.052091 0.069962 -19.007098 0.052747 0.998579 0.007561 -1.403451 -0.069469 0.011222 -0.997521 274.961121
-0.996008 0.046532 0.076182 -18.895781 0.047401 0.998829 0.009638 -1.412063 -0.075645 0.013211 -0.997047 273.721798
-0.995904 0.045120 0.078354 -18.786010 0.046054 0.998887 0.010159 -1.417464 -0.077808 0.013726 -0.996874 272.467337
-0.996046 0.043429 0.077500 -18.672557 0.044218 0.998986 0.008483 -1.424665 -0.077053 0.011877 -0.996956 271.199694
-0.996340 0.040824 0.075098 -18.573220 0.041581 0.999099 0.008538 -1.428813 -0.074682 0.011629 -0.997140 269.914129
-0.996524 0.040521 0.072789 -18.470756 0.041341 0.999097 0.009800 -1.435341 -0.072326 0.012775 -0.997299 268.596118
-0.996761 0.039704 0.069942 -18.369079 0.040524 0.999125 0.010347 -1.444682 -0.069470 0.013148 -0.997497 267.253141
-0.997131 0.038708 0.065053 -18.272441 0.039537 0.999152 0.011510 -1.454392 -0.064552 0.014049 -0.997815 265.915705
