1.000000 0.000000 0.000000 0.000000 -0.000000 1.000000 0.000000 0.000000 -0.000000 0.000000 1.000000 0.000000
0.999890 -0.003254 0.014450 0.032260 0.003236 0.999994 0.001208 -0.014642 -0.014454 -0.001161 0.999895 0.355198
0.999804 -0.005621 0.018999 0.043150 0.005607 0.999984 0.000775 -0.018498 -0.019003 -0.000668 0.999819 0.676099
0.999781 -0.008118 0.019270 0.052392 0.008144 0.999966 -0.001245 -0.026217 -0.019259 0.001402 0.999814 0.994932
0.999834 -0.009697 0.015413 0.053381 0.009732 0.999950 -0.002178 -0.029622 -0.015392 0.002328 0.999879 1.300327
0.999897 -0.012983 0.006146 0.053645 0.013007 0.999908 -0.003870 -0.032938 -0.006095 0.003949 0.999974 1.616465
0.999877 -0.013429 -0.008151 0.041902 0.013388 0.999897 -0.005118 -0.039404 0.008219 0.005009 0.999954 1.942994
0.999604 -0.010809 -0.025985 0.012392 0.010688 0.999931 -0.004784 -0.048031 0.026035 0.004505 0.999651 2.275117
0.998953 -0.005724 -0.045388 -0.031793 0.005491 0.999971 -0.005256 -0.054516 0.045416 0.005001 0.998956 2.623265
0.997855 -0.003345 -0.065373 -0.078101 0.002943 0.999976 -0.006248 -0.061805 0.065393 0.006042 0.997841 2.977729
0.996299 -0.003908 -0.085863 -0.128429 0.003391 0.999975 -0.006160 -0.067204 0.085885 0.005846 0.996288 3.343378
0.994271 -0.005552 -0.106746 -0.175381 0.005013 0.999973 -0.005310 -0.071895 0.106773 0.004744 0.994272 3.726268
0.992091 -0.005763 -0.125386 -0.232372 0.005245 0.999976 -0.004464 -0.077155 0.125409 0.003771 0.992098 4.116536
0.989768 -0.004034 -0.142631 -0.307048 0.003562 0.999987 -0.003568 -0.086694 0.142644 0.003023 0.989769 4.523935
0.987586 -0.003012 -0.157053 -0.388882 0.002585 0.999992 -0.002921 -0.094072 0.157060 0.002479 0.987586 4.940645
0.985450 -0.003226 -0.169934 -0.474688 0.002695 0.999991 -0.003354 -0.103482 0.169943 0.002847 0.985450 5.360991
0.983417 -0.005475 -0.181278 -0.566118 0.004709 0.999978 -0.004654 -0.111500 0.181300 0.003723 0.983421 5.797185
0.981775 -0.008484 -0.189856 -0.656113 0.007340 0.999950 -0.006727 -0.117460 0.189903 0.005211 0.981789 6.254394
0.980334 -0.005861 -0.197261 -0.752510 0.004278 0.999955 -0.008446 -0.124811 0.197301 0.007436 0.980315 6.714621
0.978797 -0.006568 -0.204727 -0.865361 0.004556 0.999937 -0.010300 -0.132922 0.204782 0.009149 0.978765 7.183389
0.977019 -0.008122 -0.212997 -0.980270 0.005535 0.999904 -0.012740 -0.143040 0.213080 0.011269 0.976970 7.671229
0.975161 -0.013781 -0.221067 -1.100348 0.010962 0.999842 -0.013974 -0.155282 0.221224 0.011204 0.975159 8.176691
0.973250 -0.019483 -0.228923 -1.209282 0.016442 0.999750 -0.015183 -0.168512 0.229161 0.011013 0.973326 8.697571
0.971269 -0.016364 -0.237421 -1.343425 0.012326 0.999753 -0.018486 -0.186077 0.237665 0.015028 0.971231 9.233935
0.969169 -0.013393 -0.246034 -1.505101 0.008188 0.999721 -0.022164 -0.199229 0.246262 0.019466 0.969008 9.761353
0.966800 -0.010926 -0.255301 -1.666258 0.004730 0.999679 -0.024871 -0.221530 0.255491 0.022838 0.966542 10.300516
0.964467 -0.015047 -0.263775 -1.826618 0.008417 0.999620 -0.026248 -0.238300 0.264070 0.023095 0.964227 10.855445
0.962234 -0.016087 -0.271746 -1.981425 0.008779 0.999567 -0.028087 -0.259861 0.272081 0.024640 0.961959 11.424135
0.959975 -0.014726 -0.279698 -2.157448 0.006222 0.999492 -0.031267 -0.285815 0.280016 0.028275 0.959579 12.005335
0.957611 -0.014538 -0.287697 -2.351857 0.004695 0.999381 -0.034875 -0.313154 0.288026 0.032046 0.957086 12.599736
0.955481 -0.016442 -0.294595 -2.544329 0.004563 0.999150 -0.040965 -0.345018 0.295018 0.037797 0.954744 13.204407
0.953992 -0.016630 -0.299369 -2.740986 0.001981 0.998788 -0.049169 -0.381483 0.299824 0.046314 0.952870 13.812737
0.952880 -0.017070 -0.302867 -2.941619 -0.000194 0.998381 -0.056880 -0.419649 0.303347 0.054259 0.951334 14.435597
0.951552 -0.016531 -0.307045 -3.161163 -0.004019 0.997800 -0.066175 -0.463693 0.307463 0.064203 0.949392 15.063116
0.950151 -0.016692 -0.311341 -3.390416 -0.006713 0.997239 -0.073955 -0.513849 0.311716 0.072358 0.947416 15.713464
0.948798 -0.014767 -0.315538 -3.619515 -0.011126 0.996725 -0.080102 -0.568695 0.315687 0.079511 0.945526 16.366322
0.947170 -0.013328 -0.320454 -3.854656 -0.015074 0.996182 -0.085985 -0.631207 0.320377 0.086273 0.943353 17.031450
0.945706 -0.011495 -0.324818 -4.096761 -0.019460 0.995579 -0.091890 -0.700470 0.324439 0.093222 0.941302 17.713367
0.943821 -0.008884 -0.330338 -4.352705 -0.024177 0.995103 -0.095840 -0.768759 0.329572 0.098443 0.938984 18.386126
0.942283 -0.005734 -0.334767 -4.606506 -0.028842 0.994747 -0.098219 -0.842184 0.333572 0.102206 0.937168 19.089785
0.940324 -0.005975 -0.340227 -4.883047 -0.029294 0.994713 -0.098431 -0.921122 0.339016 0.102524 0.935177 19.787085
0.937926 -0.004681 -0.346804 -5.162242 -0.030850 0.994820 -0.096861 -1.003412 0.345461 0.101548 0.932923 20.498950
0.935825 -0.004823 -0.352433 -5.437209 -0.030823 0.994956 -0.095461 -1.088017 0.351115 0.100198 0.930956 21.228103
0.932811 -0.004376 -0.360340 -5.727265 -0.031243 0.995179 -0.092966 -1.166139 0.359010 0.097978 0.928177 21.970595
0.929552 -0.004036 -0.368670 -6.031068 -0.030535 0.995662 -0.087890 -1.249004 0.367426 0.092956 0.925396 22.706409
0.926243 -0.002501 -0.376918 -6.340732 -0.030466 0.996210 -0.081476 -1.323979 0.375694 0.086950 0.922656 23.447819
0.922573 0.002533 -0.385814 -6.666131 -0.034899 0.996427 -0.076910 -1.401719 0.384241 0.084420 0.919365 24.200271
0.918951 0.004756 -0.394344 -7.006554 -0.036889 0.996580 -0.073943 -1.475657 0.392643 0.082497 0.915983 24.950144
0.915031 0.004821 -0.403354 -7.351802 -0.037462 0.996623 -0.073072 -1.549024 0.401640 0.081974 0.912121 25.711620
0.911127 0.005565 -0.412087 -7.703005 -0.038702 0.996646 -0.072110 -1.618607 0.410304 0.081650 0.908286 26.473429
0.907310 0.005364 -0.420429 -8.064266 -0.038616 0.996756 -0.070619 -1.685540 0.418686 0.080309 0.904573 27.238199
0.903449 0.006251 -0.428649 -8.446553 -0.039508 0.996852 -0.068734 -1.754603 0.426870 0.079033 0.900853 28.017849
0.899540 0.005914 -0.436799 -8.840273 -0.038421 0.997104 -0.065624 -1.823147 0.435146 0.075813 0.897162 28.808504
0.895653 0.006424 -0.444708 -9.240088 -0.036972 0.997510 -0.060053 -1.886147 0.443215 0.070228 0.893660 29.594866
0.892171 0.008413 -0.451619 -9.652320 -0.037126 0.997809 -0.054754 -1.946548 0.450170 0.065617 0.890529 30.400629
0.888026 0.008963 -0.459705 -10.076473 -0.036875 0.997978 -0.051775 -2.008659 0.458311 0.062929 0.886561 31.213057
0.885075 0.007266 -0.465391 -10.511091 -0.034500 0.998152 -0.050027 -2.068429 0.464168 0.060333 0.883690 32.023580
0.881551 0.008257 -0.472016 -10.955953 -0.035303 0.998200 -0.048472 -2.122625 0.470767 0.059394 0.880256 32.834599
0.878355 0.008212 -0.477938 -11.413965 -0.034525 0.998331 -0.046298 -2.173472 0.476760 0.057167 0.877173 33.668809
0.875640 0.007118 -0.482913 -11.879957 -0.033055 0.998430 -0.045220 -2.229308 0.481833 0.055559 0.874500 34.511766
0.873168 0.004619 -0.487397 -12.363987 -0.030714 0.998489 -0.045561 -2.291528 0.486451 0.054752 0.871991 35.353609
0.871565 0.004395 -0.490260 -12.855703 -0.030978 0.998456 -0.046119 -2.347875 0.489300 0.055383 0.870355 36.204073
0.870268 0.004722 -0.492556 -13.350608 -0.031321 0.998461 -0.045767 -2.396172 0.491582 0.055257 0.869076 37.068547
0.870453 0.005370 -0.492222 -13.860628 -0.031261 0.998525 -0.044388 -2.450105 0.491258 0.054025 0.869337 37.946446
0.869932 0.005084 -0.493145 -14.370005 -0.030124 0.998628 -0.042844 -2.510302 0.492251 0.052126 0.868891 38.832301
0.869553 0.003267 -0.493829 -14.883652 -0.027948 0.998701 -0.042605 -2.567848 0.493049 0.050849 0.868514 39.735489
0.868892 0.000506 -0.495001 -15.409076 -0.025337 0.998734 -0.043454 -2.622846 0.494352 0.050299 0.867805 40.650138
0.867700 -0.000805 -0.497088 -15.940594 -0.023755 0.998789 -0.043084 -2.678059 0.496521 0.049192 0.866630 41.567251
0.865774 -0.000607 -0.500434 -16.479761 -0.022969 0.998897 -0.040948 -2.739758 0.499907 0.046946 0.864806 42.486787
0.863358 0.001253 -0.504590 -17.021881 -0.022565 0.999092 -0.036127 -2.791898 0.504087 0.042577 0.862603 43.411418
0.860539 -0.000067 -0.509385 -17.573863 -0.019141 0.999289 -0.032468 -2.853134 0.509025 0.037690 0.859926 44.338476
0.855855 -0.001464 -0.517214 -18.135005 -0.017725 0.999326 -0.032160 -2.911067 0.516913 0.036692 0.855252 45.243884
0.850376 -0.005098 -0.526151 -18.694236 -0.015618 0.999268 -0.034925 -2.964003 0.525944 0.037917 0.849674 46.137383
0.843976 -0.006654 -0.536340 -19.258373 -0.015609 0.999195 -0.036958 -3.017189 0.536154 0.039564 0.843193 47.023871
0.837855 -0.006251 -0.545857 -19.844055 -0.014859 0.999303 -0.034252 -3.067878 0.545691 0.036809 0.837178 47.910537
0.832639 -0.002438 -0.553811 -20.444295 -0.016001 0.999467 -0.028457 -3.122515 0.553586 0.032556 0.832156 48.806501
0.827565 0.001892 -0.561366 -21.064787 -0.020055 0.999456 -0.026197 -3.174734 0.561011 0.032938 0.827153 49.703794
0.824026 -0.000039 -0.566551 -21.683992 -0.019745 0.999391 -0.028787 -3.219379 0.566207 0.034908 0.823523 50.579073
0.821064 -0.002912 -0.570828 -22.300461 -0.020637 0.999182 -0.034780 -3.271724 0.570463 0.040337 0.820332 51.440709
0.817975 -0.003321 -0.575243 -22.918966 -0.023921 0.998922 -0.039782 -3.325124 0.574756 0.046301 0.817014 52.288594
0.814207 -0.004153 -0.580559 -23.539603 -0.022184 0.999022 -0.038259 -3.377931 0.580150 0.044029 0.813319 53.148483
0.811238 -0.001691 -0.584713 -24.166421 -0.022359 0.999175 -0.033910 -3.440941 0.584288 0.040583 0.810531 54.017358
0.808100 -0.000140 -0.589045 -24.800815 -0.020855 0.999366 -0.028848 -3.496329 0.588676 0.035596 0.807585 54.888076
0.805006 0.001562 -0.593265 -25.457843 -0.022325 0.999368 -0.027662 -3.545372 0.592847 0.035512 0.804532 55.753213
0.801480 0.001517 -0.598019 -26.118033 -0.022781 0.999348 -0.027997 -3.589992 0.597587 0.036063 0.800993 56.609461
0.798328 -0.001283 -0.602221 -26.770897 -0.021278 0.999313 -0.030335 -3.642495 0.601846 0.037032 0.797753 57.463232
0.794047 -0.002864 -0.607850 -27.424269 -0.020967 0.999265 -0.032098 -3.692773 0.607495 0.038232 0.793403 58.306924
0.789732 -0.003179 -0.613443 -28.087174 -0.020613 0.999284 -0.031715 -3.743546 0.613105 0.037691 0.789102 59.159988
0.785334 -0.002604 -0.619066 -28.761142 -0.021074 0.999299 -0.030938 -3.794326 0.618713 0.037343 0.784729 60.011396
0.780186 -0.002707 -0.625542 -29.450745 -0.020925 0.999318 -0.030423 -3.846659 0.625198 0.036825 0.779597 60.847790
0.774526 -0.004139 -0.632529 -30.140328 -0.020470 0.999291 -0.031603 -3.899542 0.632211 0.037425 0.773892 61.687581
0.769268 -0.005416 -0.638903 -30.834086 -0.019575 0.999295 -0.032039 -3.948741 0.638627 0.037153 0.768619 62.526811
0.763614 -0.006255 -0.645642 -31.549603 -0.019675 0.999263 -0.032951 -4.002074 0.645373 0.037865 0.762929 63.349675
0.757780 -0.008153 -0.652460 -32.277233 -0.018616 0.999245 -0.034106 -4.059922 0.652245 0.037991 0.757056 64.176518
0.751743 -0.010380 -0.659374 -33.006114 -0.017013 0.999238 -0.035126 -4.114822 0.659236 0.037624 0.750994 64.999725
0.745725 -0.010119 -0.666177 -33.740395 -0.017023 0.999269 -0.034235 -4.165779 0.666037 0.036870 0.745007 65.812880
0.738906 -0.010144 -0.673732 -34.486950 -0.016344 0.999323 -0.032972 -4.224494 0.673611 0.035374 0.738239 66.636633
0.733052 -0.009977 -0.680100 -35.255865 -0.016586 0.999333 -0.032537 -4.277485 0.679971 0.035132 0.732397 67.453286
0.726473 -0.012525 -0.687081 -36.025526 -0.014644 0.999325 -0.033701 -4.333677 0.687039 0.034545 0.725799 68.263262
0.720341 -0.013370 -0.693491 -36.816169 -0.015030 0.999279 -0.034877 -4.389108 0.693457 0.035547 0.719621 69.068647
0.714301 -0.012084 -0.699734 -37.619133 -0.016806 0.999266 -0.034413 -4.443679 0.699637 0.036341 0.713574 69.861643
0.708833 -0.011855 -0.705276 -38.417537 -0.016684 0.999297 -0.033564 -4.497702 0.705179 0.035558 0.708137 70.659229
0.704331 -0.011399 -0.709780 -39.226866 -0.017908 0.999268 -0.033818 -4.554063 0.709646 0.036530 0.703611 71.450365
0.699059 -0.012153 -0.714961 -40.053600 -0.018163 0.999231 -0.034745 -4.609759 0.714834 0.037274 0.698301 72.248188
0.693914 -0.014488 -0.719912 -40.886664 -0.018058 0.999133 -0.037513 -4.672506 0.719832 0.039031 0.693051 73.035609
0.689244 -0.015830 -0.724356 -41.724756 -0.018402 0.999056 -0.039343 -4.726917 0.724295 0.040446 0.688303 73.829251
0.684235 -0.015109 -0.729105 -42.576293 -0.019609 0.999043 -0.039104 -4.783764 0.728998 0.041053 0.683284 74.610562
0.678764 -0.014813 -0.734207 -43.429996 -0.018880 0.999114 -0.037611 -4.843998 0.734114 0.039390 0.677883 75.390756
0.673679 -0.015377 -0.738864 -44.296426 -0.018072 0.999142 -0.037271 -4.907920 0.738803 0.038462 0.672823 76.181733
0.669244 -0.016256 -0.742865 -45.181356 -0.017458 0.999141 -0.037593 -4.971588 0.742838 0.038128 0.668385 76.967985
0.663910 -0.017455 -0.747609 -46.074288 -0.015976 0.999168 -0.037516 -5.033806 0.747642 0.036851 0.663079 77.736259
0.660258 -0.017416 -0.750837 -46.968751 -0.015880 0.999184 -0.037141 -5.096208 0.750871 0.036446 0.659443 78.518676
0.656348 -0.019033 -0.754218 -47.856324 -0.013984 0.999203 -0.037384 -5.161440 0.754328 0.035084 0.655559 79.284325
0.652207 -0.021275 -0.757742 -48.749501 -0.012165 0.999184 -0.038524 -5.221471 0.757943 0.034343 0.651416 80.049643
0.647760 -0.025750 -0.761409 -49.660116 -0.008473 0.999123 -0.040997 -5.287182 0.761798 0.033007 0.646974 80.832134
0.641979 -0.029947 -0.766137 -50.577410 -0.003183 0.999124 -0.041721 -5.351738 0.766716 0.029222 0.641322 81.605824
0.634978 -0.033274 -0.771813 -51.506323 0.001079 0.999109 -0.042185 -5.420997 0.772530 0.025954 0.634448 82.377960
0.626325 -0.036776 -0.778694 -52.445396 0.006180 0.999090 -0.042213 -5.492804 0.779538 0.021627 0.625982 83.140920
0.617371 -0.036442 -0.785827 -53.404523 0.007174 0.999146 -0.040697 -5.565110 0.786640 0.019488 0.617105 83.889343
0.608341 -0.035381 -0.792887 -54.371912 0.008638 0.999242 -0.037962 -5.629559 0.793629 0.016244 0.608185 84.614450
0.598572 -0.034462 -0.800327 -55.344293 0.005949 0.999238 -0.038578 -5.691402 0.801047 0.018330 0.598321 85.342646
0.589207 -0.036628 -0.807152 -56.332194 0.007336 0.999173 -0.039987 -5.753972 0.807949 0.017640 0.588988 86.062541
0.579413 -0.038670 -0.814116 -57.337943 0.006720 0.999067 -0.042672 -5.821482 0.815006 0.019254 0.579132 86.772703
0.569898 -0.039458 -0.820767 -58.351954 0.007850 0.999062 -0.042578 -5.890842 0.821678 0.017822 0.569674 87.475132
0.559255 -0.040100 -0.828025 -59.376313 0.010886 0.999099 -0.041032 -5.961253 0.828924 0.013933 0.559187 88.159794
0.549102 -0.039782 -0.834808 -60.417158 0.011398 0.999130 -0.040116 -6.031792 0.835678 0.012513 0.549078 88.837295
0.538367 -0.040601 -0.841732 -61.474374 0.011300 0.999097 -0.040964 -6.102572 0.842635 0.012543 0.538339 89.510837
0.528721 -0.040775 -0.847816 -62.548004 0.010169 0.999078 -0.041708 -6.165456 0.848735 0.013431 0.528648 90.176265
0.518706 -0.041454 -0.853947 -63.615667 0.008519 0.999025 -0.043322 -6.235536 0.854910 0.015197 0.518554 90.824149
0.508492 -0.041937 -0.860044 -64.695380 0.007462 0.998990 -0.044301 -6.309039 0.861034 0.016109 0.508292 91.453342
0.499380 -0.041312 -0.865398 -65.788344 0.006910 0.999021 -0.043703 -6.382475 0.866356 0.015844 0.499176 92.064129
0.491237 -0.038764 -0.870163 -66.886374 0.006489 0.999144 -0.040846 -6.452222 0.871002 0.014419 0.491068 92.674331
0.483218 -0.037623 -0.874691 -67.993014 0.006479 0.999203 -0.039400 -6.524395 0.875476 0.013372 0.483076 93.280259
0.475202 -0.039125 -0.879006 -69.115574 0.008312 0.999166 -0.039980 -6.592502 0.879837 0.011692 0.475131 93.884107
0.468568 -0.041410 -0.882456 -70.251072 0.008165 0.999061 -0.042546 -6.662756 0.883390 0.012730 0.468466 94.482926
0.461466 -0.044108 -0.886061 -71.383555 0.009789 0.998956 -0.044630 -6.738066 0.887104 0.011922 0.461416 95.067662
0.455339 -0.046992 -0.889077 -72.515703 0.010296 0.998817 -0.047520 -6.816317 0.890259 0.012484 0.455285 95.642077
0.450711 -0.048928 -0.891328 -73.644174 0.011062 0.998726 -0.049230 -6.891309 0.892602 0.012328 0.450678 96.212611
0.446188 -0.048163 -0.893642 -74.779461 0.013251 0.998797 -0.047214 -6.975019 0.894842 0.009225 0.446289 96.778204
0.442661 -0.045939 -0.895511 -75.917542 0.015698 0.998931 -0.043484 -7.056475 0.896552 0.005191 0.442909 97.346901
0.439179 -0.045123 -0.897265 -77.062230 0.019702 0.998981 -0.040594 -7.135468 0.898184 0.000150 0.439621 97.902484
0.435730 -0.044796 -0.898962 -78.212572 0.021273 0.998994 -0.039470 -7.212002 0.899826 -0.001925 0.436245 98.456979
0.432574 -0.043944 -0.900526 -79.343739 0.022361 0.999027 -0.038009 -7.282037 0.901321 -0.003695 0.433136 98.993307
0.430265 -0.043337 -0.901662 -80.462733 0.024735 0.999038 -0.036214 -7.354639 0.902364 -0.006721 0.430923 99.524039
0.427805 -0.043011 -0.902847 -81.569125 0.027167 0.999028 -0.034720 -7.423258 0.903463 -0.009674 0.428557 100.049209
0.426017 -0.043408 -0.903673 -82.685545 0.028734 0.998994 -0.034440 -7.488770 0.904259 -0.011294 0.426835 100.577526
0.423359 -0.042675 -0.904956 -83.787255 0.029899 0.999004 -0.033123 -7.552756 0.905469 -0.013035 0.424213 101.095969
0.421924 -0.041911 -0.905662 -84.896372 0.033689 0.998966 -0.030534 -7.617633 0.906005 -0.017627 0.422900 101.610964
0.419601 -0.041807 -0.906745 -85.990071 0.035703 0.998926 -0.029536 -7.681970 0.907007 -0.019980 0.420642 102.109129
0.418908 -0.042992 -0.907010 -87.074571 0.037881 0.998836 -0.029849 -7.744577 0.907238 -0.021855 0.420049 102.609408
0.417094 -0.043695 -0.907812 -88.144884 0.038499 0.998797 -0.030386 -7.803748 0.908048 -0.022276 0.418274 103.100876
0.417511 -0.044533 -0.907580 -89.210181 0.038706 0.998763 -0.031202 -7.866683 0.907847 -0.022102 0.418719 103.585906
0.418337 -0.044616 -0.907195 -90.250001 0.037260 0.998795 -0.031939 -7.924152 0.907528 -0.020441 0.419495 104.049403
0.421287 -0.044193 -0.905850 -91.272988 0.035075 0.998859 -0.032417 -7.986374 0.906249 -0.018116 0.422357 104.515703
0.426290 -0.044114 -0.903510 -92.289027 0.032271 0.998916 -0.033546 -8.050204 0.904011 -0.014857 0.427252 104.986761
0.430860 -0.044357 -0.901328 -93.316246 0.031412 0.998923 -0.034143 -8.112654 0.901872 -0.013602 0.431790 105.462693
0.437732 -0.044332 -0.898012 -94.320128 0.031263 0.998930 -0.034075 -8.169782 0.898562 -0.013159 0.438649 105.941116
0.445018 -0.042132 -0.894530 -95.321060 0.028387 0.999054 -0.032933 -8.229305 0.895072 -0.010737 0.445793 106.433590
0.453751 -0.041307 -0.890170 -96.306074 0.028068 0.999092 -0.032054 -8.286082 0.890686 -0.010441 0.454499 106.926254
0.462275 -0.040137 -0.885827 -97.291325 0.025876 0.999160 -0.031768 -8.343292 0.886359 -0.008236 0.462926 107.430485
0.471748 -0.040674 -0.880795 -98.266398 0.026854 0.999135 -0.031756 -8.400906 0.881325 -0.008672 0.472432 107.938571
0.481128 -0.041151 -0.875684 -99.227568 0.025104 0.999135 -0.033160 -8.452713 0.876291 -0.006029 0.481745 108.458556
0.492310 -0.042863 -0.869364 -100.175705 0.023725 0.999076 -0.035824 -8.510628 0.870097 -0.002989 0.492872 108.994003
0.504089 -0.042531 -0.862603 -101.113880 0.021142 0.999095 -0.036906 -8.569427 0.863393 0.000367 0.504532 109.532977
0.516931 -0.039698 -0.855106 -102.058592 0.017876 0.999207 -0.035582 -8.630148 0.855841 0.003108 0.517231 110.089068
0.529875 -0.036607 -0.847285 -102.993061 0.015551 0.999319 -0.033451 -8.692030 0.847933 0.004549 0.530084 110.668897
0.541791 -0.035840 -0.839749 -103.900317 0.017314 0.999354 -0.031481 -8.747792 0.840335 0.002517 0.542061 111.241371
0.553171 -0.035615 -0.832306 -104.788894 0.016807 0.999359 -0.031593 -8.806062 0.832898 0.003488 0.553416 111.826186
0.564548 -0.036607 -0.824588 -105.662858 0.017690 0.999323 -0.032252 -8.859904 0.825211 0.003621 0.564813 112.413262
0.575149 -0.036946 -0.817214 -106.523067 0.016678 0.999302 -0.033440 -8.910077 0.817879 0.005604 0.575363 113.013865
0.585894 -0.039171 -0.809440 -107.366245 0.019700 0.999224 -0.034096 -8.966883 0.810148 0.004031 0.586212 113.630791
0.596861 -0.036780 -0.801501 -108.207404 0.016660 0.999301 -0.033451 -9.025322 0.802172 0.006612 0.597057 114.253839
0.607311 -0.034559 -0.793712 -109.030724 0.017422 0.999393 -0.030184 -9.076508 0.794274 0.004503 0.607544 114.875473
0.616882 -0.032458 -0.786386 -109.846504 0.017684 0.999469 -0.027381 -9.132715 0.786857 0.002984 0.617129 115.507354
0.627002 -0.031476 -0.778381 -110.640144 0.015606 0.999490 -0.027846 -9.187582 0.778861 0.005312 0.627174 116.132989
0.637346 -0.030963 -0.769956 -111.414623 0.013587 0.999489 -0.028947 -9.236196 0.770458 0.007987 0.637440 116.766313
0.646561 -0.030194 -0.762264 -112.174599 0.011783 0.999492 -0.029596 -9.281690 0.762771 0.010154 0.646589 117.399603
0.655326 -0.029017 -0.754789 -112.910676 0.011106 0.999524 -0.028783 -9.329395 0.755265 0.010480 0.655336 118.031687
0.664303 -0.026192 -0.747004 -113.630270 0.009723 0.999604 -0.026402 -9.380719 0.747400 0.010276 0.664295 118.679156
0.672970 -0.025578 -0.739227 -114.338016 0.010984 0.999637 -0.024589 -9.427833 0.739588 0.008428 0.673007 119.333719
0.680874 -0.024852 -0.731979 -115.060658 0.010641 0.999654 -0.024042 -9.471369 0.732324 0.008580 0.680903 119.988514
0.688698 -0.024184 -0.724645 -115.760718 0.009332 0.999656 -0.024493 -9.517125 0.724989 0.010106 0.688687 120.646066
0.695506 -0.021969 -0.718185 -116.442761 0.008267 0.999711 -0.022575 -9.553675 0.718473 0.009763 0.695486 121.287045
0.702951 -0.018700 -0.710992 -117.113496 0.006487 0.999781 -0.019881 -9.593091 0.711208 0.009363 0.702919 121.941475
0.710618 -0.016350 -0.703388 -117.763334 0.005923 0.999834 -0.017257 -9.633439 0.703553 0.008097 0.710597 122.596288
0.717985 -0.015519 -0.695885 -118.389702 0.005182 0.999843 -0.016951 -9.675383 0.696039 0.008565 0.717953 123.245070
0.725319 -0.014239 -0.688265 -119.007860 0.003591 0.999851 -0.016901 -9.714238 0.688403 0.009787 0.725262 123.906571
0.733791 -0.011030 -0.679286 -119.636356 0.001287 0.999889 -0.014845 -9.742950 0.679374 0.010018 0.733724 124.565515
0.743603 -0.007696 -0.668576 -120.231973 0.000395 0.999939 -0.011071 -9.774913 0.668621 0.007969 0.743561 125.213900
0.752729 -0.003725 -0.658320 -120.813528 -0.003150 0.999952 -0.009260 -9.806783 0.658324 0.009044 0.752681 125.864254
0.762894 -0.002593 -0.646519 -121.369981 -0.004071 0.999953 -0.008814 -9.839449 0.646511 0.009356 0.762847 126.520665
0.772806 -0.003068 -0.634634 -121.903796 -0.004917 0.999929 -0.010822 -9.869773 0.634623 0.011484 0.772737 127.178819
0.782788 -0.003515 -0.622279 -122.431381 -0.004633 0.999923 -0.011475 -9.889511 0.622272 0.011866 0.782711 127.843184
0.792657 -0.002365 -0.609663 -122.942679 -0.005312 0.999928 -0.010785 -9.914498 0.609645 0.011788 0.792587 128.507781
0.802510 0.000111 -0.596639 -123.450884 -0.006809 0.999937 -0.008972 -9.942753 0.596600 0.011262 0.802460 129.178636
0.812541 0.002122 -0.582901 -123.940062 -0.007211 0.999953 -0.006410 -9.964670 0.582860 0.009412 0.812518 129.870375
0.821922 0.003175 -0.569592 -124.426807 -0.006715 0.999969 -0.004116 -9.986479 0.569561 0.007208 0.821917 130.564900
0.830614 0.004489 -0.556830 -124.898413 -0.006450 0.999978 -0.001560 -10.006504 0.556811 0.004887 0.830625 131.272547
0.838399 0.005260 -0.545031 -125.356834 -0.006269 0.999980 0.000006 -10.023599 0.545020 0.003412 0.838416 131.981914
0.845551 0.004472 -0.533877 -125.798867 -0.004418 0.999989 0.001378 -10.036519 0.533877 0.001193 0.845561 132.698149
0.852124 0.005168 -0.523314 -126.242423 -0.005375 0.999985 0.001123 -10.053815 0.523312 0.001856 0.852139 133.420372
0.858802 0.006123 -0.512271 -126.684042 -0.006266 0.999979 0.001447 -10.072172 0.512269 0.001967 0.858823 134.142833
0.865107 0.008291 -0.501519 -127.110684 -0.008454 0.999962 0.001950 -10.081986 0.501516 0.002553 0.865144 134.876172
0.871401 0.008438 -0.490498 -127.526277 -0.008402 0.999962 0.002276 -10.097421 0.490499 0.002138 0.871439 135.617398
0.876694 0.007369 -0.480993 -127.927065 -0.007592 0.999970 0.001483 -10.113089 0.480989 0.002352 0.876723 136.372349
0.881772 0.006745 -0.471628 -128.340792 -0.007316 0.999973 0.000623 -10.127115 0.471620 0.002901 0.881797 137.144439
0.885825 0.006210 -0.463979 -128.747212 -0.006912 0.999976 0.000188 -10.140322 0.463969 0.003041 0.885846 137.906050
0.888886 0.008090 -0.458056 -129.151246 -0.008264 0.999965 0.001623 -10.154705 0.458053 0.002343 0.888922 138.684549
0.891962 0.010692 -0.451984 -129.555504 -0.009173 0.999943 0.005553 -10.164948 0.452018 -0.000807 0.892008 139.473842
0.895162 0.015344 -0.445478 -129.956536 -0.012541 0.999879 0.009240 -10.175595 0.445565 -0.002685 0.895245 140.283181
0.898495 0.017346 -0.438641 -130.361673 -0.013625 0.999840 0.011629 -10.180946 0.438772 -0.004472 0.898587 141.094428
0.901634 0.019676 -0.432053 -130.768022 -0.015356 0.999791 0.013486 -10.184141 0.432228 -0.005525 0.901748 141.925902
0.905157 0.021257 -0.424546 -131.168364 -0.016041 0.999746 0.015858 -10.185080 0.424775 -0.007544 0.905267 142.774095
0.908252 0.022515 -0.417817 -131.577006 -0.016337 0.999698 0.018357 -10.184965 0.418104 -0.009847 0.908346 143.637591
0.911816 0.022538 -0.409980 -131.969046 -0.015739 0.999677 0.019950 -10.178962 0.410297 -0.011738 0.911876 144.512643
0.915355 0.022033 -0.402045 -132.361791 -0.015150 0.999679 0.020294 -10.177759 0.402363 -0.012486 0.915395 145.400102
0.919448 0.019658 -0.392721 -132.750047 -0.012895 0.999720 0.019853 -10.169583 0.393001 -0.013190 0.919443 146.306061
0.923105 0.018386 -0.384107 -133.132601 -0.011987 0.999747 0.019047 -10.163740 0.384360 -0.012978 0.923092 147.226460
0.927448 0.016394 -0.373592 -133.514253 -0.010711 0.999793 0.017283 -10.163004 0.373799 -0.012027 0.927432 148.163339
0.932023 0.016902 -0.362004 -133.882688 -0.012097 0.999806 0.015538 -10.160098 0.362196 -0.010103 0.932047 149.108368
0.937520 0.018945 -0.347415 -134.246174 -0.014555 0.999778 0.015241 -10.157539 0.347626 -0.009232 0.937588 150.071966
0.943657 0.023935 -0.330058 -134.601062 -0.019464 0.999669 0.016844 -10.154738 0.330352 -0.009471 0.943810 151.047951
0.949993 0.026905 -0.311109 -134.946628 -0.022012 0.999573 0.019227 -10.155683 0.311494 -0.011418 0.950180 152.042458
0.956310 0.029269 -0.290887 -135.268554 -0.024463 0.999498 0.020143 -10.150299 0.291331 -0.012147 0.956545 153.056808
0.962436 0.031942 -0.269623 -135.570379 -0.027340 0.999410 0.020806 -10.143811 0.270129 -0.012653 0.962741 154.084718
0.968259 0.032586 -0.247815 -135.845950 -0.027923 0.999361 0.022307 -10.135924 0.248384 -0.014679 0.968550 155.137493
0.973515 0.034503 -0.226004 -136.098119 -0.029634 0.999251 0.024904 -10.128780 0.226694 -0.017547 0.973808 156.215829
0.978364 0.036082 -0.203722 -136.336712 -0.030923 0.999117 0.028452 -10.114675 0.204569 -0.021537 0.978615 157.312097
0.982732 0.039114 -0.180855 -136.562300 -0.033842 0.998910 0.032145 -10.099367 0.181915 -0.025469 0.982984 158.431515
0.986556 0.039838 -0.158495 -136.753476 -0.034881 0.998815 0.033941 -10.084805 0.159659 -0.027956 0.986776 159.562446
0.989843 0.040709 -0.136211 -136.920188 -0.036632 0.998806 0.032306 -10.064457 0.137363 -0.026989 0.990153 160.701674
0.992596 0.039836 -0.114746 -137.060455 -0.036592 0.998873 0.030236 -10.046102 0.115821 -0.025813 0.992935 161.852518
0.994814 0.039220 -0.093846 -137.178126 -0.036546 0.998880 0.030039 -10.027254 0.094919 -0.026454 0.995133 163.015824
0.996493 0.039135 -0.073967 -137.273861 -0.036862 0.998813 0.031843 -10.008459 0.075126 -0.029005 0.996752 164.194995
0.997784 0.039481 -0.053565 -137.347265 -0.037752 0.998745 0.032926 -9.987695 0.054798 -0.030831 0.998021 165.392405
0.998645 0.040077 -0.033209 -137.398155 -0.038971 0.998685 0.033323 -9.971033 0.034501 -0.031984 0.998893 166.601768
0.999043 0.041919 -0.012461 -137.421838 -0.041480 0.998574 0.033601 -9.945294 0.013852 -0.033052 0.999358 167.816573
0.999060 0.042608 0.008036 -137.432215 -0.042854 0.998521 0.033444 -9.925907 -0.006599 -0.033757 0.999408 169.052455
0.998615 0.044406 0.028204 -137.411403 -0.045314 0.998447 0.032400 -9.903947 -0.026722 -0.033633 0.999077 170.296509
0.997848 0.044670 0.047991 -137.363906 -0.046168 0.998466 0.030575 -9.882630 -0.046552 -0.032725 0.998380 171.571394
0.996680 0.044571 0.068134 -137.288120 -0.046561 0.998526 0.027894 -9.867645 -0.066791 -0.030974 0.997286 172.850126
0.995132 0.047170 0.086525 -137.195269 -0.049482 0.998468 0.024772 -9.851240 -0.085224 -0.028933 0.995942 174.122997
0.993261 0.046870 0.106002 -137.062739 -0.049560 0.998509 0.022891 -9.842170 -0.104771 -0.027990 0.994102 175.412444
0.991046 0.047796 0.124671 -136.913071 -0.050497 0.998551 0.018595 -9.833924 -0.123602 -0.024724 0.992024 176.714525
0.988523 0.048063 0.143220 -136.732662 -0.050275 0.998665 0.011865 -9.834653 -0.142459 -0.018930 0.989620 178.024444
0.985703 0.050946 0.160605 -136.534074 -0.052440 0.998611 0.005076 -9.845550 -0.160123 -0.013425 0.987006 179.342610
0.982635 0.052035 0.178102 -136.316809 -0.053014 0.998593 0.000741 -9.858513 -0.177813 -0.010170 0.984012 180.665002
0.979184 0.054619 0.195489 -136.069973 -0.055004 0.998480 -0.003463 -9.882690 -0.195381 -0.007362 0.980700 181.991730
0.975339 0.056157 0.213448 -135.790004 -0.056247 0.998401 -0.005652 -9.906530 -0.213424 -0.006493 0.976938 183.325831
0.971480 0.055485 0.230538 -135.489992 -0.055701 0.998432 -0.005573 -9.938804 -0.230486 -0.007427 0.973047 184.671756
0.967305 0.053640 0.247878 -135.163358 -0.053363 0.998544 -0.007840 -9.971529 -0.247937 -0.005644 0.968760 186.015914
0.963040 0.053975 0.263894 -134.807990 -0.052141 0.998542 -0.013954 -10.008567 -0.264262 -0.000322 0.964451 187.362504
0.958251 0.055586 0.280475 -134.438572 -0.052991 0.998453 -0.016835 -10.049775 -0.280977 0.001269 0.959714 188.701474
0.953041 0.058263 0.297185 -134.034679 -0.055753 0.998301 -0.016922 -10.097911 -0.297666 -0.000442 0.954670 190.046569
0.947045 0.060306 0.315386 -133.596473 -0.057372 0.998180 -0.018586 -10.149454 -0.315933 -0.000493 0.948781 191.402514
0.941057 0.062319 0.332457 -133.144638 -0.057980 0.998054 -0.022964 -10.200215 -0.333241 0.002335 0.942839 192.758601
0.934689 0.062439 0.349940 -132.666292 -0.056969 0.998040 -0.025913 -10.254761 -0.350872 0.004284 0.936414 194.109747
0.928222 0.063339 0.366596 -132.164219 -0.056289 0.997967 -0.029899 -10.316514 -0.367744 0.007117 0.929900 195.457985
0.920909 0.064467 0.384410 -131.621376 -0.054819 0.997847 -0.036016 -10.386208 -0.385904 0.012094 0.922460 196.799162
0.912419 0.067662 0.403625 -131.050771 -0.055606 0.997589 -0.041532 -10.463929 -0.405462 0.015451 0.913981 198.137769
0.901841 0.071595 0.426095 -130.448443 -0.057994 0.997310 -0.044828 -10.553728 -0.428158 0.015717 0.903567 199.476802
0.889820 0.074170 0.450243 -129.819931 -0.059449 0.997135 -0.046771 -10.642112 -0.452422 0.014851 0.891680 200.808927
0.876397 0.078950 0.475073 -129.157040 -0.062455 0.996773 -0.050434 -10.733759 -0.477522 0.014529 0.878500 202.124497
0.862564 0.082144 0.499235 -128.447325 -0.063684 0.996512 -0.053935 -10.835898 -0.501924 0.014729 0.864787 203.421437
0.847816 0.085971 0.523276 -127.694632 -0.065445 0.996190 -0.057633 -10.945613 -0.526238 0.014617 0.850212 204.707783
0.833173 0.086186 0.546255 -126.906226 -0.063723 0.996164 -0.059977 -11.057818 -0.549329 0.015162 0.835469 205.971644
0.817658 0.088113 0.568921 -126.078557 -0.063119 0.995981 -0.063541 -11.170355 -0.572233 0.016045 0.819934 207.213250
0.801592 0.089935 0.591068 -125.209231 -0.060443 0.995747 -0.069537 -11.300024 -0.594808 0.020014 0.803618 208.443714
0.785656 0.091619 0.611842 -124.316604 -0.058385 0.995540 -0.074104 -11.428772 -0.615903 0.022498 0.787501 209.646721
0.769739 0.093492 0.631475 -123.384822 -0.056808 0.995325 -0.078115 -11.567800 -0.635826 0.024255 0.771452 210.830708
0.753753 0.094682 0.650301 -122.410947 -0.054988 0.995183 -0.081160 -11.716196 -0.654853 0.025416 0.755329 211.998032
0.738178 0.094445 0.667962 -121.414934 -0.052514 0.995192 -0.082679 -11.866057 -0.672559 0.025954 0.739589 213.142094
0.722996 0.095357 0.684239 -120.392364 -0.050499 0.995073 -0.085316 -12.020955 -0.689004 0.027129 0.724250 214.254379
0.708628 0.095461 0.699095 -119.343658 -0.047075 0.994994 -0.088149 -12.179439 -0.704010 0.029555 0.709575 215.348447
0.693996 0.097425 0.713357 -118.269304 -0.044367 0.994706 -0.092687 -12.343569 -0.718611 0.032675 0.694645 216.420118
0.679325 0.099853 0.727012 -117.169819 -0.042678 0.994398 -0.096699 -12.509029 -0.732596 0.034663 0.679781 217.484647
0.664336 0.100714 0.740617 -116.049144 -0.040511 0.994275 -0.098869 -12.683748 -0.746336 0.035680 0.664613 218.517837
0.648883 0.102119 0.754004 -114.910460 -0.040667 0.994191 -0.099651 -12.864111 -0.759801 0.033999 0.649267 219.523376
0.632463 0.102269 0.767810 -113.751970 -0.040710 0.994264 -0.098898 -13.037145 -0.773520 0.031292 0.632999 220.509810
0.614467 0.104144 0.782039 -112.571503 -0.043803 0.994224 -0.097983 -13.225779 -0.787726 0.025952 0.615479 221.479536
0.596285 0.104153 0.795987 -111.366773 -0.045057 0.994327 -0.096353 -13.405470 -0.801507 0.021589 0.597596 222.419663
0.578652 0.107047 0.808519 -110.164936 -0.047638 0.994093 -0.097522 -13.589991 -0.814182 0.017916 0.580333 223.326118
0.560219 0.109929 0.821017 -108.949838 -0.047460 0.993786 -0.100678 -13.777456 -0.826984 0.017436 0.561956 224.191824
0.541769 0.112214 0.833003 -107.739307 -0.049092 0.993581 -0.101917 -13.958158 -0.839093 0.014321 0.543800 225.014604
0.521788 0.111133 0.845805 -106.524040 -0.049078 0.993747 -0.100295 -14.135355 -0.851662 0.010822 0.523979 225.803576
0.501168 0.109622 0.858378 -105.299085 -0.048916 0.993946 -0.098375 -14.317959 -0.863966 0.007314 0.503497 226.558185
0.479541 0.107718 0.870883 -104.058117 -0.048735 0.994175 -0.096133 -14.491931 -0.876165 0.003657 0.481997 227.279898
0.458256 0.106898 0.882368 -102.819697 -0.048911 0.994270 -0.095052 -14.669246 -0.887474 0.000401 0.460859 227.976493
0.437058 0.105485 0.893226 -101.567469 -0.046914 0.994421 -0.094480 -14.835950 -0.898209 -0.000612 0.439569 228.620355
0.415853 0.105297 0.903315 -100.302026 -0.046329 0.994438 -0.094591 -15.000637 -0.908251 -0.002513 0.418419 229.216806
0.395467 0.103821 0.912593 -99.039343 -0.042065 0.994596 -0.094921 -15.166091 -0.917516 -0.000850 0.397697 229.787373
0.374645 0.104706 0.921237 -97.780907 -0.039606 0.994503 -0.096926 -15.330092 -0.926322 -0.000174 0.376733 230.319653
0.354224 0.102463 0.929530 -96.526294 -0.035217 0.994736 -0.096230 -15.488900 -0.934497 0.001352 0.355968 230.812536
0.333133 0.101237 0.937429 -95.261860 -0.034037 0.994862 -0.095343 -15.655923 -0.942266 -0.000146 0.334867 231.269552
0.312875 0.101877 0.944315 -94.000063 -0.031853 0.994797 -0.096769 -15.819932 -0.949260 0.000198 0.314492 231.709607
0.292427 0.109740 0.949970 -92.758421 -0.033909 0.993959 -0.104384 -15.980664 -0.955687 -0.001687 0.294382 232.122970
0.273880 0.118383 0.954450 -91.530822 -0.034162 0.992967 -0.113358 -16.147110 -0.961157 -0.001560 0.275998 232.506637
0.254693 0.124619 0.958958 -90.304208 -0.035428 0.992198 -0.119529 -16.330567 -0.966373 -0.003531 0.257121 232.856494
0.234682 0.127262 0.963706 -89.079165 -0.039007 0.991828 -0.121476 -16.513006 -0.971289 -0.009083 0.237728 233.179285
0.214904 0.127497 0.968277 -87.846872 -0.041176 0.991743 -0.121448 -16.696602 -0.975767 -0.013770 0.218379 233.473202
0.194196 0.127940 0.972584 -86.617939 -0.044331 0.991590 -0.121589 -16.877506 -0.979961 -0.019504 0.198234 233.747992
0.175157 0.126461 0.976385 -85.407337 -0.044638 0.991717 -0.120439 -17.056077 -0.983528 -0.022488 0.179351 233.997731
0.156898 0.125970 0.979548 -84.205903 -0.044170 0.991735 -0.120462 -17.231036 -0.986627 -0.024367 0.161165 234.207506
0.138299 0.124622 0.982518 -83.017259 -0.041465 0.991910 -0.119976 -17.400955 -0.989522 -0.024148 0.142348 234.399230
0.119987 0.126734 0.984653 -81.832161 -0.042389 0.991568 -0.122459 -17.573439 -0.991870 -0.027045 0.124347 234.560480
0.100466 0.129037 0.986537 -80.634837 -0.043460 0.991177 -0.125218 -17.746246 -0.993991 -0.030295 0.105187 234.709597
0.082589 0.128898 0.988213 -79.449031 -0.043471 0.991123 -0.125644 -17.916030 -0.995635 -0.032581 0.087459 234.841922
0.066288 0.124991 0.989941 -78.275673 -0.042604 0.991573 -0.122344 -18.086277 -0.996891 -0.034065 0.071055 234.937381
0.051640 0.120585 0.991359 -77.114463 -0.039465 0.992154 -0.118626 -18.255491 -0.997886 -0.032998 0.055993 235.015703
0.038098 0.116520 0.992457 -75.956042 -0.039011 0.992595 -0.115038 -18.420130 -0.998512 -0.034334 0.042362 235.061079
0.025500 0.113922 0.993162 -74.808425 -0.035529 0.992961 -0.112987 -18.582296 -0.999043 -0.032404 0.029368 235.108405
0.016899 0.115087 0.993211 -73.688291 -0.035715 0.992789 -0.114430 -18.734628 -0.999219 -0.033539 0.020888 235.143983
0.008742 0.117320 0.993055 -72.589157 -0.036038 0.992485 -0.116935 -18.886353 -0.999312 -0.034765 0.012905 235.154174
0.001900 0.119222 0.992866 -71.491962 -0.038095 0.992156 -0.119063 -19.038861 -0.999273 -0.037597 0.006427 235.155476
-0.003532 0.125759 0.992054 -70.407045 -0.038070 0.991325 -0.125802 -19.198484 -0.999269 -0.038212 0.001286 235.172153
-0.007936 0.132603 0.991137 -69.343409 -0.037786 0.990421 -0.132810 -19.362748 -0.999255 -0.038505 -0.002850 235.183840
-0.012199 0.130893 0.991321 -68.287223 -0.038728 0.990590 -0.131273 -19.515951 -0.999176 -0.039993 -0.007015 235.182698
-0.014404 0.119472 0.992733 -67.225381 -0.036163 0.992124 -0.119923 -19.675212 -0.999242 -0.037627 -0.009970 235.168773
-0.016550 0.112347 0.993531 -66.161401 -0.035918 0.992959 -0.112880 -19.831251 -0.999218 -0.037554 -0.012398 235.155258
-0.017529 0.111285 0.993634 -65.107917 -0.034881 0.993114 -0.111842 -19.969201 -0.999238 -0.036620 -0.013526 235.154109
-0.016976 0.114002 0.993335 -64.083446 -0.035121 0.992798 -0.114540 -20.106735 -0.999239 -0.036831 -0.012850 235.148931
-0.016223 0.116749 0.993029 -63.062933 -0.034919 0.992488 -0.117256 -20.239534 -0.999259 -0.036577 -0.012024 235.143042
-0.014083 0.118275 0.992881 -62.049298 -0.037067 0.992235 -0.118723 -20.378415 -0.999214 -0.038475 -0.009589 235.136594
-0.012013 0.119613 0.992748 -61.036216 -0.039763 0.991977 -0.120002 -20.521040 -0.999137 -0.040916 -0.007161 235.142799
-0.008986 0.120117 0.992719 -60.029058 -0.040444 0.991903 -0.120384 -20.662027 -0.999142 -0.041231 -0.004055 235.144731
-0.004545 0.121924 0.992529 -59.029649 -0.044200 0.991545 -0.122005 -20.805895 -0.999013 -0.044425 0.000883 235.160909
0.001076 0.121980 0.992532 -58.046867 -0.045209 0.991524 -0.121807 -20.940977 -0.998977 -0.044740 0.006581 235.172064
0.007337 0.121431 0.992573 -57.041592 -0.045693 0.991603 -0.120974 -21.083016 -0.998929 -0.044466 0.012824 235.189061
0.014329 0.119029 0.992787 -56.055879 -0.044018 0.992002 -0.118300 -21.223931 -0.998928 -0.042005 0.019454 235.219114
0.022592 0.119945 0.992523 -55.075727 -0.043300 0.991963 -0.118891 -21.363118 -0.998807 -0.040291 0.027604 235.244343
0.029644 0.119820 0.992353 -54.126570 -0.044440 0.991966 -0.118445 -21.489531 -0.998572 -0.040589 0.034731 235.283853
0.036512 0.119720 0.992136 -53.144475 -0.046026 0.991946 -0.118003 -21.623681 -0.998273 -0.041355 0.041729 235.320033
0.042005 0.118119 0.992110 -52.136683 -0.047856 0.992085 -0.116090 -21.759314 -0.997971 -0.042602 0.047325 235.376281
0.049108 0.115800 0.992058 -51.148861 -0.047470 0.992404 -0.113490 -21.890682 -0.997665 -0.041520 0.054232 235.445787
0.056450 0.114643 0.991801 -50.172928 -0.047743 0.992559 -0.112013 -22.023895 -0.997263 -0.041029 0.061503 235.513700
0.064664 0.115681 0.991179 -49.194062 -0.046047 0.992546 -0.112837 -22.152284 -0.996844 -0.038344 0.069509 235.589505
0.069416 0.117394 0.990656 -48.242363 -0.046284 0.992361 -0.114353 -22.276907 -0.996514 -0.037913 0.074319 235.667346
0.076782 0.118878 0.989935 -47.307145 -0.046368 0.992218 -0.115555 -22.399337 -0.995969 -0.037029 0.081697 235.761624
0.083790 0.120504 0.989170 -46.360148 -0.050104 0.991915 -0.116594 -22.531924 -0.995223 -0.039792 0.089150 235.858662
0.090073 0.121142 0.988540 -45.401259 -0.051529 0.991812 -0.116848 -22.660485 -0.994601 -0.040414 0.095578 235.953158
0.096582 0.120007 0.988064 -44.438314 -0.052391 0.991942 -0.115357 -22.787052 -0.993945 -0.040624 0.102091 236.061906
0.103566 0.116936 0.987724 -43.488596 -0.050686 0.992395 -0.112174 -22.914677 -0.993330 -0.038446 0.108706 236.187269
0.110560 0.115543 0.987130 -42.547652 -0.051824 0.992538 -0.110372 -23.037102 -0.992518 -0.038954 0.115723 236.306079
