1.000000 0.000000 0.000000 0.000000 -0.000000 1.000000 0.000000 0.000000 -0.000000 0.000000 1.000000 0.000000
0.999984 -0.001675 -0.005404 -0.003494 0.001666 0.999997 -0.001793 -0.014934 0.005407 0.001784 0.999984 0.891438
0.999958 -0.000979 -0.009137 -0.015405 0.000953 0.999995 -0.002917 -0.020937 0.009139 0.002908 0.999954 1.622787
0.999918 -0.000301 -0.012798 -0.025831 0.000249 0.999992 -0.004015 -0.026993 0.012799 0.004012 0.999910 2.354576
0.999846 -0.000136 -0.017543 -0.044833 0.000065 0.999992 -0.004071 -0.035223 0.017543 0.004070 0.999838 3.087566
0.999749 -0.000238 -0.022392 -0.066178 0.000137 0.999990 -0.004548 -0.050469 0.022393 0.004544 0.999739 3.844938
0.999633 0.001446 -0.027038 -0.099217 -0.001593 0.999984 -0.005390 -0.062170 0.027030 0.005432 0.999620 4.611516
0.999488 0.004806 -0.031625 -0.132148 -0.004983 0.999972 -0.005513 -0.073840 0.031598 0.005668 0.999485 5.411068
0.999327 0.004403 -0.036423 -0.165527 -0.004538 0.999983 -0.003629 -0.085588 0.036407 0.003792 0.999330 6.205625
0.999165 0.003196 -0.040733 -0.204868 -0.003209 0.999995 -0.000265 -0.095436 0.040732 0.000396 0.999170 7.006528
0.999045 0.002997 -0.043585 -0.242279 -0.002941 0.999995 0.001352 -0.109653 0.043589 -0.001222 0.999049 7.825169
0.998936 0.004059 -0.045931 -0.288147 -0.004019 0.999991 0.000954 -0.121936 0.045935 -0.000769 0.998944 8.648168
0.998851 0.001512 -0.047891 -0.330014 -0.001481 0.999999 0.000693 -0.131213 0.047892 -0.000621 0.998852 9.483207
0.998762 -0.000347 -0.049740 -0.363872 0.000400 0.999999 0.001060 -0.140866 0.049740 -0.001079 0.998762 10.324091
0.998679 -0.000601 -0.051385 -0.413848 0.000698 0.999998 0.001881 -0.148667 0.051384 -0.001914 0.998677 11.179718
0.998603 -0.001197 -0.052830 -0.460718 0.001249 0.999999 0.000955 -0.161783 0.052828 -0.001019 0.998603 12.041621
0.998505 0.000724 -0.054662 -0.517333 -0.000792 0.999999 -0.001217 -0.172260 0.054661 0.001258 0.998504 12.907060
0.998426 0.000481 -0.056079 -0.574942 -0.000671 0.999994 -0.003376 -0.185693 0.056078 0.003408 0.998421 13.777697
0.998311 0.005369 -0.057848 -0.634377 -0.005630 0.999975 -0.004355 -0.197379 0.057823 0.004673 0.998316 14.666080
0.998262 0.005510 -0.058681 -0.698902 -0.005724 0.999978 -0.003483 -0.213037 0.058660 0.003813 0.998271 15.555661
0.998167 0.004429 -0.060355 -0.755515 -0.004532 0.999989 -0.001561 -0.229864 0.060348 0.001831 0.998176 16.460126
0.998105 0.004145 -0.061401 -0.811559 -0.004193 0.999991 -0.000652 -0.244559 0.061398 0.000908 0.998113 17.366030
0.998015 0.005172 -0.062771 -0.871870 -0.005210 0.999986 -0.000434 -0.259236 0.062768 0.000760 0.998028 18.273127
0.997928 0.003342 -0.064255 -0.929675 -0.003441 0.999993 -0.001418 -0.272757 0.064250 0.001637 0.997933 19.189513
0.997876 0.002589 -0.065090 -0.997371 -0.002661 0.999996 -0.001012 -0.282489 0.065087 0.001183 0.997879 20.116086
0.997843 0.003614 -0.065548 -1.055382 -0.003528 0.999993 0.001435 -0.296463 0.065553 -0.001201 0.997848 21.044854
0.997880 0.005021 -0.064880 -1.124009 -0.004683 0.999975 0.005360 -0.307623 0.064906 -0.005045 0.997879 21.979495
0.997904 0.005644 -0.064466 -1.195123 -0.005097 0.999950 0.008648 -0.317349 0.064511 -0.008301 0.997882 22.914165
0.998034 0.004226 -0.062531 -1.255968 -0.003515 0.999928 0.011464 -0.321913 0.062575 -0.011222 0.997977 23.861452
0.998155 0.004603 -0.060536 -1.314881 -0.003959 0.999934 0.010757 -0.328204 0.060581 -0.010497 0.998108 24.819833
0.998226 0.004285 -0.059388 -1.369414 -0.003843 0.999964 0.007545 -0.335907 0.059418 -0.007304 0.998206 25.769801
0.998285 0.005050 -0.058323 -1.435252 -0.004842 0.999981 0.003698 -0.337943 0.058341 -0.003410 0.998291 26.727697
0.998345 0.004429 -0.057335 -1.496265 -0.004345 0.999989 0.001586 -0.347355 0.057341 -0.001334 0.998354 27.681877
0.998382 0.003819 -0.056727 -1.548608 -0.003574 0.999984 0.004417 -0.356987 0.056743 -0.004207 0.998380 28.651316
0.998348 0.001912 -0.057421 -1.611757 -0.001365 0.999953 0.009575 -0.364942 0.057437 -0.009481 0.998304 29.629888
0.998289 -0.004195 -0.058318 -1.665440 0.004891 0.999919 0.011786 -0.376442 0.058264 -0.012051 0.998228 30.619640
0.998125 -0.013357 -0.059738 -1.715381 0.013960 0.999856 0.009697 -0.384818 0.059600 -0.010513 0.998167 31.602814
0.998069 -0.013158 -0.060700 -1.777141 0.013586 0.999886 0.006638 -0.383500 0.060606 -0.007450 0.998134 32.571480
0.997973 -0.012042 -0.062490 -1.842581 0.012294 0.999918 0.003641 -0.391592 0.062441 -0.004402 0.998039 33.543646
0.997877 -0.010771 -0.064230 -1.909606 0.011022 0.999933 0.003560 -0.399314 0.064188 -0.004260 0.997929 34.548453
0.997854 -0.009469 -0.064785 -1.979161 0.009884 0.999933 0.006090 -0.414237 0.064723 -0.006717 0.997881 35.565094
0.997794 -0.007695 -0.065944 -2.049699 0.008235 0.999935 0.007928 -0.421610 0.065879 -0.008454 0.997792 36.562733
0.997722 -0.006890 -0.067113 -2.125991 0.007578 0.999921 0.010002 -0.432323 0.067039 -0.010488 0.997695 37.575893
0.997692 -0.006895 -0.067548 -2.193338 0.007725 0.999898 0.012042 -0.439951 0.067458 -0.012536 0.997643 38.573680
0.997710 -0.003000 -0.067573 -2.269815 0.004115 0.999857 0.016376 -0.444595 0.067515 -0.016617 0.997580 39.574447
0.997683 0.000178 -0.068034 -2.354695 0.001014 0.999846 0.017497 -0.443145 0.068027 -0.017526 0.997530 40.570016
0.997636 -0.001443 -0.068709 -2.437901 0.002604 0.999855 0.016817 -0.449780 0.068675 -0.016956 0.997495 41.581223
0.997665 -0.001593 -0.068284 -2.507886 0.002613 0.999886 0.014851 -0.449998 0.068253 -0.014995 0.997555 42.578863
0.997659 0.002197 -0.068348 -2.585828 -0.001275 0.999908 0.013536 -0.451706 0.068372 -0.013417 0.997570 43.555068
0.997577 0.000173 -0.069570 -2.654925 0.000817 0.999899 0.014195 -0.460298 0.069566 -0.014217 0.997476 44.550604
0.997493 -0.002475 -0.070724 -2.718974 0.003578 0.999874 0.015472 -0.459049 0.070677 -0.015686 0.997376 45.541874
0.997463 0.000063 -0.071183 -2.795369 0.001078 0.999872 0.015985 -0.467207 0.071175 -0.016022 0.997335 46.531224
0.997454 0.001204 -0.071299 -2.874700 -0.000368 0.999931 0.011736 -0.478430 0.071308 -0.011680 0.997386 47.514909
0.997411 0.001506 -0.071892 -2.949783 -0.000885 0.999962 0.008673 -0.479227 0.071902 -0.008587 0.997375 48.503579
0.997342 0.002053 -0.072838 -3.025940 -0.001426 0.999961 0.008667 -0.490478 0.072853 -0.008540 0.997306 49.449311
0.997362 0.001759 -0.072570 -3.097320 -0.000805 0.999913 0.013178 -0.494028 0.072586 -0.013085 0.997276 50.436206
0.997330 -0.001480 -0.073011 -3.167722 0.002592 0.999882 0.015139 -0.506858 0.072980 -0.015288 0.997216 51.403648
0.997319 -0.004463 -0.073034 -3.237607 0.005595 0.999867 0.015313 -0.511720 0.072956 -0.015680 0.997212 52.360588
0.997253 -0.007577 -0.073685 -3.305445 0.008656 0.999860 0.014339 -0.516308 0.073566 -0.014938 0.997178 53.316712
0.997177 -0.010488 -0.074356 -3.374280 0.011536 0.999840 0.013680 -0.527806 0.074201 -0.014500 0.997138 54.282977
0.997126 -0.011071 -0.074945 -3.448585 0.012321 0.999792 0.016244 -0.526558 0.074750 -0.017121 0.997055 55.240726
0.996985 -0.014298 -0.076268 -3.524441 0.015948 0.999651 0.021057 -0.526591 0.075940 -0.022209 0.996865 56.197663
0.996951 -0.013761 -0.076812 -3.596421 0.015731 0.999561 0.025097 -0.532990 0.076433 -0.026228 0.996730 57.158555
0.996926 -0.012184 -0.077393 -3.679998 0.014243 0.999558 0.026111 -0.521842 0.077040 -0.027133 0.996659 58.109402
0.996780 -0.011591 -0.079347 -3.767773 0.013260 0.999701 0.020549 -0.521424 0.079085 -0.021535 0.996635 59.048224
0.996721 -0.010646 -0.080206 -3.844927 0.011787 0.999836 0.013764 -0.520363 0.080046 -0.014664 0.996683 59.973912
0.996658 -0.006792 -0.081408 -3.931440 0.007727 0.999908 0.011181 -0.528715 0.081325 -0.011773 0.996618 60.890644
0.996647 -0.000998 -0.081810 -4.012230 0.002054 0.999916 0.012824 -0.530337 0.081790 -0.012949 0.996565 61.795865
0.996568 -0.000203 -0.082773 -4.097159 0.001452 0.999886 0.015034 -0.545401 0.082760 -0.015103 0.996455 62.684276
0.996476 0.000898 -0.083869 -4.177741 0.000420 0.999877 0.015694 -0.555117 0.083872 -0.015674 0.996353 63.561542
0.996388 0.001266 -0.084906 -4.255423 0.000109 0.999869 0.016196 -0.556479 0.084916 -0.016147 0.996257 64.425000
0.996250 0.003795 -0.086433 -4.332390 -0.002325 0.999851 0.017110 -0.561215 0.086485 -0.016845 0.996111 65.282559
0.996113 0.004049 -0.087992 -4.418426 -0.002496 0.999839 0.017755 -0.568880 0.088050 -0.017466 0.995963 66.113724
0.995979 0.004079 -0.089493 -4.491152 -0.002457 0.999831 0.018226 -0.574988 0.089552 -0.017933 0.995821 66.929041
0.995846 0.004512 -0.090938 -4.572505 -0.002713 0.999798 0.019895 -0.576686 0.091010 -0.019565 0.995658 67.732767
0.995723 0.009141 -0.091938 -4.657447 -0.007048 0.999709 0.023062 -0.576058 0.092122 -0.022316 0.995498 68.539466
0.995559 0.009627 -0.093644 -4.741393 -0.007176 0.999623 0.026484 -0.575797 0.093863 -0.025694 0.995253 69.321474
0.995375 0.012660 -0.095223 -4.820949 -0.010130 0.999584 0.027011 -0.575565 0.095526 -0.025922 0.995089 70.080704
0.995199 0.015618 -0.096619 -4.907937 -0.013575 0.999671 0.021765 -0.577866 0.096927 -0.020349 0.995083 70.825749
0.995090 0.014216 -0.097945 -4.987183 -0.012949 0.999824 0.013557 -0.583168 0.098120 -0.012222 0.995100 71.560484
0.994975 0.013808 -0.099164 -5.060944 -0.012885 0.999868 0.009937 -0.587167 0.099288 -0.008609 0.995021 72.247955
0.994901 0.016311 -0.099530 -5.138209 -0.015311 0.999824 0.010797 -0.586637 0.099689 -0.009218 0.994976 72.923794
0.994716 0.020241 -0.100648 -5.217228 -0.018862 0.999715 0.014641 -0.595884 0.100916 -0.012665 0.994814 73.601275
0.994626 0.017363 -0.102065 -5.289565 -0.015927 0.999763 0.014869 -0.612891 0.102299 -0.013164 0.994667 74.250193
0.994643 0.011875 -0.102686 -5.350346 -0.010824 0.999883 0.010788 -0.618444 0.102802 -0.009619 0.994655 74.861960
0.994754 0.003947 -0.102216 -5.401803 -0.003371 0.999977 0.005804 -0.627512 0.102236 -0.005429 0.994745 75.469747
0.994967 0.001665 -0.100185 -5.458213 -0.001439 0.999996 0.002332 -0.632760 0.100189 -0.002176 0.994966 76.058075
0.995292 0.006112 -0.096727 -5.521346 -0.005780 0.999976 0.003716 -0.647151 0.096747 -0.003140 0.995304 76.634885
0.995712 0.010368 -0.091930 -5.580889 -0.009820 0.999931 0.006412 -0.648689 0.091990 -0.005482 0.995745 77.193432
0.996104 0.007940 -0.087826 -5.631314 -0.007076 0.999923 0.010151 -0.657602 0.087900 -0.009490 0.996084 77.746975
0.996716 0.002448 -0.080935 -5.663778 -0.001275 0.999893 0.014548 -0.667390 0.080962 -0.014397 0.996613 78.280134
0.997423 -0.000605 -0.071742 -5.688067 0.001850 0.999849 0.017291 -0.676193 0.071721 -0.017380 0.997273 78.811900
0.998236 0.002958 -0.059298 -5.721278 -0.001961 0.999856 0.016874 -0.682643 0.059340 -0.016728 0.998098 79.318463
0.999056 0.009063 -0.042484 -5.743938 -0.008349 0.999821 0.016949 -0.682749 0.042630 -0.016578 0.998953 79.819137
0.999641 0.013579 -0.023083 -5.755108 -0.013178 0.999761 0.017426 -0.679819 0.023314 -0.017115 0.999582 80.309865
0.999950 0.009954 0.000562 -5.740821 -0.009963 0.999788 0.018005 -0.684447 -0.000383 -0.018010 0.999838 80.782280
0.999582 0.006246 0.028227 -5.705058 -0.006798 0.999787 0.019482 -0.688824 -0.028099 -0.019666 0.999412 81.244593
0.998240 0.006323 0.058971 -5.659423 -0.007576 0.999750 0.021043 -0.690749 -0.058823 -0.021453 0.998038 81.694555
0.995563 0.005629 0.093925 -5.595827 -0.007787 0.999714 0.022621 -0.691552 -0.093770 -0.023252 0.995322 82.139323
0.991053 0.005368 0.133363 -5.519254 -0.008488 0.999703 0.022835 -0.691842 -0.133201 -0.023762 0.990804 82.567871
0.984073 0.005229 0.177687 -5.411207 -0.009488 0.999688 0.023126 -0.689300 -0.177511 -0.024444 0.983815 82.994161
0.974421 0.004983 0.224673 -5.275871 -0.010295 0.999694 0.022477 -0.693630 -0.224493 -0.024215 0.974175 83.406495
0.961286 0.006057 0.275486 -5.131977 -0.012048 0.999726 0.020061 -0.698916 -0.275290 -0.022603 0.961096 83.820868
0.944252 0.006716 0.329155 -4.972572 -0.013288 0.999755 0.017721 -0.698952 -0.328955 -0.021107 0.944110 84.191810
0.922887 0.006478 0.385016 -4.773578 -0.013599 0.999783 0.015773 -0.699193 -0.384831 -0.019793 0.922775 84.549640
0.897062 0.007221 0.441845 -4.559738 -0.014822 0.999796 0.013752 -0.698049 -0.441655 -0.018885 0.896986 84.896510
0.866688 0.006129 0.498813 -4.333406 -0.013616 0.999843 0.011372 -0.695228 -0.498665 -0.016648 0.866635 85.215982
0.832412 0.004982 0.554135 -4.084079 -0.012257 0.999880 0.009423 -0.702063 -0.554022 -0.014637 0.832373 85.514872
0.794750 0.003680 0.606926 -3.812737 -0.011487 0.999894 0.008980 -0.709523 -0.606828 -0.014109 0.794708 85.790394
0.754078 0.002900 0.656779 -3.526687 -0.012681 0.999868 0.010145 -0.715128 -0.656663 -0.015979 0.754015 86.056140
0.710389 0.001646 0.703807 -3.231752 -0.013956 0.999834 0.011748 -0.716091 -0.703671 -0.018168 0.710294 86.300417
0.664676 -0.000141 0.747131 -2.917620 -0.012442 0.999859 0.011258 -0.719908 -0.747028 -0.016779 0.664581 86.512975
0.618113 -0.002523 0.786085 -2.591575 -0.008050 0.999922 0.009539 -0.724729 -0.786048 -0.012224 0.618045 86.703449
0.571262 -0.004219 0.820756 -2.252274 -0.005157 0.999949 0.008729 -0.728876 -0.820751 -0.009219 0.571211 86.870561
0.524444 -0.002184 0.851442 -1.921878 -0.008136 0.999938 0.007576 -0.737902 -0.851406 -0.010900 0.524394 87.027861
0.477597 0.000087 0.878579 -1.585947 -0.011463 0.999915 0.006132 -0.743325 -0.878504 -0.013000 0.477558 87.175498
0.433206 0.001082 0.901294 -1.241259 -0.011256 0.999928 0.004210 -0.747083 -0.901225 -0.011968 0.433187 87.301809
0.392135 -0.003831 0.919900 -0.886209 0.000434 0.999992 0.003979 -0.753586 -0.919908 -0.001161 0.392133 87.407873
0.353893 -0.011545 0.935214 -0.507227 0.012604 0.999892 0.007574 -0.750243 -0.935201 0.009107 0.354000 87.482318
0.318757 -0.012406 0.947755 -0.130413 0.013399 0.999873 0.008582 -0.750576 -0.947742 0.009964 0.318883 87.564232
0.286148 -0.006889 0.958161 0.231790 0.006918 0.999963 0.005123 -0.756811 -0.958161 0.005163 0.286185 87.656241
0.256174 0.000314 0.966631 0.585609 -0.004420 0.999990 0.000847 -0.767985 -0.966621 -0.004490 0.256172 87.753734
0.230285 0.003186 0.973118 0.953412 -0.006242 0.999979 -0.001797 -0.781415 -0.973103 -0.005661 0.230300 87.846924
0.205270 0.004285 0.978696 1.359248 -0.002313 0.999990 -0.003893 -0.794776 -0.978703 -0.001465 0.205278 87.913789
0.183244 0.006774 0.983044 1.771846 0.005974 0.999950 -0.008004 -0.796167 -0.983049 0.007339 0.183195 87.958563
0.162870 0.014147 0.986546 2.195749 0.011458 0.999803 -0.016229 -0.790033 -0.986581 0.013947 0.162676 87.993620
0.143743 0.018628 0.989440 2.615512 0.011735 0.999720 -0.020526 -0.788698 -0.989546 0.014561 0.143484 88.040305
0.127398 0.016679 0.991711 3.051915 0.007121 0.999817 -0.017730 -0.797955 -0.991826 0.009321 0.127256 88.097072
0.112542 0.012494 0.993568 3.515043 0.005970 0.999894 -0.013250 -0.819643 -0.993629 0.007423 0.112456 88.155761
0.098313 0.009685 0.995108 3.994504 0.007563 0.999916 -0.010479 -0.839111 -0.995127 0.008557 0.098232 88.193516
0.085636 0.007360 0.996299 4.491077 0.010890 0.999906 -0.008323 -0.847951 -0.996267 0.011563 0.085548 88.222809
0.074571 0.007053 0.997191 4.991344 0.015261 0.999850 -0.008213 -0.858664 -0.997099 0.015831 0.074452 88.246785
0.065143 0.007669 0.997846 5.510510 0.017726 0.999804 -0.008841 -0.869302 -0.997719 0.018264 0.064994 88.269007
0.058288 0.007860 0.998269 6.048606 0.018883 0.999781 -0.008975 -0.876687 -0.998121 0.019373 0.058126 88.292416
0.052822 0.008477 0.998568 6.609799 0.021037 0.999733 -0.009600 -0.890441 -0.998383 0.021514 0.052630 88.313146
0.046858 0.009428 0.998857 7.179643 0.021473 0.999715 -0.010443 -0.899346 -0.998671 0.021938 0.046643 88.337039
0.041559 0.009746 0.999088 7.765654 0.022087 0.999699 -0.010671 -0.908541 -0.998892 0.022511 0.041331 88.367614
0.038317 0.009703 0.999218 8.369067 0.024424 0.999645 -0.010644 -0.921426 -0.998967 0.024813 0.038066 88.393989
0.035312 0.009053 0.999335 9.004684 0.026047 0.999611 -0.009976 -0.930719 -0.999037 0.026381 0.035062 88.410932
0.032314 0.008690 0.999440 9.653345 0.025327 0.999634 -0.009511 -0.944374 -0.999157 0.025620 0.032082 88.429768
0.030406 0.008120 0.999504 10.320110 0.029211 0.999533 -0.009009 -0.954558 -0.999111 0.029471 0.030155 88.445933
0.030756 0.007617 0.999498 11.000469 0.032356 0.999439 -0.008612 -0.967786 -0.999003 0.032605 0.030493 88.458747
0.032296 0.007068 0.999453 11.699372 0.036657 0.999294 -0.008252 -0.982841 -0.998806 0.036903 0.032014 88.481464
0.035381 0.006707 0.999351 12.419958 0.038641 0.999221 -0.008074 -0.994481 -0.998627 0.038901 0.035094 88.501887
0.039795 0.006333 0.999188 13.154705 0.041447 0.999109 -0.007984 -1.006318 -0.998348 0.041731 0.039497 88.540767
0.044015 0.005387 0.999016 13.908177 0.042370 0.999076 -0.007254 -1.015762 -0.998132 0.042648 0.043746 88.579950
0.048279 0.003523 0.998827 14.674177 0.043008 0.999059 -0.005602 -1.030877 -0.997908 0.043228 0.048083 88.617842
0.052229 0.001722 0.998633 15.454910 0.043222 0.999058 -0.003984 -1.043009 -0.997700 0.043371 0.052105 88.662668
0.056512 -0.000058 0.998402 16.253613 0.039973 0.999198 -0.002205 -1.054493 -0.997602 0.040034 0.056469 88.716324
0.060966 -0.001339 0.998139 17.062033 0.039004 0.999238 -0.001042 -1.062716 -0.997378 0.038995 0.060972 88.779074
0.064866 0.000156 0.997894 17.870099 0.036509 0.999330 -0.002530 -1.076624 -0.997226 0.036596 0.064816 88.835963
0.066939 0.004637 0.997746 18.693330 0.033636 0.999410 -0.006902 -1.096620 -0.997190 0.034022 0.066744 88.895026
0.067654 0.009446 0.997664 19.524842 0.029732 0.999492 -0.011480 -1.110890 -0.997266 0.030439 0.067339 88.969365
0.068094 0.011581 0.997612 20.344442 0.025371 0.999589 -0.013336 -1.129830 -0.997356 0.026218 0.067772 89.034811
0.068106 0.010027 0.997628 21.173192 0.024186 0.999639 -0.011699 -1.153629 -0.997385 0.024926 0.067839 89.094619
0.068209 0.009038 0.997630 21.991364 0.022417 0.999693 -0.010589 -1.181281 -0.997419 0.023086 0.067985 89.160241
0.068416 0.007217 0.997631 22.810263 0.022721 0.999703 -0.008790 -1.201908 -0.997398 0.023268 0.068232 89.224809
0.068528 0.006922 0.997625 23.639003 0.019686 0.999772 -0.008289 -1.223989 -0.997455 0.020207 0.068376 89.282113
0.069088 0.007058 0.997585 24.456114 0.018438 0.999795 -0.008351 -1.248535 -0.997440 0.018971 0.068943 89.346981
0.068845 0.008036 0.997595 25.273931 0.015943 0.999831 -0.009154 -1.272976 -0.997500 0.016535 0.068705 89.411458
0.067341 0.008641 0.997692 26.087797 0.012584 0.999876 -0.009509 -1.294281 -0.997651 0.013196 0.067224 89.477558
0.064109 0.008267 0.997909 26.894534 0.009962 0.999911 -0.008923 -1.319582 -0.997893 0.010513 0.064021 89.539153
0.059595 0.006444 0.998202 27.701671 0.007073 0.999951 -0.006878 -1.340229 -0.998198 0.007470 0.059546 89.593002
0.054218 0.003468 0.998523 28.528340 0.004093 0.999985 -0.003695 -1.359756 -0.998521 0.004287 0.054203 89.644434
0.047597 0.002349 0.998864 29.346891 0.002431 0.999994 -0.002467 -1.382269 -0.998864 0.002545 0.047591 89.695224
0.039747 0.002505 0.999206 30.154123 0.002901 0.999992 -0.002623 -1.405076 -0.999206 0.003003 0.039740 89.736661
0.030375 0.003154 0.999533 30.949475 0.003753 0.999988 -0.003269 -1.420913 -0.999532 0.003851 0.030363 89.760537
0.020732 0.003082 0.999780 31.752270 0.003366 0.999989 -0.003153 -1.436255 -0.999780 0.003431 0.020721 89.773807
0.009887 0.002040 0.999949 32.553993 0.003825 0.999991 -0.002078 -1.456114 -0.999944 0.003845 0.009879 89.788215
-0.001111 0.001098 0.999999 33.360062 0.002235 0.999997 -0.001095 -1.475608 -0.999997 0.002234 -0.001113 89.790489
-0.012185 0.000366 0.999926 34.148436 0.004510 0.999990 -0.000311 -1.492427 -0.999916 0.004506 -0.012186 89.777968
-0.023203 0.000618 0.999730 34.929834 0.004762 0.999989 -0.000507 -1.509326 -0.999720 0.004748 -0.023205 89.761190
-0.034063 0.001385 0.999419 35.699835 0.003572 0.999993 -0.001264 -1.526321 -0.999413 0.003527 -0.034068 89.733757
-0.044330 0.002561 0.999013 36.483131 0.003934 0.999989 -0.002388 -1.545858 -0.999009 0.003825 -0.044339 89.701153
-0.054506 0.003327 0.998508 37.250906 0.004870 0.999983 -0.003066 -1.562682 -0.998502 0.004695 -0.054521 89.659999
-0.063525 0.004055 0.997972 37.998509 0.005753 0.999977 -0.003697 -1.584763 -0.997964 0.005506 -0.063547 89.618192
-0.072907 0.004218 0.997330 38.746531 0.005324 0.999978 -0.003840 -1.600815 -0.997325 0.005030 -0.072928 89.559581
-0.082291 0.004182 0.996599 39.491638 0.007457 0.999966 -0.003581 -1.618953 -0.996581 0.007136 -0.082320 89.489149
-0.090622 0.003458 0.995879 40.238223 0.009504 0.999951 -0.002607 -1.636592 -0.995840 0.009228 -0.090650 89.426989
-0.097027 0.001963 0.995280 40.979501 0.011833 0.999930 -0.000818 -1.650784 -0.995212 0.011698 -0.097043 89.352497
-0.102129 0.000489 0.994771 41.696567 0.014676 0.999892 0.001016 -1.671622 -0.994663 0.014703 -0.102125 89.274077
-0.105290 -0.001021 0.994441 42.407615 0.018244 0.999829 0.002958 -1.690372 -0.994274 0.018454 -0.105253 89.194569
-0.107573 -0.001886 0.994195 43.094436 0.020953 0.999772 0.004164 -1.703785 -0.993977 0.021279 -0.107509 89.117299
-0.108768 -0.002240 0.994064 43.768190 0.020202 0.999786 0.004464 -1.714830 -0.993862 0.020567 -0.108700 89.047468
-0.109035 -0.001836 0.994036 44.436004 0.021455 0.999761 0.004200 -1.725687 -0.993807 0.021785 -0.108969 88.974393
-0.107245 -0.000707 0.994232 45.093124 0.021750 0.999759 0.003057 -1.739118 -0.993995 0.021953 -0.107203 88.904042
-0.103104 0.000116 0.994670 45.725289 0.022535 0.999744 0.002219 -1.752507 -0.994415 0.022644 -0.103080 88.844126
-0.096703 0.000692 0.995313 46.345479 0.022578 0.999744 0.001499 -1.761874 -0.995057 0.022617 -0.096694 88.790151
-0.087615 0.001421 0.996153 46.942819 0.021528 0.999768 0.000467 -1.779082 -0.995922 0.021486 -0.087625 88.746064
-0.075976 0.001354 0.997109 47.514560 0.021103 0.999777 0.000250 -1.793878 -0.996887 0.021061 -0.075987 88.702944
-0.060510 0.002136 0.998165 48.070494 0.020693 0.999785 -0.000885 -1.812102 -0.997953 0.020601 -0.060541 88.685971
-0.041365 0.003605 0.999137 48.608016 0.019797 0.999800 -0.002788 -1.825114 -0.998948 0.019665 -0.041429 88.678857
-0.018525 0.006252 0.999809 49.137755 0.017299 0.999833 -0.005932 -1.838022 -0.999679 0.017186 -0.018630 88.684994
0.007732 0.008834 0.999931 49.674195 0.015915 0.999833 -0.008956 -1.853057 -0.999844 0.015984 0.007590 88.712183
0.037927 0.010231 0.999228 50.213229 0.014321 0.999839 -0.010780 -1.867388 -0.999178 0.014719 0.037775 88.747823
0.073392 0.009852 0.997254 50.727000 0.010934 0.999883 -0.010683 -1.880877 -0.997243 0.011688 0.073275 88.816961
0.113408 0.006918 0.993524 51.235629 0.010795 0.999908 -0.008194 -1.891915 -0.993490 0.011655 0.113323 88.903133
0.156362 0.003422 0.987694 51.725002 0.008865 0.999949 -0.004867 -1.907931 -0.987660 0.009517 0.156324 89.013062
0.202989 -0.001566 0.979179 52.208180 0.005349 0.999986 0.000491 -1.919922 -0.979166 0.005138 0.202995 89.155357
0.251013 -0.003937 0.967976 52.699294 0.002075 0.999992 0.003530 -1.930396 -0.967982 0.001123 0.251019 89.310997
0.304169 -0.004344 0.952608 53.171364 -0.001223 0.999987 0.004951 -1.936664 -0.952617 -0.002671 0.304160 89.501099
0.360022 -0.004894 0.932931 53.620672 -0.000393 0.999985 0.005397 -1.941698 -0.932944 -0.002309 0.360015 89.718917
0.420154 -0.003119 0.907447 54.047485 0.002273 0.999995 0.002385 -1.953314 -0.907450 0.001061 0.420159 89.965540
0.480391 0.000961 0.877054 54.454326 0.003576 0.999989 -0.003054 -1.963867 -0.877047 0.004603 0.480383 90.225382
0.538508 0.004989 0.842606 54.827998 0.004978 0.999946 -0.009102 -1.973988 -0.842606 0.009096 0.538454 90.513112
0.595391 0.009285 0.803382 55.177950 0.001217 0.999922 -0.012458 -1.983415 -0.803435 0.008395 0.595333 90.820314
0.650024 0.011533 0.759826 55.507441 -0.001299 0.999900 -0.014065 -1.991040 -0.759913 0.008155 0.649974 91.163071
0.701160 0.011639 0.712909 55.807787 -0.001447 0.999888 -0.014901 -2.000686 -0.713003 0.009417 0.701098 91.530230
0.747205 0.008057 0.664545 56.099882 0.000329 0.999922 -0.012494 -2.011433 -0.664594 0.009554 0.747144 91.904988
0.790502 0.006116 0.612429 56.350465 -0.001914 0.999970 -0.007516 -2.023979 -0.612457 0.004769 0.790490 92.295963
0.828791 0.000837 0.559558 56.586259 -0.000836 1.000000 -0.000258 -2.030099 -0.559558 -0.000254 0.828791 92.715934
0.862450 -0.000405 0.506142 56.781959 -0.002923 0.999979 0.005780 -2.034866 -0.506134 -0.006464 0.862431 93.154348
0.890673 -0.004036 0.454627 56.953677 -0.001925 0.999918 0.012647 -2.038750 -0.454641 -0.012139 0.890592 93.588348
0.914835 -0.001998 0.403823 57.108161 -0.005235 0.999845 0.016805 -2.047372 -0.403795 -0.017488 0.914683 94.030460
0.932727 0.001312 0.360581 57.251673 -0.009285 0.999749 0.020379 -2.049680 -0.360464 -0.022357 0.932505 94.486898
0.946556 0.007234 0.322459 57.361419 -0.014814 0.999668 0.021060 -2.046487 -0.322200 -0.024711 0.946349 94.950944
0.957419 0.013111 0.288406 57.460383 -0.019673 0.999609 0.019868 -2.039267 -0.288032 -0.024696 0.957302 95.426615
0.965420 0.010087 0.260504 57.566387 -0.015884 0.999671 0.020158 -2.032717 -0.260215 -0.023599 0.965262 95.898215
0.970365 0.005769 0.241576 57.681887 -0.011075 0.999726 0.020611 -2.030608 -0.241391 -0.022675 0.970163 96.377978
0.973689 0.003633 0.227853 57.790193 -0.008684 0.999738 0.021168 -2.033602 -0.227716 -0.022590 0.973465 96.860037
0.976355 0.009504 0.215965 57.882223 -0.014315 0.999683 0.020725 -2.030362 -0.215700 -0.023326 0.976181 97.360772
0.978051 0.014170 0.207882 57.970129 -0.018939 0.999601 0.020965 -2.023822 -0.207502 -0.024442 0.977929 97.870041
0.978787 0.023445 0.203535 58.058377 -0.027716 0.999451 0.018159 -2.015158 -0.202997 -0.023415 0.978899 98.399130
0.979036 0.027671 0.201800 58.148976 -0.031391 0.999391 0.015256 -2.016176 -0.201255 -0.021271 0.979308 98.915597
0.978863 0.026840 0.202749 58.264498 -0.030142 0.999458 0.013215 -2.022320 -0.202285 -0.019047 0.979142 99.434955
0.978159 0.024614 0.206394 58.395842 -0.026866 0.999606 0.008114 -2.024581 -0.206113 -0.013481 0.978435 99.968560
0.977223 0.023933 0.210862 58.517729 -0.024678 0.999695 0.000901 -2.020960 -0.210777 -0.006085 0.977515 100.524795
0.976259 0.026124 0.215025 58.639666 -0.026582 0.999646 -0.000762 -2.018853 -0.214969 -0.004972 0.976608 101.103812
0.974977 0.030870 0.220151 58.764295 -0.032029 0.999486 0.001695 -2.023836 -0.219985 -0.008704 0.975464 101.696989
0.973776 0.032839 0.225126 58.889574 -0.035107 0.999365 0.006077 -2.025698 -0.224784 -0.013821 0.974311 102.305461
0.972852 0.028299 0.229690 59.038283 -0.031662 0.999438 0.010970 -2.029775 -0.229250 -0.017945 0.973202 102.920033
0.971998 0.024379 0.233720 59.195605 -0.029141 0.999432 0.016944 -2.027745 -0.233174 -0.023281 0.972156 103.540323
0.971246 0.022041 0.237057 59.350785 -0.027713 0.999403 0.020621 -2.031937 -0.236461 -0.026598 0.971277 104.174707
0.970676 0.015703 0.239876 59.513232 -0.021160 0.999572 0.020188 -2.026996 -0.239457 -0.024672 0.970594 104.814790
0.970878 0.012560 0.239245 59.673337 -0.016823 0.999734 0.015784 -2.029172 -0.238983 -0.019349 0.970831 105.454116
0.970826 0.014621 0.239338 59.830664 -0.016725 0.999837 0.006764 -2.034065 -0.239200 -0.010570 0.970913 106.101350
0.971057 0.016172 0.238298 59.995605 -0.017205 0.999849 0.002255 -2.030008 -0.238226 -0.006290 0.971189 106.775393
0.971655 0.017831 0.235731 60.157518 -0.018716 0.999824 0.001514 -2.027465 -0.235663 -0.005883 0.971817 107.460524
0.972268 0.015401 0.233360 60.318909 -0.017812 0.999808 0.008228 -2.028480 -0.233189 -0.012156 0.972356 108.161631
0.972784 0.011732 0.231416 60.487712 -0.015879 0.999745 0.016063 -2.033159 -0.231168 -0.019301 0.972722 108.872957
0.973191 0.013365 0.229608 60.654812 -0.018212 0.999654 0.019001 -2.038663 -0.229275 -0.022673 0.973098 109.597968
0.973533 0.015784 0.227999 60.821221 -0.020021 0.999667 0.016284 -2.046450 -0.227666 -0.020418 0.973525 110.339682
0.974203 0.019856 0.224796 60.973241 -0.022982 0.999672 0.011296 -2.045638 -0.224498 -0.016171 0.974340 111.082099
0.975242 0.020941 0.220145 61.146693 -0.022923 0.999716 0.006454 -2.041923 -0.219947 -0.011341 0.975446 111.839010
0.975993 0.019569 0.216922 61.318458 -0.021380 0.999753 0.006007 -2.036114 -0.216751 -0.010501 0.976170 112.607120
0.977054 0.016891 0.212321 61.483200 -0.018968 0.999790 0.007748 -2.039159 -0.212145 -0.011597 0.977169 113.381651
0.977606 0.014303 0.209957 61.649211 -0.016865 0.999804 0.010413 -2.044378 -0.209767 -0.013721 0.977655 114.173774
0.977965 0.012392 0.208401 61.820649 -0.015299 0.999807 0.012344 -2.050521 -0.208207 -0.015260 0.977966 114.973248
0.978289 0.008193 0.207081 61.991959 -0.011366 0.999835 0.014136 -2.050041 -0.206931 -0.016182 0.978222 115.781548
0.978234 0.004901 0.207448 62.172679 -0.008391 0.999838 0.015944 -2.050354 -0.207336 -0.017337 0.978116 116.593286
0.978237 0.007043 0.207371 62.340403 -0.010717 0.999805 0.016599 -2.049825 -0.207213 -0.018461 0.978122 117.408378
0.978047 0.012722 0.207997 62.502719 -0.015958 0.999776 0.013887 -2.053516 -0.207773 -0.016901 0.978031 118.226653
0.977825 0.016796 0.208748 62.658232 -0.019592 0.999744 0.011330 -2.052732 -0.208504 -0.015169 0.977904 119.040419
0.977256 0.027674 0.210249 62.823141 -0.030576 0.999477 0.010564 -2.051923 -0.209846 -0.016753 0.977591 119.867525
0.976147 0.033260 0.214549 62.997424 -0.036771 0.999247 0.012395 -2.055280 -0.213975 -0.019988 0.976635 120.709182
0.975646 0.035241 0.216502 63.167618 -0.039020 0.999151 0.013202 -2.057125 -0.215853 -0.021328 0.976193 121.545200
0.975112 0.034822 0.218960 63.346376 -0.038252 0.999203 0.011445 -2.060223 -0.218387 -0.019536 0.975667 122.396613
0.975027 0.029094 0.220173 63.531414 -0.032269 0.999420 0.010836 -2.064747 -0.219730 -0.017670 0.975401 123.236032
0.975079 0.024579 0.220493 63.736285 -0.027498 0.999570 0.010177 -2.075510 -0.220148 -0.015987 0.975335 124.081874
0.975067 0.015239 0.221388 63.937365 -0.018132 0.999775 0.011044 -2.083316 -0.221170 -0.014783 0.975123 124.903408
0.974706 0.017146 0.222832 64.134343 -0.020108 0.999737 0.011026 -2.092948 -0.222584 -0.015228 0.974795 125.740851
0.974206 0.021466 0.224639 64.309597 -0.025447 0.999566 0.014839 -2.094574 -0.224223 -0.020173 0.974329 126.572867
0.973992 0.023191 0.225393 64.493647 -0.028851 0.999345 0.021853 -2.091186 -0.224739 -0.027787 0.974023 127.418470
0.973603 0.027502 0.226584 64.682271 -0.033412 0.999193 0.022287 -2.096348 -0.225789 -0.029269 0.973736 128.267273
0.973265 0.025453 0.228269 64.870126 -0.028839 0.999518 0.011507 -2.102943 -0.227866 -0.017782 0.973530 129.089087
0.973696 0.019259 0.227037 65.063409 -0.018954 0.999814 -0.003522 -2.107864 -0.227063 -0.000874 0.973880 129.889662
0.974035 0.016979 0.225760 65.260126 -0.016293 0.999855 -0.004904 -2.120125 -0.225811 0.001098 0.974171 130.697247
0.974191 0.013093 0.225347 65.450213 -0.016082 0.999805 0.011436 -2.121377 -0.225153 -0.014765 0.974211 131.532098
0.974641 0.005192 0.223713 65.639660 -0.012964 0.999362 0.033286 -2.131752 -0.223398 -0.035342 0.974086 132.390242
0.974641 0.006569 0.223676 65.838173 -0.015775 0.999099 0.039392 -2.139119 -0.223216 -0.041922 0.973867 133.246836
0.974682 0.012673 0.223236 66.010551 -0.019064 0.999467 0.026500 -2.125957 -0.222781 -0.030085 0.974404 134.051207
0.975100 0.019784 0.220880 66.169876 -0.023283 0.999641 0.013248 -2.118187 -0.220539 -0.018061 0.975211 134.841713
0.975472 0.016268 0.219522 66.344582 -0.018610 0.999790 0.008605 -2.108917 -0.219336 -0.012480 0.975570 135.648353
0.975944 0.014724 0.217524 66.531028 -0.017264 0.999803 0.009779 -2.119665 -0.217337 -0.013299 0.976006 136.464074
0.976611 0.014482 0.214527 66.709486 -0.017285 0.999788 0.011196 -2.132862 -0.214319 -0.014642 0.976654 137.274088
0.977695 0.013550 0.209590 66.874852 -0.015913 0.999827 0.009589 -2.136916 -0.209424 -0.012710 0.977742 138.074916
0.978643 0.014057 0.205086 67.039284 -0.016103 0.999836 0.008311 -2.148264 -0.204936 -0.011436 0.978709 138.882046
0.978926 0.021350 0.203098 67.194578 -0.023420 0.999695 0.007791 -2.163628 -0.202870 -0.012383 0.979127 139.718722
0.979198 0.025395 0.201310 67.339228 -0.027691 0.999580 0.008598 -2.163460 -0.201007 -0.013994 0.979490 140.543824
0.979576 0.027177 0.199229 67.485863 -0.030264 0.999464 0.012467 -2.166602 -0.198783 -0.018242 0.979874 141.350050
0.979842 0.024950 0.198209 67.650290 -0.028602 0.999469 0.015586 -2.171800 -0.197715 -0.020941 0.980036 142.145039
0.980408 0.021677 0.195781 67.805649 -0.025004 0.999582 0.014543 -2.185490 -0.195384 -0.019153 0.980540 142.933743
0.981052 0.017220 0.192979 67.962082 -0.019767 0.999741 0.011278 -2.192906 -0.192735 -0.014878 0.981138 143.729603
0.982043 0.012905 0.188216 68.124303 -0.014680 0.999860 0.008040 -2.196831 -0.188086 -0.010659 0.982095 144.518697
0.983351 0.012356 0.181297 68.269844 -0.014233 0.999858 0.009053 -2.198981 -0.181159 -0.011483 0.983387 145.308639
0.984522 0.010544 0.174943 68.401235 -0.013692 0.999765 0.016797 -2.196375 -0.174725 -0.018932 0.984435 146.103647
0.985517 0.005374 0.169491 68.524678 -0.010034 0.999594 0.026650 -2.203972 -0.169279 -0.027964 0.985171 146.906439
0.986177 0.009660 0.165413 68.657360 -0.015479 0.999304 0.033926 -2.198617 -0.164970 -0.036017 0.985641 147.709329
0.986703 0.013921 0.161937 68.776376 -0.019472 0.999274 0.032741 -2.198688 -0.161364 -0.035459 0.986258 148.503815
0.987643 0.016088 0.155893 68.883896 -0.020091 0.999507 0.024133 -2.193807 -0.155428 -0.026967 0.987479 149.295885
0.988769 0.014594 0.148735 68.997701 -0.017011 0.999743 0.014994 -2.190854 -0.148478 -0.017355 0.988763 150.083168
0.989672 0.010905 0.142934 69.116678 -0.012931 0.999829 0.013253 -2.173922 -0.142765 -0.014965 0.989643 150.873056
0.990709 0.013390 0.135336 69.217208 -0.015700 0.999749 0.016011 -2.175441 -0.135087 -0.017987 0.990670 151.674559
0.991559 0.021067 0.127934 69.302593 -0.023561 0.999560 0.018011 -2.181437 -0.127498 -0.020873 0.991619 152.491198
0.992556 0.026636 0.118844 69.378174 -0.028533 0.999491 0.014285 -2.181424 -0.118403 -0.017570 0.992810 153.309450
0.993694 0.026025 0.109061 69.460147 -0.027302 0.999575 0.010235 -2.177713 -0.108748 -0.013148 0.993982 154.131218
0.994624 0.024806 0.100533 69.540622 -0.025889 0.999620 0.009475 -2.178290 -0.100260 -0.012027 0.994889 154.948956
0.995286 0.026816 0.093202 69.611064 -0.028217 0.999507 0.013751 -2.180351 -0.092787 -0.016316 0.995552 155.775299
0.995944 0.028754 0.085256 69.667496 -0.030743 0.999283 0.022106 -2.182875 -0.084560 -0.024637 0.996114 156.605910
0.996490 0.033506 0.076708 69.712267 -0.035534 0.999050 0.025221 -2.179019 -0.075790 -0.027858 0.996735 157.427870
0.997059 0.031434 0.069891 69.760429 -0.033485 0.999037 0.028369 -2.174519 -0.068932 -0.030626 0.997151 158.259478
0.997401 0.032200 0.064462 69.808783 -0.034165 0.998977 0.029616 -2.167320 -0.063442 -0.031742 0.997481 159.085260
0.997667 0.031358 0.060648 69.854365 -0.033044 0.999089 0.027004 -2.161522 -0.059746 -0.028945 0.997794 159.903315
0.997693 0.038151 0.056161 69.883265 -0.039368 0.999010 0.020738 -2.155607 -0.055314 -0.022902 0.998206 160.717420
0.997673 0.042976 0.052936 69.906906 -0.043863 0.998914 0.015722 -2.152505 -0.052203 -0.018007 0.998474 161.529625
0.997875 0.042139 0.049694 69.934718 -0.042973 0.998951 0.015835 -2.149055 -0.048974 -0.017937 0.998639 162.356443
0.997829 0.046256 0.046872 69.962505 -0.047431 0.998580 0.024274 -2.144833 -0.045683 -0.026444 0.998606 163.192143
0.997949 0.045716 0.044803 69.989811 -0.047295 0.998273 0.034842 -2.141080 -0.043133 -0.036890 0.998388 164.039371
0.997976 0.049112 0.040389 70.012537 -0.050677 0.997966 0.038684 -2.130202 -0.038407 -0.040653 0.998435 164.882475
0.998582 0.039585 0.035606 70.041631 -0.040698 0.998688 0.031079 -2.120628 -0.034329 -0.032484 0.998883 165.694840
0.999137 0.029741 0.029011 70.076916 -0.030422 0.999265 0.023306 -2.104732 -0.028297 -0.024168 0.999307 166.514694
0.999279 0.030773 0.022250 70.091956 -0.031235 0.999297 0.020713 -2.090616 -0.021597 -0.021393 0.999538 167.309841
0.999298 0.034275 0.015126 70.089975 -0.034660 0.999063 0.025927 -2.086722 -0.014224 -0.026433 0.999549 168.128505
0.999560 0.028837 0.007003 70.085909 -0.029036 0.999123 0.030167 -2.081499 -0.006127 -0.030357 0.999520 168.973505
0.999695 0.024701 0.000477 70.096518 -0.024703 0.999120 0.033895 -2.068678 0.000361 -0.033896 0.999425 169.821812
0.999880 0.014672 -0.005035 70.099343 -0.014476 0.999212 0.036955 -2.046996 0.005574 -0.036878 0.999304 170.662037
0.999859 0.012198 -0.011559 70.087959 -0.011786 0.999317 0.035030 -2.044101 0.011979 -0.034889 0.999319 171.495494
0.999806 0.008113 -0.017938 70.072645 -0.007649 0.999639 0.025771 -2.042694 0.018141 -0.025629 0.999507 172.321755
0.999656 -0.005568 -0.025638 70.054578 0.005976 0.999856 0.015867 -2.027786 0.025546 -0.016015 0.999545 173.150255
0.999413 -0.010462 -0.032620 70.045166 0.011029 0.999790 0.017247 -2.016075 0.032433 -0.017597 0.999319 173.986299
0.999270 -0.003753 -0.038006 70.004673 0.004864 0.999562 0.029184 -2.010966 0.037880 -0.029347 0.998851 174.843688
0.999063 0.006426 -0.042807 69.942013 -0.004675 0.999153 0.040881 -2.000108 0.043033 -0.040642 0.998247 175.709211
0.998790 0.010883 -0.047968 69.871510 -0.008768 0.998989 0.044091 -1.986719 0.048400 -0.043617 0.997875 176.564784
0.998685 0.007576 -0.050713 69.821918 -0.005704 0.999301 0.036947 -1.969708 0.050957 -0.036609 0.998030 177.405723
0.998500 0.013887 -0.052957 69.769565 -0.012521 0.999582 0.026053 -1.959060 0.053297 -0.025351 0.998257 178.237351
0.998215 0.023010 -0.055116 69.703645 -0.021974 0.999572 0.019326 -1.946762 0.055537 -0.018081 0.998293 179.048958
0.998179 0.017680 -0.057670 69.647714 -0.016564 0.999667 0.019764 -1.939365 0.058000 -0.018773 0.998140 179.885299
0.998148 0.012745 -0.059485 69.602915 -0.011214 0.999599 0.025992 -1.943721 0.059793 -0.025277 0.997891 180.747924
0.998185 0.013787 -0.058630 69.557988 -0.011846 0.999375 0.033321 -1.934076 0.059053 -0.032566 0.997724 181.612692
0.998062 0.017000 -0.059864 69.489219 -0.014796 0.999203 0.037081 -1.918558 0.060446 -0.036123 0.997518 182.497117
0.997985 0.014839 -0.061695 69.423230 -0.012762 0.999343 0.033920 -1.907987 0.062158 -0.033064 0.997519 183.352792
0.997897 0.010886 -0.063906 69.366686 -0.009512 0.999718 0.021768 -1.891780 0.064125 -0.021114 0.997718 184.175319
0.997822 -0.001890 -0.065942 69.331663 0.002746 0.999913 0.012885 -1.894457 0.065912 -0.013038 0.997740 185.001975
0.997671 -0.009460 -0.067544 69.290136 0.010360 0.999862 0.012998 -1.888165 0.067412 -0.013668 0.997632 185.839115
0.997667 -0.001724 -0.068246 69.225019 0.003209 0.999760 0.021653 -1.884707 0.068192 -0.021822 0.997434 186.715707
0.997522 0.002787 -0.070303 69.144452 -0.000682 0.999551 0.029944 -1.885025 0.070355 -0.029821 0.997076 187.605511
0.997438 0.000946 -0.071536 69.067130 0.001235 0.999536 0.030441 -1.886284 0.071531 -0.030451 0.996973 188.472909
0.997404 -0.001044 -0.072004 69.008213 0.002831 0.999690 0.024721 -1.882325 0.071956 -0.024860 0.997098 189.322853
0.997419 0.001430 -0.071791 68.941880 0.000062 0.999784 0.020771 -1.871724 0.071805 -0.020721 0.997203 190.163775
0.997307 0.009929 -0.072661 68.861993 -0.008342 0.999721 0.022110 -1.861360 0.072860 -0.021444 0.997112 191.004168
0.997256 0.013070 -0.072865 68.790416 -0.011275 0.999624 0.024993 -1.861248 0.073164 -0.024103 0.997029 191.840125
0.997202 0.015373 -0.073152 68.727591 -0.013322 0.999507 0.028436 -1.864214 0.073553 -0.027382 0.996915 192.666308
0.997095 0.020049 -0.073476 68.657542 -0.017831 0.999369 0.030719 -1.853129 0.074046 -0.029319 0.996824 193.499347
0.997072 0.019858 -0.073850 68.585855 -0.017697 0.999399 0.029804 -1.843640 0.074397 -0.028409 0.996824 194.330105
0.997020 0.019631 -0.074609 68.518314 -0.017828 0.999534 0.024764 -1.844557 0.075060 -0.023360 0.996905 195.160718
0.996923 0.019599 -0.075899 68.441970 -0.018080 0.999623 0.020650 -1.838234 0.076275 -0.019214 0.996902 195.960622
0.996701 0.023364 -0.077722 68.370893 -0.021452 0.999448 0.025354 -1.828613 0.078271 -0.023604 0.996653 196.760936
0.996614 0.021312 -0.079416 68.305748 -0.018423 0.999148 0.036938 -1.814149 0.080135 -0.035350 0.996157 197.562227
0.996509 0.020361 -0.080969 68.236478 -0.016894 0.998920 0.043281 -1.813364 0.081763 -0.041762 0.995777 198.347937
0.996581 0.011125 -0.081875 68.183479 -0.007835 0.999153 0.040396 -1.806617 0.082255 -0.039616 0.995824 199.121504
